version 2
run General-18-20150311-18:59:41-28973
attr D prob_cache
attr F spr
attr R lru
attr a 0.9
attr configname General
attr datetime 20150311-18:59:41
attr experiment General
attr inifile omnetpp.ini
attr iterationvars "$net=abilene, $rep=0, $a=0.9, $F=spr, $ttl=1000, $D=prob_cache, $R=lru"
attr iterationvars2 "$net=abilene, $rep=0, $a=0.9, $F=spr, $ttl=1000, $D=prob_cache, $R=lru, $repetition=0"
attr measurement "$net=abilene, $rep=0, $a=0.9, $F=spr, $ttl=1000, $D=prob_cache, $R=lru"
attr net abilene
attr network networks.${net=abilene}_network
attr processid 28973
attr rep 0
attr repetition 0
attr replication #0
attr resultdir results
attr runnumber 18
attr seedset 0
attr ttl 1000

vector 0  abilene_network.node[0].content_store  hit_node[0]  ETV
0	559358	1	1
0	559358	2	1
0	559358	3	1
0	559358	4	1
0	559358	5	1
0	559358	6	1
0	559358	7	1
0	559358	8	1
0	559358	9	0.92857142857143
0	559358	10	1
0	559358	11	1
0	559358	12	1
0	559358	13	0.85714285714286
0	559358	14	1
0	559358	15	1
0	559358	16	1
0	559358	17	0.8
0	559358	18	0
0	559358	19	0.38461538461538
0	559358	20	1
0	559358	21	1
0	559358	22	1
0	559358	23	0.66666666666667
0	559358	24	0.875
0	559358	25	1
0	559358	26	1
0	559358	27	1
0	559358	28	0.66666666666667
0	559358	29	1
0	559358	30	0.33333333333333
0	559358	31	0.16666666666667
0	559358	32	1
0	559358	33	1
0	559358	34	0.6
0	559358	35	0.5
0	559358	36	0
0	559358	37	0
0	559358	38	0.6
0	559358	39	1
0	559358	40	0.2
0	559358	41	0
0	559358	42	0
0	559358	43	0.75
0	559358	44	0
0	559358	45	0
0	559358	46	0.66666666666667
0	559358	47	0
0	559358	48	0
0	559358	49	0
0	559358	50	0
0	559358	51	0
0	559358	52	0.5
0	559358	53	0.5
0	559358	54	0
0	559358	55	0
0	559358	56	0
0	559358	57	0.33333333333333
0	559358	58	0.875
0	559358	59	0
0	559358	60	0.5
0	559358	61	0
0	559358	62	0.8
0	559358	63	1
0	559358	64	0
0	559358	65	0.33333333333333
0	559358	66	0
0	559358	67	0.5
0	559358	68	0
0	559358	69	0
0	559358	70	0
0	559358	71	0
0	559358	72	0
0	559358	73	1
0	559358	74	1
0	559358	75	0
0	559358	76	0
0	559358	77	0.16666666666667
0	559358	78	0
0	559358	79	-nan
0	559358	80	0
0	559358	81	0
0	559358	82	0
0	559358	83	-nan
0	559358	84	0
0	559358	85	0
0	559358	86	1
0	559358	87	0
0	559358	88	0
0	559358	89	0
0	559358	90	0
0	559358	91	0
0	559358	92	0
0	559358	93	0
0	559358	94	-nan
0	559358	95	0.66666666666667
0	559358	96	0
0	559358	97	0
0	559358	98	0
0	559358	99	0
0	559358	100	0
0	559358	101	0
0	559358	102	-nan
0	559358	103	0
0	559358	104	-nan
0	559358	105	0
0	559358	106	0
0	559358	107	0
0	559358	108	0
0	559358	109	0
0	559358	110	0
0	559358	111	1
0	559358	112	0
0	559358	113	0
0	559358	114	-nan
0	559358	115	0.75
0	559358	116	0
0	559358	117	0
0	559358	118	0
0	559358	119	0.66666666666667
0	559358	120	0
0	559358	121	-nan
0	559358	122	0
0	559358	123	0
0	559358	124	0
0	559358	125	0
0	559358	126	0
0	559358	127	0.33333333333333
0	559358	128	0
0	559358	129	0
0	559358	130	0
0	559358	131	0
0	559358	132	0
0	559358	133	0
0	559358	134	0
0	559358	135	0
0	559358	136	0
0	559358	137	-nan
0	559358	138	0
0	559358	139	0
0	559358	140	0
0	559358	141	0
0	559358	142	0
0	559358	143	0
0	559358	144	-nan
0	559358	145	0
0	559358	146	-nan
0	559358	147	-nan
0	559358	148	0
0	559358	149	0
0	559358	150	0
0	559358	151	0
0	559358	152	-nan
0	559358	153	0
0	559358	154	0
0	559358	155	0
0	559358	156	0
0	559358	157	0
0	559358	158	0
0	559358	159	-nan
0	559358	160	0
0	559358	161	0
0	559358	162	0
0	559358	163	1
0	559358	164	0
0	559358	165	0
0	559358	166	-nan
0	559358	167	0
0	559358	168	0
0	559358	169	0.2
0	559358	170	0
0	559358	171	0
0	559358	172	0
0	559358	173	-nan
0	559358	174	0
0	559358	175	0
0	559358	176	0
0	559358	177	0
0	559358	178	0
0	559358	179	-nan
0	559358	180	-nan
0	559358	181	0
0	559358	182	0
0	559358	183	0
0	559358	184	0
0	559358	185	0
0	559358	186	-nan
0	559358	187	0
0	559358	188	0
0	559358	189	-nan
0	559358	190	0
0	559358	191	-nan
0	559358	192	0
0	559358	193	-nan
0	559358	194	0
0	559358	195	0
0	559358	196	-nan
0	559358	197	0
0	559358	198	0
0	559358	199	-nan
0	559358	200	0
0	559358	201	0
0	559358	202	0
0	559358	203	0
0	559358	204	0
0	559358	205	0
0	559358	206	-nan
0	559358	207	-nan
0	559358	208	0
0	559358	209	0
0	559358	210	-nan
0	559358	211	0
0	559358	212	-nan
0	559358	213	0
0	559358	214	-nan
0	559358	215	0
0	559358	216	-nan
0	559358	217	-nan
0	559358	218	0
0	559358	219	0
0	559358	220	0
0	559358	221	0
0	559358	222	-nan
0	559358	223	0
0	559358	224	-nan
0	559358	225	0
0	559358	226	0
0	559358	227	-nan
0	559358	228	0
0	559358	229	0
0	559358	230	0
0	559358	231	-nan
0	559358	232	0
0	559358	233	-nan
0	559358	234	0.66666666666667
0	559358	235	0
0	559358	236	-nan
0	559358	237	-nan
0	559358	238	0
vector 1  abilene_network.node[1].content_store  hit_node[1]  ETV
1	559358	1	1
1	559358	2	1
1	559358	3	1
1	559358	4	1
1	559358	5	0.75
1	559358	6	1
1	559358	7	0.28571428571429
1	559358	8	0.64285714285714
1	559358	9	0.84210526315789
1	559358	10	0.72222222222222
1	559358	11	0.73684210526316
1	559358	12	0.77777777777778
1	559358	13	0
1	559358	14	0.42857142857143
1	559358	15	0.5
1	559358	16	0
1	559358	17	0.1875
1	559358	18	0.27777777777778
1	559358	19	0.76190476190476
1	559358	20	0.19047619047619
1	559358	21	0.61538461538462
1	559358	22	0.66666666666667
1	559358	23	0.45454545454545
1	559358	24	0.4375
1	559358	25	0
1	559358	26	0.2
1	559358	27	0.11111111111111
1	559358	28	0
1	559358	29	0.30769230769231
1	559358	30	0.33333333333333
1	559358	31	0.6
1	559358	32	0
1	559358	33	0
1	559358	34	0.18181818181818
1	559358	35	0.81818181818182
1	559358	36	0
1	559358	37	0.33333333333333
1	559358	38	0.76923076923077
1	559358	39	0
1	559358	40	0.4
1	559358	41	0
1	559358	42	0.3
1	559358	43	0.6
1	559358	44	0.44444444444444
1	559358	45	0.5
1	559358	46	0.25
1	559358	47	0.125
1	559358	48	0.2
1	559358	49	0.375
1	559358	50	0
1	559358	51	0.5
1	559358	52	0.75
1	559358	53	0.5
1	559358	54	0
1	559358	55	0.28571428571429
1	559358	56	0.28571428571429
1	559358	57	0.77777777777778
1	559358	58	0.25
1	559358	59	0
1	559358	60	0.16666666666667
1	559358	61	0.22222222222222
1	559358	62	0.5
1	559358	63	0
1	559358	64	0
1	559358	65	0.2
1	559358	66	0.25
1	559358	67	0
1	559358	68	0
1	559358	69	0.33333333333333
1	559358	70	0.5
1	559358	71	0
1	559358	72	0
1	559358	73	0
1	559358	74	0
1	559358	75	0.45454545454545
1	559358	76	0.5
1	559358	77	0.33333333333333
1	559358	78	0.375
1	559358	79	0
1	559358	80	0
1	559358	81	0.11111111111111
1	559358	82	0.5
1	559358	83	0.2
1	559358	84	0
1	559358	85	0
1	559358	86	0
1	559358	87	0.14285714285714
1	559358	88	0.11111111111111
1	559358	89	0
1	559358	90	0
1	559358	91	0
1	559358	92	0
1	559358	93	0.28571428571429
1	559358	94	0
1	559358	95	0
1	559358	96	0.4
1	559358	97	0.14285714285714
1	559358	98	0.28571428571429
1	559358	99	0
1	559358	100	0.22222222222222
1	559358	101	0
1	559358	102	0
1	559358	103	0
1	559358	104	0
1	559358	105	0
1	559358	106	0
1	559358	107	0
1	559358	108	0.42857142857143
1	559358	109	0.45454545454545
1	559358	110	0.2
1	559358	111	0
1	559358	112	0.16666666666667
1	559358	113	0
1	559358	114	0
1	559358	115	0
1	559358	116	0
1	559358	117	0
1	559358	118	0
1	559358	119	0
1	559358	120	0
1	559358	121	0
1	559358	122	0
1	559358	123	0
1	559358	124	0
1	559358	125	0
1	559358	126	0
1	559358	127	0
1	559358	128	0
1	559358	129	0
1	559358	130	0
1	559358	131	0.2
1	559358	132	0
1	559358	133	0
1	559358	134	0.4
1	559358	135	0
1	559358	136	0.25
1	559358	137	0
1	559358	138	0
1	559358	139	0
1	559358	140	0
1	559358	141	0
1	559358	142	0
1	559358	143	0.2
1	559358	144	0
1	559358	145	0
1	559358	146	0
1	559358	147	0
1	559358	148	0
1	559358	149	0.2
1	559358	150	0
1	559358	151	0
1	559358	152	0.25
1	559358	153	0
1	559358	154	0
1	559358	155	0
1	559358	156	0
1	559358	157	0
1	559358	158	0
1	559358	159	0
1	559358	160	0
1	559358	161	0.2
1	559358	162	0
1	559358	163	0
1	559358	164	0
1	559358	165	0.71428571428571
1	559358	166	0
1	559358	167	0
1	559358	168	0.4
1	559358	169	0
1	559358	170	0
1	559358	171	0.25
1	559358	172	0
1	559358	173	-nan
1	559358	174	0
1	559358	175	0
1	559358	176	0
1	559358	177	0
1	559358	178	0
1	559358	179	0
1	559358	180	0
1	559358	181	0
1	559358	182	0
1	559358	183	0
1	559358	184	0
1	559358	185	0
1	559358	186	0
1	559358	187	0
1	559358	188	0
1	559358	189	0
1	559358	190	0
1	559358	191	0
1	559358	192	0
1	559358	193	0
1	559358	194	0
1	559358	195	0.5
1	559358	196	0
1	559358	197	0.25
1	559358	198	0
1	559358	199	-nan
1	559358	200	0
1	559358	201	0
1	559358	202	0
1	559358	203	0
1	559358	204	0
1	559358	205	0
1	559358	206	0
1	559358	207	0
1	559358	208	0
1	559358	209	0.25
1	559358	210	-nan
1	559358	211	0
1	559358	212	0
1	559358	213	0
1	559358	214	-nan
1	559358	215	0
1	559358	216	0
1	559358	217	-nan
1	559358	218	0
1	559358	219	0
1	559358	220	0
1	559358	221	0
1	559358	222	0.2
1	559358	223	0
1	559358	224	0
1	559358	225	0
1	559358	226	0
1	559358	227	0
1	559358	228	0
1	559358	229	0
1	559358	230	0
1	559358	231	0.25
1	559358	232	0.5
1	559358	233	0
1	559358	234	0
1	559358	235	0
1	559358	236	0
1	559358	237	0.25
1	559358	238	0
vector 2  abilene_network.node[2].content_store  hit_node[2]  ETV
2	559358	1	1
2	559358	2	1
2	559358	3	0.89189189189189
2	559358	4	0.94285714285714
2	559358	5	0.64516129032258
2	559358	6	0.22222222222222
2	559358	7	0.89189189189189
2	559358	8	0.125
2	559358	9	0.45833333333333
2	559358	10	0.72727272727273
2	559358	11	0.11111111111111
2	559358	12	0.71428571428571
2	559358	13	0.56521739130435
2	559358	14	0.1875
2	559358	15	0.25
2	559358	16	0.25
2	559358	17	0.38095238095238
2	559358	18	0.5
2	559358	19	0.53846153846154
2	559358	20	0.5
2	559358	21	0.15384615384615
2	559358	22	0
2	559358	23	0.64285714285714
2	559358	24	0.33333333333333
2	559358	25	0
2	559358	26	0.84615384615385
2	559358	27	0.125
2	559358	28	0.076923076923077
2	559358	29	0.2
2	559358	30	0.41666666666667
2	559358	31	0
2	559358	32	0.13333333333333
2	559358	33	0
2	559358	34	0
2	559358	35	0
2	559358	36	0.14285714285714
2	559358	37	0
2	559358	38	0
2	559358	39	0
2	559358	40	0.16666666666667
2	559358	41	0.46153846153846
2	559358	42	0.4
2	559358	43	0.4
2	559358	44	0
2	559358	45	0
2	559358	46	0
2	559358	47	0.18181818181818
2	559358	48	0.38461538461538
2	559358	49	0
2	559358	50	0.23076923076923
2	559358	51	0.22222222222222
2	559358	52	0
2	559358	53	0
2	559358	54	0.5625
2	559358	55	0
2	559358	56	0.66666666666667
2	559358	57	0
2	559358	58	0
2	559358	59	0.4
2	559358	60	0.125
2	559358	61	0.38461538461538
2	559358	62	0
2	559358	63	0
2	559358	64	0.33333333333333
2	559358	65	0.33333333333333
2	559358	66	0.4
2	559358	67	0.625
2	559358	68	0.30769230769231
2	559358	69	0
2	559358	70	0
2	559358	71	0.36363636363636
2	559358	72	0
2	559358	73	0
2	559358	74	0
2	559358	75	0.125
2	559358	76	0
2	559358	77	0
2	559358	78	0.125
2	559358	79	0.28571428571429
2	559358	80	0
2	559358	81	0
2	559358	82	0
2	559358	83	0
2	559358	84	0.16666666666667
2	559358	85	0.11111111111111
2	559358	86	0.4
2	559358	87	0
2	559358	88	0.1
2	559358	89	0
2	559358	90	0
2	559358	91	0
2	559358	92	0
2	559358	93	0.25
2	559358	94	0.25
2	559358	95	0.66666666666667
2	559358	96	0.16666666666667
2	559358	97	0
2	559358	98	0
2	559358	99	0
2	559358	100	0
2	559358	101	0
2	559358	102	0
2	559358	103	0.58333333333333
2	559358	104	0.16666666666667
2	559358	105	0
2	559358	106	0
2	559358	107	0.125
2	559358	108	0.33333333333333
2	559358	109	0
2	559358	110	0
2	559358	111	0
2	559358	112	0.16666666666667
2	559358	113	0.375
2	559358	114	0
2	559358	115	0
2	559358	116	0
2	559358	117	0
2	559358	118	0
2	559358	119	0
2	559358	120	0
2	559358	121	0
2	559358	122	0
2	559358	123	0
2	559358	124	0.375
2	559358	125	0
2	559358	126	0
2	559358	127	0.2
2	559358	128	0.2
2	559358	129	0
2	559358	130	0
2	559358	131	0.25
2	559358	132	0.14285714285714
2	559358	133	0
2	559358	134	0
2	559358	135	0
2	559358	136	0.25
2	559358	137	0
2	559358	138	0
2	559358	139	0
2	559358	140	0
2	559358	141	0.57142857142857
2	559358	142	0
2	559358	143	0
2	559358	144	0
2	559358	145	0
2	559358	146	0
2	559358	147	0
2	559358	148	0
2	559358	149	0
2	559358	150	0.16666666666667
2	559358	151	0
2	559358	152	0
2	559358	153	0
2	559358	154	0
2	559358	155	0
2	559358	156	0
2	559358	157	0
2	559358	158	0
2	559358	159	0
2	559358	160	0.33333333333333
2	559358	161	0.25
2	559358	162	0
2	559358	163	0
2	559358	164	0.16666666666667
2	559358	165	0
2	559358	166	0.25
2	559358	167	0.25
2	559358	168	0
2	559358	169	0
2	559358	170	0
2	559358	171	0
2	559358	172	0
2	559358	173	-nan
2	559358	174	0.25
2	559358	175	0
2	559358	176	0.2
2	559358	177	0
2	559358	178	0
2	559358	179	0
2	559358	180	0
2	559358	181	0.33333333333333
2	559358	182	0.16666666666667
2	559358	183	0.25
2	559358	184	0.25
2	559358	185	0
2	559358	186	0
2	559358	187	0.4
2	559358	188	0
2	559358	189	0
2	559358	190	0
2	559358	191	0
2	559358	192	0
2	559358	193	0.5
2	559358	194	0
2	559358	195	0
2	559358	196	0
2	559358	197	0
2	559358	198	0.33333333333333
2	559358	199	0
2	559358	200	0.2
2	559358	201	0
2	559358	202	0
2	559358	203	0
2	559358	204	0
2	559358	205	0
2	559358	206	0
2	559358	207	0
2	559358	208	0.16666666666667
2	559358	209	0
2	559358	210	0
2	559358	211	0
2	559358	212	0
2	559358	213	0
2	559358	214	0
2	559358	215	0.25
2	559358	216	0
2	559358	217	0
2	559358	218	0
2	559358	219	0.33333333333333
2	559358	220	0
2	559358	221	0
2	559358	222	0
2	559358	223	0
2	559358	224	0
2	559358	225	0
2	559358	226	0
2	559358	227	0
2	559358	228	0
2	559358	229	0.28571428571429
2	559358	230	0
2	559358	231	0
2	559358	232	0
2	559358	233	0
2	559358	234	0
2	559358	235	0
2	559358	236	0
2	559358	237	0
2	559358	238	0
vector 3  abilene_network.node[3].content_store  hit_node[3]  ETV
3	559358	1	1
3	559358	2	0.86363636363636
3	559358	3	0.97777777777778
3	559358	4	0.66666666666667
3	559358	5	0.88571428571429
3	559358	6	0.7037037037037
3	559358	7	0.05
3	559358	8	0.44117647058824
3	559358	9	0.24
3	559358	10	0.26086956521739
3	559358	11	0.48
3	559358	12	0.85185185185185
3	559358	13	0.55
3	559358	14	0.55555555555556
3	559358	15	0.47058823529412
3	559358	16	0.5
3	559358	17	0.44444444444444
3	559358	18	0.16666666666667
3	559358	19	0.375
3	559358	20	0.47368421052632
3	559358	21	0.59090909090909
3	559358	22	0.15384615384615
3	559358	23	0.57142857142857
3	559358	24	0.5
3	559358	25	0.42857142857143
3	559358	26	0.090909090909091
3	559358	27	0.21052631578947
3	559358	28	0.4
3	559358	29	0.52941176470588
3	559358	30	0.11111111111111
3	559358	31	0.066666666666667
3	559358	32	0.15789473684211
3	559358	33	0.21428571428571
3	559358	34	0.68181818181818
3	559358	35	0.1
3	559358	36	0.125
3	559358	37	0.26666666666667
3	559358	38	0.3
3	559358	39	0.2
3	559358	40	0.46666666666667
3	559358	41	0.2
3	559358	42	0
3	559358	43	0.3
3	559358	44	0.090909090909091
3	559358	45	0.21428571428571
3	559358	46	0
3	559358	47	0.36363636363636
3	559358	48	0
3	559358	49	0.1
3	559358	50	0.071428571428571
3	559358	51	0.2
3	559358	52	0.4
3	559358	53	0
3	559358	54	0
3	559358	55	0.125
3	559358	56	0.22222222222222
3	559358	57	0.2
3	559358	58	0
3	559358	59	0
3	559358	60	0.25
3	559358	61	0.27272727272727
3	559358	62	0.14285714285714
3	559358	63	0
3	559358	64	0.16666666666667
3	559358	65	0.18181818181818
3	559358	66	0.22222222222222
3	559358	67	0.25
3	559358	68	0.16666666666667
3	559358	69	0.35714285714286
3	559358	70	0.11111111111111
3	559358	71	0.1
3	559358	72	0.5
3	559358	73	0
3	559358	74	0.11111111111111
3	559358	75	0
3	559358	76	0.55555555555556
3	559358	77	0.5
3	559358	78	0.125
3	559358	79	0
3	559358	80	0
3	559358	81	0
3	559358	82	0
3	559358	83	0
3	559358	84	0
3	559358	85	0
3	559358	86	0
3	559358	87	0.14285714285714
3	559358	88	0
3	559358	89	0
3	559358	90	0
3	559358	91	0
3	559358	92	0
3	559358	93	0.25
3	559358	94	0
3	559358	95	0
3	559358	96	0
3	559358	97	0
3	559358	98	0.11111111111111
3	559358	99	0.38461538461538
3	559358	100	0.36363636363636
3	559358	101	0
3	559358	102	0
3	559358	103	0
3	559358	104	0.16666666666667
3	559358	105	0
3	559358	106	0
3	559358	107	0.2
3	559358	108	0
3	559358	109	0
3	559358	110	0
3	559358	111	0
3	559358	112	0.42857142857143
3	559358	113	0
3	559358	114	0.16666666666667
3	559358	115	0.33333333333333
3	559358	116	0.27272727272727
3	559358	117	0.22222222222222
3	559358	118	0.2
3	559358	119	0
3	559358	120	0.44444444444444
3	559358	121	0
3	559358	122	0
3	559358	123	0.14285714285714
3	559358	124	0
3	559358	125	0.41666666666667
3	559358	126	0
3	559358	127	0.33333333333333
3	559358	128	0.125
3	559358	129	0
3	559358	130	0
3	559358	131	0
3	559358	132	0.14285714285714
3	559358	133	0
3	559358	134	0
3	559358	135	0.11111111111111
3	559358	136	0
3	559358	137	0
3	559358	138	0.16666666666667
3	559358	139	0
3	559358	140	0.125
3	559358	141	0
3	559358	142	0.44444444444444
3	559358	143	0
3	559358	144	0.2
3	559358	145	0.2
3	559358	146	0.25
3	559358	147	0
3	559358	148	0
3	559358	149	0
3	559358	150	0
3	559358	151	0
3	559358	152	0
3	559358	153	0
3	559358	154	0.16666666666667
3	559358	155	0
3	559358	156	0
3	559358	157	0
3	559358	158	0
3	559358	159	0
3	559358	160	0
3	559358	161	0
3	559358	162	0
3	559358	163	0
3	559358	164	0.16666666666667
3	559358	165	0
3	559358	166	0.14285714285714
3	559358	167	0
3	559358	168	0
3	559358	169	0
3	559358	170	0
3	559358	171	0
3	559358	172	0
3	559358	173	0
3	559358	174	0
3	559358	175	0
3	559358	176	0
3	559358	177	0.16666666666667
3	559358	178	0
3	559358	179	0
3	559358	180	0
3	559358	181	0
3	559358	182	0
3	559358	183	0
3	559358	184	0
3	559358	185	0
3	559358	186	0
3	559358	187	0
3	559358	188	0
3	559358	189	0
3	559358	190	0
3	559358	191	0
3	559358	192	0
3	559358	193	0
3	559358	194	0.14285714285714
3	559358	195	0
3	559358	196	0
3	559358	197	0.25
3	559358	198	0
3	559358	199	0
3	559358	200	0
3	559358	201	0.28571428571429
3	559358	202	0.33333333333333
3	559358	203	0
3	559358	204	0
3	559358	205	0
3	559358	206	0
3	559358	207	0
3	559358	208	0.4
3	559358	209	0
3	559358	210	0
3	559358	211	0
3	559358	212	0.2
3	559358	213	0
3	559358	214	0
3	559358	215	0.16666666666667
3	559358	216	0
3	559358	217	0
3	559358	218	0.2
3	559358	219	0
3	559358	220	0
3	559358	221	0
3	559358	222	0
3	559358	223	0
3	559358	224	0
3	559358	225	0.14285714285714
3	559358	226	0
3	559358	227	0
3	559358	228	0
3	559358	229	0
3	559358	230	0
3	559358	231	0.4
3	559358	232	0
3	559358	233	0
3	559358	234	0
3	559358	235	0
3	559358	236	0
3	559358	237	0.2
3	559358	238	0.33333333333333
vector 4  abilene_network.node[4].content_store  hit_node[4]  ETV
4	559358	1	1
4	559358	2	0.87931034482759
4	559358	3	0.83720930232558
4	559358	4	0.80851063829787
4	559358	5	0.66666666666667
4	559358	6	0.63636363636364
4	559358	7	0.63157894736842
4	559358	8	0.84615384615385
4	559358	9	0.61111111111111
4	559358	10	0.82758620689655
4	559358	11	0.68965517241379
4	559358	12	0.18181818181818
4	559358	13	0.58333333333333
4	559358	14	0.27272727272727
4	559358	15	0
4	559358	16	0.80952380952381
4	559358	17	0.23529411764706
4	559358	18	0.39130434782609
4	559358	19	0.21428571428571
4	559358	20	0.56521739130435
4	559358	21	0.66666666666667
4	559358	22	0.0625
4	559358	23	0
4	559358	24	0.0625
4	559358	25	0.4
4	559358	26	0
4	559358	27	0.3
4	559358	28	0.625
4	559358	29	0.38461538461538
4	559358	30	0.33333333333333
4	559358	31	0.47368421052632
4	559358	32	0.5
4	559358	33	0.23529411764706
4	559358	34	0
4	559358	35	0.083333333333333
4	559358	36	0.66666666666667
4	559358	37	0.14285714285714
4	559358	38	0
4	559358	39	0
4	559358	40	0
4	559358	41	0.083333333333333
4	559358	42	0.11764705882353
4	559358	43	0.25
4	559358	44	0.071428571428571
4	559358	45	0.26666666666667
4	559358	46	0.61538461538462
4	559358	47	0.35714285714286
4	559358	48	0
4	559358	49	0
4	559358	50	0.29411764705882
4	559358	51	0.1
4	559358	52	0
4	559358	53	0.090909090909091
4	559358	54	0.42857142857143
4	559358	55	0
4	559358	56	0.1
4	559358	57	0
4	559358	58	0.3
4	559358	59	0
4	559358	60	0.33333333333333
4	559358	61	0
4	559358	62	0.38461538461538
4	559358	63	0.4
4	559358	64	0.3
4	559358	65	0.44444444444444
4	559358	66	0.4
4	559358	67	0.1
4	559358	68	0.375
4	559358	69	0
4	559358	70	0.5
4	559358	71	0
4	559358	72	0.2
4	559358	73	0
4	559358	74	0.11111111111111
4	559358	75	0.090909090909091
4	559358	76	0
4	559358	77	0
4	559358	78	0.22222222222222
4	559358	79	0.125
4	559358	80	0.090909090909091
4	559358	81	0.066666666666667
4	559358	82	0
4	559358	83	0
4	559358	84	0.14285714285714
4	559358	85	0.25
4	559358	86	0
4	559358	87	0
4	559358	88	0.3
4	559358	89	0.11111111111111
4	559358	90	0
4	559358	91	0.2
4	559358	92	0
4	559358	93	0.1
4	559358	94	0
4	559358	95	0
4	559358	96	0.2
4	559358	97	0
4	559358	98	0
4	559358	99	0
4	559358	100	0
4	559358	101	0.2
4	559358	102	0
4	559358	103	0.28571428571429
4	559358	104	0
4	559358	105	0.2
4	559358	106	0
4	559358	107	0.125
4	559358	108	0
4	559358	109	0
4	559358	110	0
4	559358	111	0.2
4	559358	112	0
4	559358	113	0.28571428571429
4	559358	114	0
4	559358	115	0
4	559358	116	0
4	559358	117	0
4	559358	118	0.25
4	559358	119	0
4	559358	120	0
4	559358	121	0
4	559358	122	0
4	559358	123	0
4	559358	124	0.125
4	559358	125	0
4	559358	126	0
4	559358	127	0
4	559358	128	0.11111111111111
4	559358	129	0
4	559358	130	0
4	559358	131	0.16666666666667
4	559358	132	0
4	559358	133	0.125
4	559358	134	0.125
4	559358	135	0.22222222222222
4	559358	136	0.14285714285714
4	559358	137	0
4	559358	138	0.2
4	559358	139	0
4	559358	140	0
4	559358	141	0
4	559358	142	0
4	559358	143	0
4	559358	144	0.33333333333333
4	559358	145	0.42857142857143
4	559358	146	0
4	559358	147	0
4	559358	148	0
4	559358	149	0
4	559358	150	0
4	559358	151	0
4	559358	152	0
4	559358	153	0
4	559358	154	0
4	559358	155	0.125
4	559358	156	0
4	559358	157	0.11111111111111
4	559358	158	0
4	559358	159	0
4	559358	160	0
4	559358	161	0.2
4	559358	162	0.2
4	559358	163	0
4	559358	164	0
4	559358	165	0
4	559358	166	0.16666666666667
4	559358	167	0.14285714285714
4	559358	168	0
4	559358	169	0.4
4	559358	170	0
4	559358	171	0.33333333333333
4	559358	172	0
4	559358	173	0
4	559358	174	0
4	559358	175	0.16666666666667
4	559358	176	0
4	559358	177	0
4	559358	178	0
4	559358	179	0.125
4	559358	180	0
4	559358	181	0
4	559358	182	0.54545454545455
4	559358	183	0.16666666666667
4	559358	184	0
4	559358	185	0.125
4	559358	186	0
4	559358	187	0.28571428571429
4	559358	188	0
4	559358	189	0
4	559358	190	0.125
4	559358	191	0
4	559358	192	0
4	559358	193	0
4	559358	194	0
4	559358	195	0
4	559358	196	0
4	559358	197	0
4	559358	198	0.4
4	559358	199	0
4	559358	200	0
4	559358	201	0
4	559358	202	0
4	559358	203	0.4
4	559358	204	0
4	559358	205	0
4	559358	206	0
4	559358	207	0
4	559358	208	0
4	559358	209	0
4	559358	210	0
4	559358	211	0
4	559358	212	0
4	559358	213	0
4	559358	214	0
4	559358	215	0
4	559358	216	0
4	559358	217	0
4	559358	218	0
4	559358	219	0
4	559358	220	0
4	559358	221	0
4	559358	222	0
4	559358	223	0
4	559358	224	0
4	559358	225	0
4	559358	226	0
4	559358	227	0
4	559358	228	0.28571428571429
4	559358	229	0.22222222222222
4	559358	230	0
4	559358	231	0
4	559358	232	0
4	559358	233	0
4	559358	234	0.4
4	559358	235	0
4	559358	236	0.16666666666667
4	559358	237	0
4	559358	238	0
vector 5  abilene_network.node[5].content_store  hit_node[5]  ETV
5	559358	1	1
5	559358	2	1
5	559358	3	0.87037037037037
5	559358	4	0.39024390243902
5	559358	5	0.55555555555556
5	559358	6	0.49090909090909
5	559358	7	0.46875
5	559358	8	0.57142857142857
5	559358	9	0.38888888888889
5	559358	10	0.57142857142857
5	559358	11	0.79166666666667
5	559358	12	0.4
5	559358	13	0.78571428571429
5	559358	14	0.575
5	559358	15	0.1
5	559358	16	0.54166666666667
5	559358	17	0.5
5	559358	18	0.28571428571429
5	559358	19	0.16129032258065
5	559358	20	0.10344827586207
5	559358	21	0
5	559358	22	0.10344827586207
5	559358	23	0.047619047619048
5	559358	24	0.14814814814815
5	559358	25	0.33333333333333
5	559358	26	0.068965517241379
5	559358	27	0.28
5	559358	28	0.3
5	559358	29	0.29411764705882
5	559358	30	0.16
5	559358	31	0.14285714285714
5	559358	32	0.40740740740741
5	559358	33	0.13636363636364
5	559358	34	0.48275862068966
5	559358	35	0.15789473684211
5	559358	36	0.33333333333333
5	559358	37	0.7037037037037
5	559358	38	0.47368421052632
5	559358	39	0.42105263157895
5	559358	40	0.2
5	559358	41	0.53846153846154
5	559358	42	0.24
5	559358	43	0.52
5	559358	44	0.28571428571429
5	559358	45	0
5	559358	46	0.11764705882353
5	559358	47	0.26666666666667
5	559358	48	0.043478260869565
5	559358	49	0.4
5	559358	50	0.045454545454545
5	559358	51	0
5	559358	52	0.15
5	559358	53	0.56521739130435
5	559358	54	0.38888888888889
5	559358	55	0
5	559358	56	0
5	559358	57	0.23076923076923
5	559358	58	0.14285714285714
5	559358	59	0
5	559358	60	0.25
5	559358	61	0.29166666666667
5	559358	62	0.22222222222222
5	559358	63	0.071428571428571
5	559358	64	0
5	559358	65	0
5	559358	66	0
5	559358	67	0
5	559358	68	0.15
5	559358	69	0.35
5	559358	70	0.27272727272727
5	559358	71	0
5	559358	72	0.33333333333333
5	559358	73	0
5	559358	74	0.30434782608696
5	559358	75	0.63157894736842
5	559358	76	0
5	559358	77	0
5	559358	78	0.23076923076923
5	559358	79	0.16666666666667
5	559358	80	0.1304347826087
5	559358	81	0.45833333333333
5	559358	82	0.071428571428571
5	559358	83	0.055555555555556
5	559358	84	0.16666666666667
5	559358	85	0
5	559358	86	0.33333333333333
5	559358	87	0.14285714285714
5	559358	88	0.066666666666667
5	559358	89	0
5	559358	90	0.11764705882353
5	559358	91	0.1875
5	559358	92	0.055555555555556
5	559358	93	0.0625
5	559358	94	0
5	559358	95	0
5	559358	96	0
5	559358	97	0
5	559358	98	0.22222222222222
5	559358	99	0.066666666666667
5	559358	100	0.2
5	559358	101	0
5	559358	102	0.33333333333333
5	559358	103	0
5	559358	104	0
5	559358	105	0.066666666666667
5	559358	106	0.1
5	559358	107	0.57894736842105
5	559358	108	0
5	559358	109	0
5	559358	110	0.21428571428571
5	559358	111	0.30769230769231
5	559358	112	0
5	559358	113	0
5	559358	114	0.38095238095238
5	559358	115	0
5	559358	116	0.1875
5	559358	117	0.14285714285714
5	559358	118	0.090909090909091
5	559358	119	0.125
5	559358	120	0
5	559358	121	0.4375
5	559358	122	0.25
5	559358	123	0.35
5	559358	124	0.071428571428571
5	559358	125	0.26666666666667
5	559358	126	0.33333333333333
5	559358	127	0.15384615384615
5	559358	128	0.066666666666667
5	559358	129	0
5	559358	130	0
5	559358	131	0
5	559358	132	0.0625
5	559358	133	0.14285714285714
5	559358	134	0
5	559358	135	0
5	559358	136	0
5	559358	137	0.11111111111111
5	559358	138	0.25
5	559358	139	0.25
5	559358	140	0
5	559358	141	0.125
5	559358	142	0.071428571428571
5	559358	143	0
5	559358	144	0.21428571428571
5	559358	145	0
5	559358	146	0
5	559358	147	0
5	559358	148	0.1
5	559358	149	0.071428571428571
5	559358	150	0.18181818181818
5	559358	151	0
5	559358	152	0.076923076923077
5	559358	153	0
5	559358	154	0.090909090909091
5	559358	155	0
5	559358	156	0
5	559358	157	0
5	559358	158	0.18181818181818
5	559358	159	0
5	559358	160	0
5	559358	161	0
5	559358	162	0
5	559358	163	0
5	559358	164	0.125
5	559358	165	0
5	559358	166	0
5	559358	167	0
5	559358	168	0.33333333333333
5	559358	169	0.25
5	559358	170	0
5	559358	171	0
5	559358	172	0
5	559358	173	0
5	559358	174	0
5	559358	175	0.22222222222222
5	559358	176	0
5	559358	177	0.25
5	559358	178	0
5	559358	179	0.18181818181818
5	559358	180	0.11111111111111
5	559358	181	0
5	559358	182	0.18181818181818
5	559358	183	0.18181818181818
5	559358	184	0
5	559358	185	0
5	559358	186	0.27272727272727
5	559358	187	0.066666666666667
5	559358	188	0
5	559358	189	0
5	559358	190	0
5	559358	191	0
5	559358	192	0.076923076923077
5	559358	193	0.125
5	559358	194	0
5	559358	195	0
5	559358	196	0.16666666666667
5	559358	197	0
5	559358	198	0
5	559358	199	0
5	559358	200	0
5	559358	201	0
5	559358	202	0.22222222222222
5	559358	203	0
5	559358	204	0
5	559358	205	0
5	559358	206	0
5	559358	207	0.125
5	559358	208	0
5	559358	209	0.11111111111111
5	559358	210	0
5	559358	211	0.090909090909091
5	559358	212	0.4
5	559358	213	0
5	559358	214	0.16666666666667
5	559358	215	0
5	559358	216	0.1
5	559358	217	0
5	559358	218	0
5	559358	219	0
5	559358	220	0
5	559358	221	0
5	559358	222	0
5	559358	223	0.15384615384615
5	559358	224	0
5	559358	225	0.083333333333333
5	559358	226	0.14285714285714
5	559358	227	0
5	559358	228	0
5	559358	229	0.13333333333333
5	559358	230	0
5	559358	231	0.25
5	559358	232	0
5	559358	233	0.125
5	559358	234	0
5	559358	235	0
5	559358	236	0
5	559358	237	0
5	559358	238	0
vector 6  abilene_network.node[6].content_store  hit_node[6]  ETV
6	559358	1	1
6	559358	2	1
6	559358	3	0.74358974358974
6	559358	4	0.90909090909091
6	559358	5	0.5
6	559358	6	0.25
6	559358	7	1
6	559358	8	0.85714285714286
6	559358	9	0.45
6	559358	10	0.85714285714286
6	559358	11	0.76190476190476
6	559358	12	0.58823529411765
6	559358	13	0.31818181818182
6	559358	14	0.11764705882353
6	559358	15	0.22222222222222
6	559358	16	0.3
6	559358	17	0.4
6	559358	18	0.63157894736842
6	559358	19	0.18181818181818
6	559358	20	0.066666666666667
6	559358	21	0.77777777777778
6	559358	22	0.15384615384615
6	559358	23	0.25
6	559358	24	0.375
6	559358	25	0.22222222222222
6	559358	26	0
6	559358	27	0
6	559358	28	0.70588235294118
6	559358	29	0.6
6	559358	30	0
6	559358	31	0.35294117647059
6	559358	32	0.30769230769231
6	559358	33	0.25
6	559358	34	0.36363636363636
6	559358	35	0.44444444444444
6	559358	36	0.22222222222222
6	559358	37	0
6	559358	38	0.27272727272727
6	559358	39	0.44444444444444
6	559358	40	0.36363636363636
6	559358	41	0
6	559358	42	0.28571428571429
6	559358	43	0
6	559358	44	0.22222222222222
6	559358	45	0.5
6	559358	46	0.30769230769231
6	559358	47	0
6	559358	48	0
6	559358	49	0.27272727272727
6	559358	50	0.71428571428571
6	559358	51	0
6	559358	52	0.5
6	559358	53	0.22222222222222
6	559358	54	0
6	559358	55	0
6	559358	56	0
6	559358	57	0.18181818181818
6	559358	58	0.44444444444444
6	559358	59	0.53846153846154
6	559358	60	0.3
6	559358	61	0
6	559358	62	0
6	559358	63	0.4
6	559358	64	0.625
6	559358	65	0
6	559358	66	0.14285714285714
6	559358	67	0.57142857142857
6	559358	68	0
6	559358	69	0.11111111111111
6	559358	70	0
6	559358	71	0.33333333333333
6	559358	72	0.28571428571429
6	559358	73	0
6	559358	74	0
6	559358	75	0.11111111111111
6	559358	76	0.2
6	559358	77	0
6	559358	78	0.4
6	559358	79	0.33333333333333
6	559358	80	0
6	559358	81	0.090909090909091
6	559358	82	0.33333333333333
6	559358	83	0
6	559358	84	0
6	559358	85	0
6	559358	86	0
6	559358	87	0
6	559358	88	0.33333333333333
6	559358	89	0.18181818181818
6	559358	90	0
6	559358	91	0.25
6	559358	92	0
6	559358	93	0.33333333333333
6	559358	94	0.28571428571429
6	559358	95	0.5
6	559358	96	0
6	559358	97	0
6	559358	98	0
6	559358	99	0
6	559358	100	0
6	559358	101	0
6	559358	102	0
6	559358	103	0.42857142857143
6	559358	104	0
6	559358	105	0
6	559358	106	0
6	559358	107	0
6	559358	108	0
6	559358	109	0
6	559358	110	0
6	559358	111	0
6	559358	112	0
6	559358	113	0
6	559358	114	0.076923076923077
6	559358	115	0
6	559358	116	0
6	559358	117	0
6	559358	118	0
6	559358	119	0
6	559358	120	0.28571428571429
6	559358	121	0
6	559358	122	0
6	559358	123	0
6	559358	124	0.28571428571429
6	559358	125	0
6	559358	126	0.25
6	559358	127	0
6	559358	128	0.25
6	559358	129	0
6	559358	130	0
6	559358	131	0
6	559358	132	0
6	559358	133	0
6	559358	134	0
6	559358	135	0
6	559358	136	0.2
6	559358	137	0.42857142857143
6	559358	138	0
6	559358	139	0
6	559358	140	0
6	559358	141	0.625
6	559358	142	0
6	559358	143	0
6	559358	144	0
6	559358	145	0
6	559358	146	0
6	559358	147	0
6	559358	148	0.42857142857143
6	559358	149	0
6	559358	150	0
6	559358	151	0.16666666666667
6	559358	152	0
6	559358	153	0
6	559358	154	0
6	559358	155	0
6	559358	156	0
6	559358	157	0
6	559358	158	0
6	559358	159	0
6	559358	160	0
6	559358	161	0
6	559358	162	0
6	559358	163	0
6	559358	164	0
6	559358	165	0
6	559358	166	0
6	559358	167	0.25
6	559358	168	0
6	559358	169	0
6	559358	170	0
6	559358	171	0
6	559358	172	0.5
6	559358	173	0
6	559358	174	0
6	559358	175	0
6	559358	176	0
6	559358	177	0
6	559358	178	0
6	559358	179	0
6	559358	180	0.2
6	559358	181	0
6	559358	182	0
6	559358	183	0
6	559358	184	0
6	559358	185	0
6	559358	186	0
6	559358	187	0
6	559358	188	0
6	559358	189	0
6	559358	190	0
6	559358	191	0
6	559358	192	0
6	559358	193	0
6	559358	194	0
6	559358	195	0
6	559358	196	0.25
6	559358	197	0
6	559358	198	0
6	559358	199	0
6	559358	200	0
6	559358	201	0
6	559358	202	0
6	559358	203	0
6	559358	204	0
6	559358	205	0
6	559358	206	0
6	559358	207	0.5
6	559358	208	0
6	559358	209	0
6	559358	210	0
6	559358	211	0
6	559358	212	0
6	559358	213	0
6	559358	214	0
6	559358	215	0
6	559358	216	0
6	559358	217	0
6	559358	218	0
6	559358	219	0.25
6	559358	220	0
6	559358	221	0
6	559358	222	0
6	559358	223	0
6	559358	224	0
6	559358	225	0.16666666666667
6	559358	226	0
6	559358	227	0
6	559358	228	0
6	559358	229	0
6	559358	230	0
6	559358	231	0.25
6	559358	232	0
6	559358	233	0
6	559358	234	0
6	559358	235	0.4
6	559358	236	0
6	559358	237	0
6	559358	238	-nan
vector 7  abilene_network.node[7].content_store  hit_node[7]  ETV
7	559358	1	1
7	559358	2	1
7	559358	3	1
7	559358	4	1
7	559358	5	1
7	559358	6	1
7	559358	7	1
7	559358	8	0.86666666666667
7	559358	9	0.55555555555556
7	559358	10	0.26666666666667
7	559358	11	0.66666666666667
7	559358	12	0.80952380952381
7	559358	13	0.23076923076923
7	559358	14	0.11111111111111
7	559358	15	0.94736842105263
7	559358	16	0.83333333333333
7	559358	17	0.5
7	559358	18	0
7	559358	19	0.8
7	559358	20	0.63636363636364
7	559358	21	0
7	559358	22	0
7	559358	23	0.94117647058824
7	559358	24	0.7
7	559358	25	0.44444444444444
7	559358	26	0.71428571428571
7	559358	27	0.80952380952381
7	559358	28	0.25
7	559358	29	0
7	559358	30	0.75
7	559358	31	0.45454545454545
7	559358	32	0
7	559358	33	0.66666666666667
7	559358	34	0.22222222222222
7	559358	35	0.27272727272727
7	559358	36	0
7	559358	37	0.5
7	559358	38	0
7	559358	39	0
7	559358	40	0.3
7	559358	41	0
7	559358	42	0
7	559358	43	0.083333333333333
7	559358	44	0
7	559358	45	0.14285714285714
7	559358	46	0
7	559358	47	0.69230769230769
7	559358	48	0.4
7	559358	49	0
7	559358	50	0
7	559358	51	0.28571428571429
7	559358	52	0.25
7	559358	53	0
7	559358	54	0
7	559358	55	0
7	559358	56	0.14285714285714
7	559358	57	0
7	559358	58	0.5
7	559358	59	0.15384615384615
7	559358	60	0
7	559358	61	0
7	559358	62	0.33333333333333
7	559358	63	0
7	559358	64	0.25
7	559358	65	0
7	559358	66	0.25
7	559358	67	0
7	559358	68	0.2
7	559358	69	0.33333333333333
7	559358	70	0.5
7	559358	71	0
7	559358	72	0
7	559358	73	0
7	559358	74	0
7	559358	75	0
7	559358	76	0
7	559358	77	0
7	559358	78	0.11111111111111
7	559358	79	0.42857142857143
7	559358	80	0
7	559358	81	0
7	559358	82	0.6
7	559358	83	0
7	559358	84	0.2
7	559358	85	0
7	559358	86	0.5
7	559358	87	0
7	559358	88	0
7	559358	89	0.44444444444444
7	559358	90	0
7	559358	91	0.5
7	559358	92	0
7	559358	93	0
7	559358	94	0
7	559358	95	0
7	559358	96	0.33333333333333
7	559358	97	0
7	559358	98	0
7	559358	99	0.25
7	559358	100	0
7	559358	101	0
7	559358	102	0.33333333333333
7	559358	103	0.28571428571429
7	559358	104	0
7	559358	105	0
7	559358	106	0
7	559358	107	0
7	559358	108	0
7	559358	109	0
7	559358	110	0
7	559358	111	0.16666666666667
7	559358	112	0
7	559358	113	0
7	559358	114	0.083333333333333
7	559358	115	0
7	559358	116	0.2
7	559358	117	0.28571428571429
7	559358	118	0
7	559358	119	0
7	559358	120	0.16666666666667
7	559358	121	0.33333333333333
7	559358	122	0.4
7	559358	123	0
7	559358	124	0
7	559358	125	0.83333333333333
7	559358	126	0
7	559358	127	0.33333333333333
7	559358	128	0
7	559358	129	0
7	559358	130	0
7	559358	131	0.25
7	559358	132	0
7	559358	133	0
7	559358	134	0.66666666666667
7	559358	135	0.25
7	559358	136	0
7	559358	137	0.25
7	559358	138	0
7	559358	139	0.6
7	559358	140	0
7	559358	141	0
7	559358	142	0
7	559358	143	0
7	559358	144	0
7	559358	145	0
7	559358	146	0
7	559358	147	0
7	559358	148	0
7	559358	149	0
7	559358	150	0
7	559358	151	0
7	559358	152	0
7	559358	153	0.125
7	559358	154	0
7	559358	155	0
7	559358	156	0
7	559358	157	0
7	559358	158	0
7	559358	159	0.6
7	559358	160	0
7	559358	161	0
7	559358	162	0
7	559358	163	0
7	559358	164	0
7	559358	165	0
7	559358	166	0
7	559358	167	0
7	559358	168	0
7	559358	169	0.33333333333333
7	559358	170	0
7	559358	171	0
7	559358	172	0.5
7	559358	173	0
7	559358	174	0
7	559358	175	0
7	559358	176	-nan
7	559358	177	0.5
7	559358	178	0
7	559358	179	0
7	559358	180	0
7	559358	181	0
7	559358	182	0
7	559358	183	0
7	559358	184	0
7	559358	185	0
7	559358	186	0
7	559358	187	0
7	559358	188	0
7	559358	189	0
7	559358	190	0
7	559358	191	0.2
7	559358	192	0
7	559358	193	0
7	559358	194	0
7	559358	195	0
7	559358	196	0
7	559358	197	0
7	559358	198	0
7	559358	199	0
7	559358	200	0.5
7	559358	201	0
7	559358	202	0
7	559358	203	0
7	559358	204	0
7	559358	205	0
7	559358	206	0
7	559358	207	0
7	559358	208	-nan
7	559358	209	0
7	559358	210	0
7	559358	211	-nan
7	559358	212	0.4
7	559358	213	0
7	559358	214	0.25
7	559358	215	0
7	559358	216	0
7	559358	217	0
7	559358	218	0
7	559358	219	0
7	559358	220	0
7	559358	221	0
7	559358	222	0
7	559358	223	0
7	559358	224	0
7	559358	225	0
7	559358	226	0
7	559358	227	0
7	559358	228	0
7	559358	229	0
7	559358	230	0
7	559358	231	0
7	559358	232	0
7	559358	233	0
7	559358	234	0
7	559358	235	0.25
7	559358	236	0
7	559358	237	0
7	559358	238	-nan
vector 8  abilene_network.node[8].content_store  hit_node[8]  ETV
8	559358	1	1
8	559358	2	1
8	559358	3	1
8	559358	4	1
8	559358	5	1
8	559358	6	1
8	559358	7	0.875
8	559358	8	1
8	559358	9	1
8	559358	10	1
8	559358	11	0.77777777777778
8	559358	12	0.46153846153846
8	559358	13	0.76923076923077
8	559358	14	1
8	559358	15	0.5
8	559358	16	0
8	559358	17	0.75
8	559358	18	0.82352941176471
8	559358	19	0.83333333333333
8	559358	20	0
8	559358	21	0.6
8	559358	22	0.55555555555556
8	559358	23	0.91666666666667
8	559358	24	0.75
8	559358	25	0.75
8	559358	26	0
8	559358	27	0
8	559358	28	0.66666666666667
8	559358	29	0.6
8	559358	30	0.71428571428571
8	559358	31	0
8	559358	32	0.44444444444444
8	559358	33	0
8	559358	34	0.5
8	559358	35	0
8	559358	36	0.85714285714286
8	559358	37	0
8	559358	38	0.4
8	559358	39	0.6
8	559358	40	0.2
8	559358	41	0
8	559358	42	0
8	559358	43	0
8	559358	44	0.92307692307692
8	559358	45	0
8	559358	46	0.25
8	559358	47	0
8	559358	48	0
8	559358	49	0.5
8	559358	50	0.42857142857143
8	559358	51	0
8	559358	52	0
8	559358	53	0
8	559358	54	0
8	559358	55	0
8	559358	56	0
8	559358	57	0.42857142857143
8	559358	58	0
8	559358	59	0
8	559358	60	0.16666666666667
8	559358	61	0
8	559358	62	0
8	559358	63	0.16666666666667
8	559358	64	0.66666666666667
8	559358	65	0
8	559358	66	0.33333333333333
8	559358	67	0.5
8	559358	68	0
8	559358	69	0
8	559358	70	0
8	559358	71	0
8	559358	72	0
8	559358	73	-nan
8	559358	74	0
8	559358	75	0
8	559358	76	0
8	559358	77	0
8	559358	78	0.2
8	559358	79	0
8	559358	80	0.2
8	559358	81	0
8	559358	82	0
8	559358	83	0
8	559358	84	0
8	559358	85	0
8	559358	86	0.4
8	559358	87	-nan
8	559358	88	0
8	559358	89	0
8	559358	90	0
8	559358	91	0
8	559358	92	0.5
8	559358	93	0
8	559358	94	0
8	559358	95	0
8	559358	96	0
8	559358	97	0.33333333333333
8	559358	98	0
8	559358	99	0.33333333333333
8	559358	100	0
8	559358	101	0
8	559358	102	0
8	559358	103	0
8	559358	104	0
8	559358	105	0
8	559358	106	0
8	559358	107	0
8	559358	108	0.5
8	559358	109	0
8	559358	110	0
8	559358	111	0
8	559358	112	0
8	559358	113	0
8	559358	114	0
8	559358	115	0
8	559358	116	0
8	559358	117	0
8	559358	118	0
8	559358	119	0.4
8	559358	120	0.2
8	559358	121	0
8	559358	122	0
8	559358	123	0
8	559358	124	0
8	559358	125	0
8	559358	126	0.33333333333333
8	559358	127	0
8	559358	128	0
8	559358	129	-nan
8	559358	130	0
8	559358	131	0
8	559358	132	0
8	559358	133	0
8	559358	134	0
8	559358	135	0
8	559358	136	0.25
8	559358	137	0
8	559358	138	0
8	559358	139	0
8	559358	140	0
8	559358	141	0.2
8	559358	142	0
8	559358	143	0
8	559358	144	0
8	559358	145	-nan
8	559358	146	0
8	559358	147	0
8	559358	148	0
8	559358	149	0
8	559358	150	0
8	559358	151	0
8	559358	152	0
8	559358	153	0
8	559358	154	0
8	559358	155	0
8	559358	156	0
8	559358	157	0
8	559358	158	0
8	559358	159	0
8	559358	160	0
8	559358	161	0
8	559358	162	0
8	559358	163	0
8	559358	164	0
8	559358	165	0
8	559358	166	0
8	559358	167	0
8	559358	168	0
8	559358	169	0
8	559358	170	0
8	559358	171	0
8	559358	172	-nan
8	559358	173	0
8	559358	174	0
8	559358	175	0
8	559358	176	-nan
8	559358	177	0
8	559358	178	0
8	559358	179	0
8	559358	180	0.4
8	559358	181	0
8	559358	182	0.5
8	559358	183	0.5
8	559358	184	0
8	559358	185	0
8	559358	186	0
8	559358	187	0
8	559358	188	0
8	559358	189	0.33333333333333
8	559358	190	0
8	559358	191	0
8	559358	192	0
8	559358	193	0
8	559358	194	0
8	559358	195	0
8	559358	196	-nan
8	559358	197	0
8	559358	198	0
8	559358	199	-nan
8	559358	200	0
8	559358	201	0
8	559358	202	0
8	559358	203	0
8	559358	204	0
8	559358	205	0
8	559358	206	0
8	559358	207	0
8	559358	208	-nan
8	559358	209	0
8	559358	210	0
8	559358	211	-nan
8	559358	212	0.33333333333333
8	559358	213	0
8	559358	214	0
8	559358	215	0
8	559358	216	0
8	559358	217	0
8	559358	218	0
8	559358	219	0
8	559358	220	0
8	559358	221	0
8	559358	222	0
8	559358	223	0
8	559358	224	0
8	559358	225	0
8	559358	226	0
8	559358	227	0
8	559358	228	0.33333333333333
8	559358	229	0
8	559358	230	-nan
8	559358	231	0
8	559358	232	0
8	559358	233	0
8	559358	234	0
8	559358	235	0
8	559358	236	0
8	559358	237	0.33333333333333
8	559358	238	-nan
vector 9  abilene_network.node[9].content_store  hit_node[9]  ETV
9	559358	1	1
9	559358	2	1
9	559358	3	1
9	559358	4	1
9	559358	5	1
9	559358	6	1
9	559358	7	1
9	559358	8	1
9	559358	9	0.95238095238095
9	559358	10	0.82352941176471
9	559358	11	1
9	559358	12	1
9	559358	13	0.5
9	559358	14	0.8
9	559358	15	1
9	559358	16	1
9	559358	17	1
9	559358	18	0.66666666666667
9	559358	19	0.88888888888889
9	559358	20	1
9	559358	21	0.875
9	559358	22	0
9	559358	23	1
9	559358	24	1
9	559358	25	0
9	559358	26	0
9	559358	27	0.25
9	559358	28	1
9	559358	29	0
9	559358	30	0
9	559358	31	0.57142857142857
9	559358	32	0.5
9	559358	33	0
9	559358	34	1
9	559358	35	0.5
9	559358	36	0.5
9	559358	37	0.5
9	559358	38	0.8
9	559358	39	0
9	559358	40	0
9	559358	41	1
9	559358	42	0.85714285714286
9	559358	43	1
9	559358	44	0
9	559358	45	0
9	559358	46	0
9	559358	47	0
9	559358	48	-nan
9	559358	49	0
9	559358	50	0.5
9	559358	51	0
9	559358	52	0.5
9	559358	53	0.33333333333333
9	559358	54	0
9	559358	55	0
9	559358	56	0
9	559358	57	0.57142857142857
9	559358	58	0
9	559358	59	0
9	559358	60	0
9	559358	61	1
9	559358	62	0
9	559358	63	0.8
9	559358	64	0
9	559358	65	0
9	559358	66	0
9	559358	67	0.77777777777778
9	559358	68	-nan
9	559358	69	0
9	559358	70	1
9	559358	71	-nan
9	559358	72	0
9	559358	73	1
9	559358	74	0
9	559358	75	-nan
9	559358	76	0.5
9	559358	77	-nan
9	559358	78	0
9	559358	79	0
9	559358	80	0
9	559358	81	0
9	559358	82	0
9	559358	83	-nan
9	559358	84	0.33333333333333
9	559358	85	0
9	559358	86	0
9	559358	87	1
9	559358	88	0
9	559358	89	0
9	559358	90	0
9	559358	91	0
9	559358	92	0
9	559358	93	0
9	559358	94	0
9	559358	95	-nan
9	559358	96	-nan
9	559358	97	0
9	559358	98	-nan
9	559358	99	0.33333333333333
9	559358	100	0
9	559358	101	-nan
9	559358	102	0
9	559358	103	0.33333333333333
9	559358	104	0
9	559358	105	-nan
9	559358	106	0
9	559358	107	1
9	559358	108	0
9	559358	109	0
9	559358	110	0
9	559358	111	0
9	559358	112	0
9	559358	113	-nan
9	559358	114	0
9	559358	115	0
9	559358	116	0
9	559358	117	0
9	559358	118	0
9	559358	119	0.25
9	559358	120	0
9	559358	121	0.75
9	559358	122	0
9	559358	123	0
9	559358	124	0
9	559358	125	0.75
9	559358	126	0
9	559358	127	0
9	559358	128	0
9	559358	129	-nan
9	559358	130	-nan
9	559358	131	0
9	559358	132	0
9	559358	133	0
9	559358	134	0
9	559358	135	0
9	559358	136	0
9	559358	137	0
9	559358	138	0
9	559358	139	1
9	559358	140	-nan
9	559358	141	0
9	559358	142	-nan
9	559358	143	0
9	559358	144	-nan
9	559358	145	-nan
9	559358	146	0
9	559358	147	0
9	559358	148	0
9	559358	149	-nan
9	559358	150	-nan
9	559358	151	0
9	559358	152	0
9	559358	153	0.33333333333333
9	559358	154	0
9	559358	155	0
9	559358	156	0
9	559358	157	0
9	559358	158	-nan
9	559358	159	0
9	559358	160	-nan
9	559358	161	-nan
9	559358	162	-nan
9	559358	163	-nan
9	559358	164	0
9	559358	165	-nan
9	559358	166	0
9	559358	167	-nan
9	559358	168	-nan
9	559358	169	-nan
9	559358	170	-nan
9	559358	171	0
9	559358	172	-nan
9	559358	173	0
9	559358	174	-nan
9	559358	175	0
9	559358	176	-nan
9	559358	177	0
9	559358	178	0
9	559358	179	-nan
9	559358	180	0
9	559358	181	0
9	559358	182	0
9	559358	183	0
9	559358	184	0
9	559358	185	0
9	559358	186	0
9	559358	187	0.6
9	559358	188	0
9	559358	189	0
9	559358	190	0
9	559358	191	0
9	559358	192	0
9	559358	193	0
9	559358	194	0
9	559358	195	0
9	559358	196	-nan
9	559358	197	0
9	559358	198	0
9	559358	199	-nan
9	559358	200	0
9	559358	201	0
9	559358	202	-nan
9	559358	203	0
9	559358	204	0
9	559358	205	-nan
9	559358	206	0
9	559358	207	-nan
9	559358	208	-nan
9	559358	209	0
9	559358	210	0
9	559358	211	-nan
9	559358	212	0.5
9	559358	213	0
9	559358	214	0
9	559358	215	0
9	559358	216	0
9	559358	217	-nan
9	559358	218	-nan
9	559358	219	0
9	559358	220	-nan
9	559358	221	0
9	559358	222	-nan
9	559358	223	0
9	559358	224	0
9	559358	225	0
9	559358	226	0
9	559358	227	0
9	559358	228	0
9	559358	229	0
9	559358	230	-nan
9	559358	231	-nan
9	559358	232	0
9	559358	233	0
9	559358	234	0
9	559358	235	0
9	559358	236	0
9	559358	237	0
9	559358	238	-nan
vector 10  abilene_network.node[10].content_store  hit_node[10]  ETV
10	559358	1	1
10	559358	2	1
10	559358	3	1
10	559358	4	1
10	559358	5	1
10	559358	6	1
10	559358	7	1
10	559358	8	1
10	559358	9	1
10	559358	10	0.6875
10	559358	11	1
10	559358	12	1
10	559358	13	1
10	559358	14	1
10	559358	15	1
10	559358	16	0.9
10	559358	17	0
10	559358	18	1
10	559358	19	0
10	559358	20	0
10	559358	21	0.42857142857143
10	559358	22	0.375
10	559358	23	1
10	559358	24	0
10	559358	25	0.5
10	559358	26	1
10	559358	27	1
10	559358	28	0.8
10	559358	29	0
10	559358	30	0.66666666666667
10	559358	31	0.14285714285714
10	559358	32	0.125
10	559358	33	0
10	559358	34	0.66666666666667
10	559358	35	0
10	559358	36	0
10	559358	37	1
10	559358	38	0
10	559358	39	0
10	559358	40	0.85714285714286
10	559358	41	0
10	559358	42	0.4
10	559358	43	1
10	559358	44	0
10	559358	45	0
10	559358	46	0
10	559358	47	0
10	559358	48	0
10	559358	49	0.5
10	559358	50	0.25
10	559358	51	-nan
10	559358	52	0.5
10	559358	53	0
10	559358	54	0
10	559358	55	0.2
10	559358	56	0
10	559358	57	0.5
10	559358	58	0.5
10	559358	59	0
10	559358	60	0
10	559358	61	0
10	559358	62	0
10	559358	63	0.4
10	559358	64	-nan
10	559358	65	0
10	559358	66	0
10	559358	67	0
10	559358	68	0
10	559358	69	0
10	559358	70	0
10	559358	71	0.33333333333333
10	559358	72	0
10	559358	73	0
10	559358	74	0
10	559358	75	0
10	559358	76	0
10	559358	77	1
10	559358	78	0
10	559358	79	0
10	559358	80	-nan
10	559358	81	0
10	559358	82	0
10	559358	83	0
10	559358	84	0
10	559358	85	0.75
10	559358	86	0
10	559358	87	0
10	559358	88	0
10	559358	89	-nan
10	559358	90	-nan
10	559358	91	0.33333333333333
10	559358	92	0
10	559358	93	0
10	559358	94	0
10	559358	95	-nan
10	559358	96	0
10	559358	97	0
10	559358	98	0
10	559358	99	-nan
10	559358	100	0.6
10	559358	101	-nan
10	559358	102	0
10	559358	103	0
10	559358	104	0
10	559358	105	0
10	559358	106	0
10	559358	107	0
10	559358	108	0
10	559358	109	0
10	559358	110	0
10	559358	111	0
10	559358	112	0.33333333333333
10	559358	113	0
10	559358	114	0
10	559358	115	0
10	559358	116	0
10	559358	117	0.5
10	559358	118	0
10	559358	119	0
10	559358	120	-nan
10	559358	121	0
10	559358	122	0
10	559358	123	-nan
10	559358	124	0
10	559358	125	0
10	559358	126	0
10	559358	127	-nan
10	559358	128	0.66666666666667
10	559358	129	0
10	559358	130	-nan
10	559358	131	0
10	559358	132	-nan
10	559358	133	0
10	559358	134	0
10	559358	135	0
10	559358	136	0
10	559358	137	0
10	559358	138	0
10	559358	139	0.5
10	559358	140	0
10	559358	141	-nan
10	559358	142	0
10	559358	143	0
10	559358	144	0
10	559358	145	-nan
10	559358	146	0
10	559358	147	0
10	559358	148	0
10	559358	149	0
10	559358	150	0
10	559358	151	0
10	559358	152	0
10	559358	153	-nan
10	559358	154	0
10	559358	155	0
10	559358	156	-nan
10	559358	157	-nan
10	559358	158	0
10	559358	159	-nan
10	559358	160	0
10	559358	161	0
10	559358	162	-nan
10	559358	163	0
10	559358	164	0
10	559358	165	0
10	559358	166	0
10	559358	167	0
10	559358	168	0
10	559358	169	-nan
10	559358	170	-nan
10	559358	171	0
10	559358	172	0
10	559358	173	-nan
10	559358	174	0
10	559358	175	0
10	559358	176	0
10	559358	177	0
10	559358	178	-nan
10	559358	179	0.5
10	559358	180	0
10	559358	181	0
10	559358	182	0
10	559358	183	1
10	559358	184	0
10	559358	185	-nan
10	559358	186	0
10	559358	187	-nan
10	559358	188	0
10	559358	189	0
10	559358	190	-nan
10	559358	191	-nan
10	559358	192	0
10	559358	193	0.5
10	559358	194	0
10	559358	195	0
10	559358	196	-nan
10	559358	197	0
10	559358	198	-nan
10	559358	199	-nan
10	559358	200	-nan
10	559358	201	-nan
10	559358	202	0
10	559358	203	-nan
10	559358	204	0
10	559358	205	0
10	559358	206	-nan
10	559358	207	-nan
10	559358	208	0
10	559358	209	0
10	559358	210	-nan
10	559358	211	0
10	559358	212	0
10	559358	213	-nan
10	559358	214	-nan
10	559358	215	0
10	559358	216	0
10	559358	217	-nan
10	559358	218	0
10	559358	219	-nan
10	559358	220	-nan
10	559358	221	0
10	559358	222	0
10	559358	223	-nan
10	559358	224	0
10	559358	225	0
10	559358	226	0.5
10	559358	227	-nan
10	559358	228	0
10	559358	229	0
10	559358	230	-nan
10	559358	231	0
10	559358	232	0
10	559358	233	0
10	559358	234	0
10	559358	235	0
10	559358	236	0
10	559358	237	0
10	559358	238	0
vector 11  abilene_network.client[0]  hdistance[0]  ETV
11	559358	1	0
11	559358	2	0
11	559358	3	0
11	559358	4	0
11	559358	5	0
11	559358	6	0
11	559358	7	0
11	559358	8	0
11	559358	9	0.071428571428571
11	559358	10	0
11	559358	11	0
11	559358	12	0
11	559358	13	0.28571428571429
11	559358	14	0
11	559358	15	0
11	559358	16	0
11	559358	17	0.4
11	559358	18	1.6666666666667
11	559358	19	0.61538461538462
11	559358	20	0
11	559358	21	0
11	559358	22	0
11	559358	23	1.5
11	559358	24	0.125
11	559358	25	0
11	559358	26	0
11	559358	27	0
11	559358	28	1
11	559358	29	0
11	559358	30	1
11	559358	31	3.1666666666667
11	559358	32	0
11	559358	33	0
11	559358	34	0.8
11	559358	35	0.5
11	559358	36	5
11	559358	37	4.4
11	559358	38	0.4
11	559358	39	0
11	559358	40	3.4
11	559358	41	2.5
11	559358	42	1.5
11	559358	43	0.25
11	559358	44	4.3333333333333
11	559358	45	3.5
11	559358	46	1.3333333333333
11	559358	47	3
11	559358	48	4
11	559358	49	3.6666666666667
11	559358	50	5.5
11	559358	51	6
11	559358	52	0.5
11	559358	53	0.5
11	559358	54	3.5
11	559358	55	6
11	559358	56	2.25
11	559358	57	1.3333333333333
11	559358	58	0.125
11	559358	59	2
11	559358	60	1
11	559358	61	3
11	559358	62	0.2
11	559358	63	0
11	559358	64	4
11	559358	65	2.6666666666667
11	559358	66	2.5
11	559358	67	1
11	559358	68	4.6666666666667
11	559358	69	1
11	559358	70	1
11	559358	71	2
11	559358	72	5.5
11	559358	73	0
11	559358	74	0
11	559358	75	2.8571428571429
11	559358	76	2
11	559358	77	2.8333333333333
11	559358	78	6
11	559358	79	0
11	559358	80	6
11	559358	81	5.75
11	559358	82	1
11	559358	83	0
11	559358	84	6
11	559358	85	5.3333333333333
11	559358	86	0
11	559358	87	4.3333333333333
11	559358	88	3.6666666666667
11	559358	89	6
11	559358	90	6
11	559358	91	6
11	559358	92	6
11	559358	93	3
11	559358	94	0
11	559358	95	0.66666666666667
11	559358	96	1
11	559358	97	6
11	559358	98	5
11	559358	99	5
11	559358	100	4.5
11	559358	101	6
11	559358	102	0
11	559358	103	3.5
11	559358	104	0
11	559358	105	6
11	559358	106	6
11	559358	107	3.25
11	559358	108	4.2
11	559358	109	2.6666666666667
11	559358	110	6
11	559358	111	0
11	559358	112	4.5
11	559358	113	2
11	559358	114	0
11	559358	115	0.75
11	559358	116	4.5
11	559358	117	6
11	559358	118	5.5
11	559358	119	2
11	559358	120	6
11	559358	121	0
11	559358	122	6
11	559358	123	5.5
11	559358	124	3.3333333333333
11	559358	125	4
11	559358	126	6
11	559358	127	1.6666666666667
11	559358	128	6
11	559358	129	6
11	559358	130	6
11	559358	131	1
11	559358	132	5
11	559358	133	5.3333333333333
11	559358	134	3.5
11	559358	135	5.3333333333333
11	559358	136	2
11	559358	137	0
11	559358	138	4
11	559358	139	5
11	559358	140	6
11	559358	141	2
11	559358	142	4.5
11	559358	143	6
11	559358	144	0
11	559358	145	6
11	559358	146	0
11	559358	147	0
11	559358	148	5
11	559358	149	6
11	559358	150	2
11	559358	151	6
11	559358	152	0
11	559358	153	6
11	559358	154	6
11	559358	155	5
11	559358	156	6
11	559358	157	6
11	559358	158	6
11	559358	159	0
11	559358	160	4
11	559358	161	6
11	559358	162	6
11	559358	163	0
11	559358	164	4
11	559358	165	1
11	559358	166	0
11	559358	167	4.6666666666667
11	559358	168	6
11	559358	169	3.8
11	559358	170	6
11	559358	171	6
11	559358	172	6
11	559358	173	0
11	559358	174	4.6666666666667
11	559358	175	6
11	559358	176	4
11	559358	177	3
11	559358	178	6
11	559358	179	0
11	559358	180	0
11	559358	181	4.6666666666667
11	559358	182	6
11	559358	183	5
11	559358	184	6
11	559358	185	6
11	559358	186	0
11	559358	187	4.4
11	559358	188	6
11	559358	189	0
11	559358	190	5
11	559358	191	0
11	559358	192	6
11	559358	193	0
11	559358	194	6
11	559358	195	6
11	559358	196	0
11	559358	197	6
11	559358	198	6
11	559358	199	0
11	559358	200	4.6666666666667
11	559358	201	5
11	559358	202	3
11	559358	203	4
11	559358	204	6
11	559358	205	6
11	559358	206	0
11	559358	207	0
11	559358	208	6
11	559358	209	3.5
11	559358	210	0
11	559358	211	6
11	559358	212	0
11	559358	213	6
11	559358	214	0
11	559358	215	4
11	559358	216	0
11	559358	217	0
11	559358	218	3
11	559358	219	6
11	559358	220	6
11	559358	221	6
11	559358	222	0
11	559358	223	6
11	559358	224	0
11	559358	225	6
11	559358	226	6
11	559358	227	0
11	559358	228	6
11	559358	229	2
11	559358	230	6
11	559358	231	0
11	559358	232	1
11	559358	233	0
11	559358	234	2
11	559358	235	6
11	559358	236	0
11	559358	237	0
11	559358	238	3
vector 12  abilene_network.client[1]  hdistance[1]  ETV
12	559358	1	0
12	559358	2	0
12	559358	3	0
12	559358	4	0
12	559358	5	0.375
12	559358	6	0
12	559358	7	0.85714285714286
12	559358	8	1.0714285714286
12	559358	9	0.44444444444444
12	559358	10	0.53846153846154
12	559358	11	0.47368421052632
12	559358	12	0.22222222222222
12	559358	13	2
12	559358	14	1.1428571428571
12	559358	15	2.3333333333333
12	559358	16	2.6
12	559358	17	3.1666666666667
12	559358	18	2.0666666666667
12	559358	19	0.5
12	559358	20	1.3571428571429
12	559358	21	0.88888888888889
12	559358	22	1.5
12	559358	23	0.44444444444444
12	559358	24	1.5
12	559358	25	3.1111111111111
12	559358	26	1.6
12	559358	27	3
12	559358	28	3
12	559358	29	2.8333333333333
12	559358	30	1.4
12	559358	31	0
12	559358	32	3
12	559358	33	4.25
12	559358	34	2.875
12	559358	35	1.6666666666667
12	559358	36	3.2
12	559358	37	1.5
12	559358	38	1.5
12	559358	39	5
12	559358	40	1.4
12	559358	41	2.25
12	559358	42	2
12	559358	43	1.25
12	559358	44	1.8
12	559358	45	0
12	559358	46	3.25
12	559358	47	2.5
12	559358	48	3.3333333333333
12	559358	49	2.75
12	559358	50	2.3333333333333
12	559358	51	0
12	559358	52	0
12	559358	53	4.5
12	559358	54	2.5
12	559358	55	2.5
12	559358	56	0.71428571428571
12	559358	57	0.83333333333333
12	559358	58	4
12	559358	59	2.3333333333333
12	559358	60	3
12	559358	61	3.3333333333333
12	559358	62	2
12	559358	63	4
12	559358	64	4
12	559358	65	1.5
12	559358	66	2.25
12	559358	67	1.5
12	559358	68	2.5
12	559358	69	2.3333333333333
12	559358	70	1.875
12	559358	71	3
12	559358	72	0
12	559358	73	5
12	559358	74	3.3333333333333
12	559358	75	0.5
12	559358	76	0
12	559358	77	2
12	559358	78	2.6666666666667
12	559358	79	5
12	559358	80	5
12	559358	81	4.5
12	559358	82	5
12	559358	83	2.5
12	559358	84	4.3333333333333
12	559358	85	5
12	559358	86	0
12	559358	87	4.6666666666667
12	559358	88	3.3333333333333
12	559358	89	4.6
12	559358	90	5
12	559358	91	4
12	559358	92	5
12	559358	93	3.3333333333333
12	559358	94	4
12	559358	95	5
12	559358	96	2.6666666666667
12	559358	97	5
12	559358	98	0
12	559358	99	3.7142857142857
12	559358	100	2
12	559358	101	5
12	559358	102	0
12	559358	103	3
12	559358	104	3.5
12	559358	105	3
12	559358	106	0
12	559358	107	4
12	559358	108	0
12	559358	109	5
12	559358	110	0
12	559358	111	0
12	559358	112	5
12	559358	113	1
12	559358	114	3
12	559358	115	5
12	559358	116	3
12	559358	117	5
12	559358	118	0
12	559358	119	5
12	559358	120	3.5
12	559358	121	0
12	559358	122	5
12	559358	123	4.5
12	559358	124	2
12	559358	125	5
12	559358	126	0
12	559358	127	4
12	559358	128	0
12	559358	129	0
12	559358	130	0
12	559358	131	3
12	559358	132	3.25
12	559358	133	5
12	559358	134	2.5
12	559358	135	3.5
12	559358	136	0
12	559358	137	5
12	559358	138	5
12	559358	139	0
12	559358	140	5
12	559358	141	3.2
12	559358	142	3
12	559358	143	0
12	559358	144	3
12	559358	145	5
12	559358	146	0
12	559358	147	5
12	559358	148	0
12	559358	149	3.3333333333333
12	559358	150	5
12	559358	151	5
12	559358	152	0
12	559358	153	5
12	559358	154	5
12	559358	155	5
12	559358	156	0
12	559358	157	5
12	559358	158	5
12	559358	159	5
12	559358	160	5
12	559358	161	0.5
12	559358	162	5
12	559358	163	5
12	559358	164	0
12	559358	165	0
12	559358	166	2.6666666666667
12	559358	167	2
12	559358	168	0
12	559358	169	5
12	559358	170	0
12	559358	171	2.5
12	559358	172	5
12	559358	173	0
12	559358	174	0
12	559358	175	0
12	559358	176	0
12	559358	177	4.6666666666667
12	559358	178	5
12	559358	179	5
12	559358	180	0
12	559358	181	0
12	559358	182	5
12	559358	183	3
12	559358	184	5
12	559358	185	5
12	559358	186	5
12	559358	187	0
12	559358	188	0
12	559358	189	5
12	559358	190	0
12	559358	191	5
12	559358	192	5
12	559358	193	5
12	559358	194	0
12	559358	195	0
12	559358	196	5
12	559358	197	0
12	559358	198	0
12	559358	199	0
12	559358	200	0
12	559358	201	0
12	559358	202	5
12	559358	203	3
12	559358	204	5
12	559358	205	5
12	559358	206	5
12	559358	207	5
12	559358	208	3
12	559358	209	0
12	559358	210	0
12	559358	211	0
12	559358	212	5
12	559358	213	5
12	559358	214	0
12	559358	215	5
12	559358	216	0
12	559358	217	0
12	559358	218	0
12	559358	219	1
12	559358	220	0
12	559358	221	0
12	559358	222	2.5
12	559358	223	4.75
12	559358	224	5
12	559358	225	4.5
12	559358	226	0
12	559358	227	5
12	559358	228	5
12	559358	229	5
12	559358	230	0
12	559358	231	0
12	559358	232	0
12	559358	233	0
12	559358	234	3
12	559358	235	5
12	559358	236	0
12	559358	237	0
12	559358	238	3.5
vector 13  abilene_network.client[2]  hdistance[2]  ETV
13	559358	1	0
13	559358	2	0
13	559358	3	0.10810810810811
13	559358	4	0.057142857142857
13	559358	5	0.32
13	559358	6	1.2777777777778
13	559358	7	0.22222222222222
13	559358	8	1.2105263157895
13	559358	9	1.047619047619
13	559358	10	0.41176470588235
13	559358	11	1.7692307692308
13	559358	12	0.33333333333333
13	559358	13	0.5
13	559358	14	2
13	559358	15	0.6
13	559358	16	1.1
13	559358	17	1.25
13	559358	18	1.2
13	559358	19	1.75
13	559358	20	1.3333333333333
13	559358	21	1.5
13	559358	22	3.2
13	559358	23	1.125
13	559358	24	2.6666666666667
13	559358	25	2
13	559358	26	0.44444444444444
13	559358	27	2.5
13	559358	28	1.8333333333333
13	559358	29	1
13	559358	30	2
13	559358	31	2.75
13	559358	32	2.75
13	559358	33	0
13	559358	34	2
13	559358	35	3.75
13	559358	36	2.5
13	559358	37	1.8333333333333
13	559358	38	2.6
13	559358	39	2
13	559358	40	1.6666666666667
13	559358	41	3.75
13	559358	42	3.375
13	559358	43	1.625
13	559358	44	3.3333333333333
13	559358	45	3
13	559358	46	2
13	559358	47	2
13	559358	48	3
13	559358	49	4
13	559358	50	3.3333333333333
13	559358	51	2.4285714285714
13	559358	52	2.5
13	559358	53	3
13	559358	54	0.5
13	559358	55	2.5
13	559358	56	2
13	559358	57	2.6666666666667
13	559358	58	4
13	559358	59	2.6666666666667
13	559358	60	2.3333333333333
13	559358	61	1.8333333333333
13	559358	62	0
13	559358	63	2
13	559358	64	2
13	559358	65	0.5
13	559358	66	2.5
13	559358	67	2
13	559358	68	2
13	559358	69	4
13	559358	70	4
13	559358	71	4
13	559358	72	2.5
13	559358	73	4
13	559358	74	4
13	559358	75	3.5
13	559358	76	2.5
13	559358	77	2.5
13	559358	78	2.3333333333333
13	559358	79	0
13	559358	80	0
13	559358	81	2.5
13	559358	82	4
13	559358	83	4
13	559358	84	4
13	559358	85	2
13	559358	86	2.6666666666667
13	559358	87	0
13	559358	88	3
13	559358	89	0
13	559358	90	4
13	559358	91	0
13	559358	92	4
13	559358	93	2.6666666666667
13	559358	94	2
13	559358	95	0
13	559358	96	0
13	559358	97	4
13	559358	98	3.5
13	559358	99	4
13	559358	100	0
13	559358	101	0
13	559358	102	4
13	559358	103	2
13	559358	104	4
13	559358	105	4
13	559358	106	0
13	559358	107	4
13	559358	108	2
13	559358	109	4
13	559358	110	4
13	559358	111	4
13	559358	112	1
13	559358	113	3.3333333333333
13	559358	114	3.6666666666667
13	559358	115	1
13	559358	116	3
13	559358	117	4
13	559358	118	2
13	559358	119	4
13	559358	120	1.75
13	559358	121	3
13	559358	122	0
13	559358	123	0
13	559358	124	4
13	559358	125	4
13	559358	126	3.5
13	559358	127	3.5
13	559358	128	3.3333333333333
13	559358	129	0
13	559358	130	0
13	559358	131	3
13	559358	132	4
13	559358	133	0
13	559358	134	0
13	559358	135	4
13	559358	136	2
13	559358	137	0
13	559358	138	0
13	559358	139	4
13	559358	140	0
13	559358	141	0
13	559358	142	2.5
13	559358	143	4
13	559358	144	2
13	559358	145	2
13	559358	146	4
13	559358	147	4
13	559358	148	4
13	559358	149	0
13	559358	150	4
13	559358	151	0
13	559358	152	0
13	559358	153	0
13	559358	154	4
13	559358	155	4
13	559358	156	4
13	559358	157	4
13	559358	158	3
13	559358	159	0
13	559358	160	2
13	559358	161	0
13	559358	162	2
13	559358	163	4
13	559358	164	4
13	559358	165	0
13	559358	166	4
13	559358	167	4
13	559358	168	0
13	559358	169	4
13	559358	170	4
13	559358	171	4
13	559358	172	4
13	559358	173	0
13	559358	174	0
13	559358	175	4
13	559358	176	4
13	559358	177	0
13	559358	178	4
13	559358	179	4
13	559358	180	4
13	559358	181	4
13	559358	182	1.5
13	559358	183	4
13	559358	184	0
13	559358	185	4
13	559358	186	4
13	559358	187	0
13	559358	188	4
13	559358	189	0
13	559358	190	4
13	559358	191	0
13	559358	192	4
13	559358	193	0
13	559358	194	4
13	559358	195	4
13	559358	196	3
13	559358	197	4
13	559358	198	1
13	559358	199	4
13	559358	200	4
13	559358	201	4
13	559358	202	2
13	559358	203	4
13	559358	204	4
13	559358	205	4
13	559358	206	0
13	559358	207	4
13	559358	208	2.5
13	559358	209	4
13	559358	210	4
13	559358	211	4
13	559358	212	4
13	559358	213	4
13	559358	214	4
13	559358	215	0
13	559358	216	4
13	559358	217	4
13	559358	218	4
13	559358	219	0
13	559358	220	0
13	559358	221	0
13	559358	222	0
13	559358	223	4
13	559358	224	4
13	559358	225	4
13	559358	226	0
13	559358	227	4
13	559358	228	2
13	559358	229	2
13	559358	230	0
13	559358	231	2.5
13	559358	232	4
13	559358	233	0
13	559358	234	4
13	559358	235	4
13	559358	236	0
13	559358	237	0
13	559358	238	4
vector 14  abilene_network.client[3]  hdistance[3]  ETV
14	559358	1	0
14	559358	2	0.13636363636364
14	559358	3	0.024390243902439
14	559358	4	0.43243243243243
14	559358	5	0.20833333333333
14	559358	6	0.30769230769231
14	559358	7	1.6875
14	559358	8	0.61538461538462
14	559358	9	1.3333333333333
14	559358	10	1.0588235294118
14	559358	11	0.88888888888889
14	559358	12	0.42105263157895
14	559358	13	0.3
14	559358	14	0.78571428571429
14	559358	15	1.6363636363636
14	559358	16	0.5
14	559358	17	0.2
14	559358	18	1.8888888888889
14	559358	19	1.3
14	559358	20	1.1666666666667
14	559358	21	0.27272727272727
14	559358	22	3
14	559358	23	0.88888888888889
14	559358	24	1
14	559358	25	1.8333333333333
14	559358	26	2.4444444444444
14	559358	27	1.4
14	559358	28	2.3333333333333
14	559358	29	0.8
14	559358	30	2.5
14	559358	31	2
14	559358	32	1.6666666666667
14	559358	33	2.5
14	559358	34	0.55555555555556
14	559358	35	2
14	559358	36	0.75
14	559358	37	1.6666666666667
14	559358	38	1
14	559358	39	2
14	559358	40	1.8
14	559358	41	2.6666666666667
14	559358	42	2.5
14	559358	43	1.5
14	559358	44	1.6666666666667
14	559358	45	2
14	559358	46	1.6666666666667
14	559358	47	2
14	559358	48	0
14	559358	49	3
14	559358	50	1.75
14	559358	51	1.3333333333333
14	559358	52	2.2
14	559358	53	2
14	559358	54	2
14	559358	55	3
14	559358	56	3
14	559358	57	3
14	559358	58	1.5
14	559358	59	3
14	559358	60	1.6
14	559358	61	1.6666666666667
14	559358	62	2.3333333333333
14	559358	63	2
14	559358	64	0
14	559358	65	1.7142857142857
14	559358	66	1.3333333333333
14	559358	67	2
14	559358	68	2.3333333333333
14	559358	69	1.375
14	559358	70	0.5
14	559358	71	2
14	559358	72	1.3333333333333
14	559358	73	3
14	559358	74	2
14	559358	75	1.5
14	559358	76	1.5
14	559358	77	1.5
14	559358	78	3
14	559358	79	3
14	559358	80	2
14	559358	81	2.6666666666667
14	559358	82	3
14	559358	83	2.6666666666667
14	559358	84	2.5
14	559358	85	2.5
14	559358	86	3
14	559358	87	3
14	559358	88	1
14	559358	89	3
14	559358	90	3
14	559358	91	2
14	559358	92	3
14	559358	93	3
14	559358	94	3
14	559358	95	3
14	559358	96	0
14	559358	97	3
14	559358	98	2.5
14	559358	99	0
14	559358	100	2.25
14	559358	101	2.6
14	559358	102	0
14	559358	103	3
14	559358	104	3
14	559358	105	3
14	559358	106	0
14	559358	107	2.6666666666667
14	559358	108	3
14	559358	109	3
14	559358	110	2
14	559358	111	3
14	559358	112	1.5
14	559358	113	0
14	559358	114	0
14	559358	115	3
14	559358	116	3
14	559358	117	2.25
14	559358	118	0
14	559358	119	3
14	559358	120	3
14	559358	121	3
14	559358	122	2
14	559358	123	1.6666666666667
14	559358	124	3
14	559358	125	0.75
14	559358	126	2.5
14	559358	127	1.8
14	559358	128	2.25
14	559358	129	3
14	559358	130	3
14	559358	131	0
14	559358	132	3
14	559358	133	0
14	559358	134	2.5
14	559358	135	1
14	559358	136	3
14	559358	137	0
14	559358	138	2
14	559358	139	3
14	559358	140	2.25
14	559358	141	0
14	559358	142	0
14	559358	143	3
14	559358	144	3
14	559358	145	0.5
14	559358	146	1.5
14	559358	147	0
14	559358	148	0
14	559358	149	3
14	559358	150	0
14	559358	151	0
14	559358	152	0
14	559358	153	3
14	559358	154	3
14	559358	155	0
14	559358	156	3
14	559358	157	2.3333333333333
14	559358	158	0
14	559358	159	0
14	559358	160	3
14	559358	161	2
14	559358	162	3
14	559358	163	3
14	559358	164	0
14	559358	165	0
14	559358	166	1
14	559358	167	0
14	559358	168	0
14	559358	169	0
14	559358	170	0
14	559358	171	1
14	559358	172	0
14	559358	173	3
14	559358	174	0
14	559358	175	1
14	559358	176	0
14	559358	177	0
14	559358	178	3
14	559358	179	2
14	559358	180	0
14	559358	181	3
14	559358	182	1
14	559358	183	2
14	559358	184	3
14	559358	185	1
14	559358	186	2.5
14	559358	187	2
14	559358	188	3
14	559358	189	0
14	559358	190	3
14	559358	191	0
14	559358	192	2
14	559358	193	3
14	559358	194	3
14	559358	195	3
14	559358	196	3
14	559358	197	0
14	559358	198	3
14	559358	199	3
14	559358	200	0
14	559358	201	2
14	559358	202	3
14	559358	203	3
14	559358	204	3
14	559358	205	0
14	559358	206	0
14	559358	207	3
14	559358	208	0
14	559358	209	3
14	559358	210	0
14	559358	211	3
14	559358	212	2
14	559358	213	3
14	559358	214	3
14	559358	215	2
14	559358	216	3
14	559358	217	3
14	559358	218	3
14	559358	219	3
14	559358	220	0
14	559358	221	3
14	559358	222	3
14	559358	223	0
14	559358	224	3
14	559358	225	1.5
14	559358	226	0
14	559358	227	0
14	559358	228	0
14	559358	229	3
14	559358	230	0
14	559358	231	0
14	559358	232	0
14	559358	233	0
14	559358	234	0
14	559358	235	3
14	559358	236	2
14	559358	237	3
14	559358	238	3
vector 15  abilene_network.client[4]  hdistance[4]  ETV
15	559358	1	0
15	559358	2	0.14285714285714
15	559358	3	0.16666666666667
15	559358	4	0.32352941176471
15	559358	5	0.42307692307692
15	559358	6	0.36
15	559358	7	0.42105263157895
15	559358	8	0.25
15	559358	9	0.70588235294118
15	559358	10	0.083333333333333
15	559358	11	0.3125
15	559358	12	1.4285714285714
15	559358	13	0.66666666666667
15	559358	14	1.1
15	559358	15	2
15	559358	16	0.27272727272727
15	559358	17	1.2857142857143
15	559358	18	0.75
15	559358	19	2
15	559358	20	0.92307692307692
15	559358	21	0.44444444444444
15	559358	22	2
15	559358	23	2
15	559358	24	1.9
15	559358	25	0.33333333333333
15	559358	26	2
15	559358	27	1.4
15	559358	28	0.28571428571429
15	559358	29	1.6
15	559358	30	1.4285714285714
15	559358	31	1.2
15	559358	32	0.66666666666667
15	559358	33	1.3333333333333
15	559358	34	1.5
15	559358	35	1.3333333333333
15	559358	36	0
15	559358	37	1.3333333333333
15	559358	38	2
15	559358	39	1.5
15	559358	40	1.75
15	559358	41	0.75
15	559358	42	1.5
15	559358	43	0.8
15	559358	44	1.75
15	559358	45	1
15	559358	46	1.3333333333333
15	559358	47	1.4285714285714
15	559358	48	2
15	559358	49	2
15	559358	50	1.25
15	559358	51	2
15	559358	52	1.8
15	559358	53	1.6666666666667
15	559358	54	0
15	559358	55	2
15	559358	56	1.3333333333333
15	559358	57	1.25
15	559358	58	1.5
15	559358	59	2
15	559358	60	1
15	559358	61	1.75
15	559358	62	1.2857142857143
15	559358	63	1
15	559358	64	0.8
15	559358	65	0
15	559358	66	1.3333333333333
15	559358	67	2
15	559358	68	1.1666666666667
15	559358	69	2
15	559358	70	0
15	559358	71	2
15	559358	72	0
15	559358	73	2
15	559358	74	2
15	559358	75	1
15	559358	76	0
15	559358	77	2
15	559358	78	0.5
15	559358	79	2
15	559358	80	1.8
15	559358	81	1.5
15	559358	82	2
15	559358	83	2
15	559358	84	0
15	559358	85	0
15	559358	86	1.5
15	559358	87	2
15	559358	88	0
15	559358	89	2
15	559358	90	1.5
15	559358	91	1.5
15	559358	92	2
15	559358	93	1.25
15	559358	94	2
15	559358	95	0
15	559358	96	0
15	559358	97	2
15	559358	98	2
15	559358	99	2
15	559358	100	0
15	559358	101	1
15	559358	102	2
15	559358	103	2
15	559358	104	2
15	559358	105	2
15	559358	106	2
15	559358	107	0
15	559358	108	2
15	559358	109	2
15	559358	110	0
15	559358	111	1
15	559358	112	0
15	559358	113	2
15	559358	114	0
15	559358	115	2
15	559358	116	0
15	559358	117	1
15	559358	118	0
15	559358	119	1
15	559358	120	2
15	559358	121	1.3333333333333
15	559358	122	0
15	559358	123	1.5
15	559358	124	2
15	559358	125	2
15	559358	126	2
15	559358	127	2
15	559358	128	1.5
15	559358	129	2
15	559358	130	0
15	559358	131	0
15	559358	132	2
15	559358	133	2
15	559358	134	2
15	559358	135	2
15	559358	136	2
15	559358	137	1
15	559358	138	0
15	559358	139	2
15	559358	140	2
15	559358	141	0
15	559358	142	2
15	559358	143	2
15	559358	144	1
15	559358	145	1.3333333333333
15	559358	146	2
15	559358	147	2
15	559358	148	2
15	559358	149	1.5
15	559358	150	2
15	559358	151	2
15	559358	152	1.6666666666667
15	559358	153	0
15	559358	154	1
15	559358	155	2
15	559358	156	2
15	559358	157	2
15	559358	158	1
15	559358	159	0
15	559358	160	0
15	559358	161	0
15	559358	162	0
15	559358	163	2
15	559358	164	1.75
15	559358	165	2
15	559358	166	0
15	559358	167	2
15	559358	168	2
15	559358	169	1
15	559358	170	2
15	559358	171	2
15	559358	172	2
15	559358	173	2
15	559358	174	2
15	559358	175	0
15	559358	176	2
15	559358	177	1.6666666666667
15	559358	178	0
15	559358	179	2
15	559358	180	0
15	559358	181	2
15	559358	182	0.5
15	559358	183	2
15	559358	184	2
15	559358	185	2
15	559358	186	2
15	559358	187	1
15	559358	188	2
15	559358	189	2
15	559358	190	2
15	559358	191	2
15	559358	192	0
15	559358	193	0
15	559358	194	2
15	559358	195	2
15	559358	196	1.6666666666667
15	559358	197	0
15	559358	198	1
15	559358	199	0
15	559358	200	0
15	559358	201	0
15	559358	202	1
15	559358	203	0
15	559358	204	0
15	559358	205	0
15	559358	206	0
15	559358	207	2
15	559358	208	2
15	559358	209	0
15	559358	210	2
15	559358	211	1.5
15	559358	212	2
15	559358	213	0
15	559358	214	0
15	559358	215	2
15	559358	216	2
15	559358	217	2
15	559358	218	0
15	559358	219	2
15	559358	220	2
15	559358	221	0
15	559358	222	0
15	559358	223	2
15	559358	224	2
15	559358	225	0
15	559358	226	2
15	559358	227	2
15	559358	228	2
15	559358	229	0
15	559358	230	2
15	559358	231	0
15	559358	232	0
15	559358	233	2
15	559358	234	0
15	559358	235	2
15	559358	236	2
15	559358	237	2
15	559358	238	2
vector 16  abilene_network.client[5]  hdistance[5]  ETV
16	559358	1	0
16	559358	2	0
16	559358	3	0.18918918918919
16	559358	4	0.6551724137931
16	559358	5	0.4375
16	559358	6	0.52
16	559358	7	0.61111111111111
16	559358	8	0.47368421052632
16	559358	9	0.54545454545455
16	559358	10	0.75
16	559358	11	0.1
16	559358	12	0.5
16	559358	13	0.29411764705882
16	559358	14	0.33333333333333
16	559358	15	0.85714285714286
16	559358	16	0.46153846153846
16	559358	17	0.45454545454545
16	559358	18	0.71428571428571
16	559358	19	0.90909090909091
16	559358	20	1
16	559358	21	1
16	559358	22	1
16	559358	23	1
16	559358	24	0.85714285714286
16	559358	25	0.8
16	559358	26	1
16	559358	27	0.75
16	559358	28	0.66666666666667
16	559358	29	0.6
16	559358	30	0.66666666666667
16	559358	31	1
16	559358	32	0.57142857142857
16	559358	33	0.66666666666667
16	559358	34	0.55555555555556
16	559358	35	1
16	559358	36	0.5
16	559358	37	0.2
16	559358	38	0.5
16	559358	39	0.75
16	559358	40	0.5
16	559358	41	0.5
16	559358	42	0.4
16	559358	43	0.33333333333333
16	559358	44	0
16	559358	45	1
16	559358	46	1
16	559358	47	1
16	559358	48	1
16	559358	49	1
16	559358	50	1
16	559358	51	1
16	559358	52	1
16	559358	53	0.5
16	559358	54	1
16	559358	55	1
16	559358	56	1
16	559358	57	1
16	559358	58	1
16	559358	59	1
16	559358	60	0
16	559358	61	0.75
16	559358	62	0.71428571428571
16	559358	63	1
16	559358	64	1
16	559358	65	1
16	559358	66	1
16	559358	67	1
16	559358	68	0.66666666666667
16	559358	69	0
16	559358	70	0
16	559358	71	1
16	559358	72	0.33333333333333
16	559358	73	1
16	559358	74	1
16	559358	75	0
16	559358	76	1
16	559358	77	1
16	559358	78	0
16	559358	79	1
16	559358	80	0.75
16	559358	81	0
16	559358	82	0.75
16	559358	83	1
16	559358	84	1
16	559358	85	0
16	559358	86	0.5
16	559358	87	1
16	559358	88	1
16	559358	89	1
16	559358	90	1
16	559358	91	1
16	559358	92	0.8
16	559358	93	1
16	559358	94	1
16	559358	95	1
16	559358	96	1
16	559358	97	1
16	559358	98	0.33333333333333
16	559358	99	1
16	559358	100	0
16	559358	101	1
16	559358	102	1
16	559358	103	1
16	559358	104	1
16	559358	105	0.66666666666667
16	559358	106	0
16	559358	107	0.5
16	559358	108	1
16	559358	109	1
16	559358	110	1
16	559358	111	0.5
16	559358	112	1
16	559358	113	0
16	559358	114	0.75
16	559358	115	1
16	559358	116	0.66666666666667
16	559358	117	0
16	559358	118	1
16	559358	119	0
16	559358	120	0
16	559358	121	1
16	559358	122	0.66666666666667
16	559358	123	0.5
16	559358	124	1
16	559358	125	1
16	559358	126	0
16	559358	127	1
16	559358	128	1
16	559358	129	1
16	559358	130	0
16	559358	131	1
16	559358	132	1
16	559358	133	0.5
16	559358	134	1
16	559358	135	0
16	559358	136	1
16	559358	137	1
16	559358	138	0
16	559358	139	1
16	559358	140	1
16	559358	141	1
16	559358	142	1
16	559358	143	1
16	559358	144	0.83333333333333
16	559358	145	1
16	559358	146	1
16	559358	147	0
16	559358	148	1
16	559358	149	1
16	559358	150	1
16	559358	151	1
16	559358	152	1
16	559358	153	0
16	559358	154	0
16	559358	155	0
16	559358	156	1
16	559358	157	1
16	559358	158	1
16	559358	159	1
16	559358	160	1
16	559358	161	1
16	559358	162	1
16	559358	163	1
16	559358	164	1
16	559358	165	1
16	559358	166	1
16	559358	167	0
16	559358	168	0
16	559358	169	0
16	559358	170	1
16	559358	171	0
16	559358	172	1
16	559358	173	0
16	559358	174	1
16	559358	175	0
16	559358	176	1
16	559358	177	1
16	559358	178	1
16	559358	179	0.5
16	559358	180	1
16	559358	181	1
16	559358	182	1
16	559358	183	0
16	559358	184	0
16	559358	185	0
16	559358	186	1
16	559358	187	1
16	559358	188	0
16	559358	189	1
16	559358	190	1
16	559358	191	1
16	559358	192	1
16	559358	193	1
16	559358	194	1
16	559358	195	0
16	559358	196	1
16	559358	197	1
16	559358	198	0
16	559358	199	1
16	559358	200	0
16	559358	201	1
16	559358	202	0
16	559358	203	1
16	559358	204	1
16	559358	205	1
16	559358	206	0
16	559358	207	1
16	559358	208	1
16	559358	209	0
16	559358	210	0
16	559358	211	1
16	559358	212	0
16	559358	213	1
16	559358	214	0
16	559358	215	1
16	559358	216	1
16	559358	217	1
16	559358	218	0
16	559358	219	0
16	559358	220	0
16	559358	221	0
16	559358	222	0
16	559358	223	1
16	559358	224	0
16	559358	225	1
16	559358	226	1
16	559358	227	0
16	559358	228	0
16	559358	229	0
16	559358	230	1
16	559358	231	1
16	559358	232	0
16	559358	233	1
16	559358	234	0
16	559358	235	0
16	559358	236	1
16	559358	237	1
16	559358	238	1
vector 17  abilene_network.client[6]  hdistance[6]  ETV
17	559358	1	0
17	559358	2	0
17	559358	3	0.25641025641026
17	559358	4	0.12121212121212
17	559358	5	0.83333333333333
17	559358	6	1.2916666666667
17	559358	7	0
17	559358	8	0.31578947368421
17	559358	9	1.1666666666667
17	559358	10	0.17647058823529
17	559358	11	0.28571428571429
17	559358	12	1
17	559358	13	1.0833333333333
17	559358	14	1
17	559358	15	1.375
17	559358	16	1
17	559358	17	1
17	559358	18	0.83333333333333
17	559358	19	1.3333333333333
17	559358	20	1.7272727272727
17	559358	21	0
17	559358	22	1.5
17	559358	23	2
17	559358	24	1
17	559358	25	1.5
17	559358	26	2
17	559358	27	1.6666666666667
17	559358	28	0.72727272727273
17	559358	29	0.33333333333333
17	559358	30	1.8571428571429
17	559358	31	1.3636363636364
17	559358	32	1
17	559358	33	1.8
17	559358	34	0.75
17	559358	35	1
17	559358	36	1
17	559358	37	1.5
17	559358	38	1.8
17	559358	39	1
17	559358	40	1.5
17	559358	41	1.25
17	559358	42	1
17	559358	43	1
17	559358	44	1
17	559358	45	0
17	559358	46	1.25
17	559358	47	0
17	559358	48	2
17	559358	49	1
17	559358	50	0
17	559358	51	0
17	559358	52	0.66666666666667
17	559358	53	1
17	559358	54	1.6666666666667
17	559358	55	2
17	559358	56	0
17	559358	57	1.4
17	559358	58	1
17	559358	59	1
17	559358	60	1.5
17	559358	61	1.75
17	559358	62	2
17	559358	63	0.66666666666667
17	559358	64	1.2
17	559358	65	2
17	559358	66	2
17	559358	67	0.5
17	559358	68	1.6666666666667
17	559358	69	1.2
17	559358	70	2
17	559358	71	1.3333333333333
17	559358	72	2
17	559358	73	2
17	559358	74	1.5
17	559358	75	1.1666666666667
17	559358	76	2
17	559358	77	2
17	559358	78	1
17	559358	79	0.5
17	559358	80	2
17	559358	81	1.5
17	559358	82	0
17	559358	83	2
17	559358	84	0
17	559358	85	2
17	559358	86	2
17	559358	87	1.5
17	559358	88	2
17	559358	89	2
17	559358	90	2
17	559358	91	1.3333333333333
17	559358	92	2
17	559358	93	2
17	559358	94	2
17	559358	95	0
17	559358	96	2
17	559358	97	0
17	559358	98	2
17	559358	99	2
17	559358	100	2
17	559358	101	2
17	559358	102	1
17	559358	103	1
17	559358	104	2
17	559358	105	0
17	559358	106	2
17	559358	107	1.3333333333333
17	559358	108	2
17	559358	109	2
17	559358	110	2
17	559358	111	2
17	559358	112	2
17	559358	113	2
17	559358	114	2
17	559358	115	0
17	559358	116	2
17	559358	117	2
17	559358	118	2
17	559358	119	2
17	559358	120	1
17	559358	121	1.6666666666667
17	559358	122	0
17	559358	123	1.8
17	559358	124	0.66666666666667
17	559358	125	1.3333333333333
17	559358	126	0
17	559358	127	2
17	559358	128	0.66666666666667
17	559358	129	2
17	559358	130	2
17	559358	131	2
17	559358	132	2
17	559358	133	2
17	559358	134	2
17	559358	135	2
17	559358	136	2
17	559358	137	1
17	559358	138	0
17	559358	139	1
17	559358	140	0
17	559358	141	0
17	559358	142	1.6666666666667
17	559358	143	0
17	559358	144	2
17	559358	145	0
17	559358	146	2
17	559358	147	2
17	559358	148	1.5
17	559358	149	0
17	559358	150	1
17	559358	151	2
17	559358	152	2
17	559358	153	2
17	559358	154	0
17	559358	155	2
17	559358	156	2
17	559358	157	0
17	559358	158	0
17	559358	159	2
17	559358	160	0
17	559358	161	2
17	559358	162	2
17	559358	163	2
17	559358	164	0
17	559358	165	2
17	559358	166	0
17	559358	167	0
17	559358	168	1.5
17	559358	169	0
17	559358	170	0
17	559358	171	0
17	559358	172	2
17	559358	173	2
17	559358	174	2
17	559358	175	2
17	559358	176	2
17	559358	177	0
17	559358	178	2
17	559358	179	0
17	559358	180	0.5
17	559358	181	2
17	559358	182	0
17	559358	183	1.6666666666667
17	559358	184	0
17	559358	185	2
17	559358	186	2
17	559358	187	1.6666666666667
17	559358	188	2
17	559358	189	2
17	559358	190	0
17	559358	191	0
17	559358	192	2
17	559358	193	2
17	559358	194	2
17	559358	195	2
17	559358	196	1.3333333333333
17	559358	197	2
17	559358	198	0
17	559358	199	2
17	559358	200	2
17	559358	201	2
17	559358	202	2
17	559358	203	0
17	559358	204	2
17	559358	205	0
17	559358	206	2
17	559358	207	0
17	559358	208	2
17	559358	209	2
17	559358	210	0
17	559358	211	2
17	559358	212	2
17	559358	213	2
17	559358	214	2
17	559358	215	2
17	559358	216	0
17	559358	217	0
17	559358	218	0
17	559358	219	0
17	559358	220	0
17	559358	221	2
17	559358	222	2
17	559358	223	1.5
17	559358	224	2
17	559358	225	2
17	559358	226	2
17	559358	227	2
17	559358	228	2
17	559358	229	2
17	559358	230	0
17	559358	231	0.5
17	559358	232	2
17	559358	233	2
17	559358	234	2
17	559358	235	1
17	559358	236	0
17	559358	237	0
17	559358	238	0
vector 18  abilene_network.client[7]  hdistance[7]  ETV
18	559358	1	0
18	559358	2	0
18	559358	3	0
18	559358	4	0
18	559358	5	0
18	559358	6	0
18	559358	7	0
18	559358	8	0.13333333333333
18	559358	9	0.66666666666667
18	559358	10	0.8
18	559358	11	0.58823529411765
18	559358	12	0.28571428571429
18	559358	13	1.2
18	559358	14	2.1111111111111
18	559358	15	0.23076923076923
18	559358	16	0.85714285714286
18	559358	17	1.5
18	559358	18	1.4
18	559358	19	0.75
18	559358	20	0.88888888888889
18	559358	21	1.5
18	559358	22	2.3333333333333
18	559358	23	0.0625
18	559358	24	0.875
18	559358	25	1.5
18	559358	26	0.6
18	559358	27	0
18	559358	28	0.83333333333333
18	559358	29	1.6
18	559358	30	0.75
18	559358	31	1.2
18	559358	32	2.2
18	559358	33	0
18	559358	34	2
18	559358	35	2.5
18	559358	36	2.2857142857143
18	559358	37	1.1666666666667
18	559358	38	1.3333333333333
18	559358	39	3
18	559358	40	0.5
18	559358	41	3
18	559358	42	3
18	559358	43	2.5
18	559358	44	2.6666666666667
18	559358	45	2.3333333333333
18	559358	46	2.3333333333333
18	559358	47	0
18	559358	48	2
18	559358	49	2.6666666666667
18	559358	50	1.6666666666667
18	559358	51	2.4
18	559358	52	3
18	559358	53	1.5
18	559358	54	3
18	559358	55	3
18	559358	56	3
18	559358	57	2
18	559358	58	0.66666666666667
18	559358	59	1.6666666666667
18	559358	60	1
18	559358	61	3
18	559358	62	0
18	559358	63	2
18	559358	64	1
18	559358	65	0
18	559358	66	0.5
18	559358	67	3
18	559358	68	2.25
18	559358	69	1.6666666666667
18	559358	70	0
18	559358	71	2.5
18	559358	72	2.3333333333333
18	559358	73	3
18	559358	74	2.6666666666667
18	559358	75	3
18	559358	76	3
18	559358	77	3
18	559358	78	1.4
18	559358	79	3
18	559358	80	0
18	559358	81	2.2
18	559358	82	3
18	559358	83	3
18	559358	84	3
18	559358	85	3
18	559358	86	2
18	559358	87	3
18	559358	88	1
18	559358	89	1.5
18	559358	90	0
18	559358	91	1
18	559358	92	3
18	559358	93	0
18	559358	94	3
18	559358	95	3
18	559358	96	3
18	559358	97	3
18	559358	98	3
18	559358	99	2.5
18	559358	100	3
18	559358	101	0
18	559358	102	0
18	559358	103	1.75
18	559358	104	3
18	559358	105	3
18	559358	106	2.5
18	559358	107	2.5
18	559358	108	0
18	559358	109	3
18	559358	110	0
18	559358	111	2.5
18	559358	112	0
18	559358	113	0
18	559358	114	2.3333333333333
18	559358	115	3
18	559358	116	3
18	559358	117	2
18	559358	118	3
18	559358	119	3
18	559358	120	2
18	559358	121	2
18	559358	122	3
18	559358	123	3
18	559358	124	3
18	559358	125	0
18	559358	126	2
18	559358	127	1.5
18	559358	128	0
18	559358	129	3
18	559358	130	0
18	559358	131	3
18	559358	132	0
18	559358	133	3
18	559358	134	0
18	559358	135	3
18	559358	136	2
18	559358	137	3
18	559358	138	3
18	559358	139	1
18	559358	140	3
18	559358	141	3
18	559358	142	0
18	559358	143	3
18	559358	144	0
18	559358	145	3
18	559358	146	3
18	559358	147	0
18	559358	148	1
18	559358	149	3
18	559358	150	0
18	559358	151	3
18	559358	152	0
18	559358	153	2
18	559358	154	3
18	559358	155	3
18	559358	156	3
18	559358	157	3
18	559358	158	3
18	559358	159	3
18	559358	160	0
18	559358	161	0
18	559358	162	3
18	559358	163	0
18	559358	164	3
18	559358	165	0
18	559358	166	0
18	559358	167	3
18	559358	168	3
18	559358	169	1.5
18	559358	170	3
18	559358	171	0
18	559358	172	0.5
18	559358	173	0
18	559358	174	3
18	559358	175	3
18	559358	176	0
18	559358	177	1.5
18	559358	178	0
18	559358	179	0
18	559358	180	0
18	559358	181	3
18	559358	182	2.5
18	559358	183	3
18	559358	184	3
18	559358	185	0
18	559358	186	0
18	559358	187	3
18	559358	188	0
18	559358	189	0
18	559358	190	3
18	559358	191	3
18	559358	192	0
18	559358	193	3
18	559358	194	0
18	559358	195	0
18	559358	196	3
18	559358	197	3
18	559358	198	3
18	559358	199	3
18	559358	200	0
18	559358	201	3
18	559358	202	3
18	559358	203	3
18	559358	204	3
18	559358	205	0
18	559358	206	3
18	559358	207	2
18	559358	208	0
18	559358	209	3
18	559358	210	0
18	559358	211	0
18	559358	212	1.6666666666667
18	559358	213	3
18	559358	214	3
18	559358	215	3
18	559358	216	0
18	559358	217	0
18	559358	218	0
18	559358	219	3
18	559358	220	0
18	559358	221	3
18	559358	222	0
18	559358	223	3
18	559358	224	0
18	559358	225	3
18	559358	226	0
18	559358	227	3
18	559358	228	3
18	559358	229	0
18	559358	230	3
18	559358	231	2
18	559358	232	0
18	559358	233	0
18	559358	234	3
18	559358	235	1.5
18	559358	236	3
18	559358	237	0
18	559358	238	0
vector 19  abilene_network.client[8]  hdistance[8]  ETV
19	559358	1	0
19	559358	2	0
19	559358	3	0
19	559358	4	0
19	559358	5	0
19	559358	6	0
19	559358	7	0.125
19	559358	8	0
19	559358	9	0
19	559358	10	0
19	559358	11	0.22222222222222
19	559358	12	0.53846153846154
19	559358	13	0.85714285714286
19	559358	14	0
19	559358	15	0.5
19	559358	16	1
19	559358	17	0.25
19	559358	18	0.53333333333333
19	559358	19	0.18181818181818
19	559358	20	2.5
19	559358	21	1.5
19	559358	22	1.4
19	559358	23	0.083333333333333
19	559358	24	0.25
19	559358	25	0.66666666666667
19	559358	26	2.8
19	559358	27	1.6666666666667
19	559358	28	0.66666666666667
19	559358	29	0
19	559358	30	0.14285714285714
19	559358	31	1.6666666666667
19	559358	32	2.3333333333333
19	559358	33	1.8333333333333
19	559358	34	1
19	559358	35	1.8
19	559358	36	0.6
19	559358	37	2.6
19	559358	38	1.5
19	559358	39	1
19	559358	40	1.4285714285714
19	559358	41	3
19	559358	42	3
19	559358	43	3.3333333333333
19	559358	44	0.5
19	559358	45	2
19	559358	46	2.8333333333333
19	559358	47	2.5
19	559358	48	2.5
19	559358	49	0.57142857142857
19	559358	50	1
19	559358	51	4
19	559358	52	2
19	559358	53	3.5
19	559358	54	0
19	559358	55	4
19	559358	56	4
19	559358	57	2.75
19	559358	58	4
19	559358	59	2.5
19	559358	60	1
19	559358	61	4
19	559358	62	3
19	559358	63	3.2
19	559358	64	0.4
19	559358	65	4
19	559358	66	0
19	559358	67	1
19	559358	68	4
19	559358	69	2.5
19	559358	70	3.6666666666667
19	559358	71	3
19	559358	72	2
19	559358	73	0
19	559358	74	3.5
19	559358	75	3
19	559358	76	4
19	559358	77	4
19	559358	78	2
19	559358	79	2
19	559358	80	2
19	559358	81	3.5
19	559358	82	1
19	559358	83	4
19	559358	84	3.5
19	559358	85	4
19	559358	86	1.6666666666667
19	559358	87	0
19	559358	88	4
19	559358	89	2
19	559358	90	3
19	559358	91	3
19	559358	92	4
19	559358	93	4
19	559358	94	2
19	559358	95	3
19	559358	96	2.5
19	559358	97	2
19	559358	98	4
19	559358	99	1
19	559358	100	4
19	559358	101	4
19	559358	102	4
19	559358	103	4
19	559358	104	4
19	559358	105	4
19	559358	106	4
19	559358	107	3.3333333333333
19	559358	108	4
19	559358	109	4
19	559358	110	4
19	559358	111	3.6666666666667
19	559358	112	4
19	559358	113	4
19	559358	114	3.6666666666667
19	559358	115	4
19	559358	116	3.5
19	559358	117	4
19	559358	118	4
19	559358	119	0
19	559358	120	3.25
19	559358	121	4
19	559358	122	2.5
19	559358	123	3.5
19	559358	124	4
19	559358	125	3
19	559358	126	0
19	559358	127	3
19	559358	128	4
19	559358	129	0
19	559358	130	4
19	559358	131	1
19	559358	132	4
19	559358	133	4
19	559358	134	1
19	559358	135	2.5
19	559358	136	2
19	559358	137	2
19	559358	138	4
19	559358	139	2
19	559358	140	4
19	559358	141	2
19	559358	142	4
19	559358	143	0
19	559358	144	4
19	559358	145	0
19	559358	146	4
19	559358	147	0
19	559358	148	2
19	559358	149	4
19	559358	150	3
19	559358	151	0
19	559358	152	4
19	559358	153	4
19	559358	154	0
19	559358	155	4
19	559358	156	0
19	559358	157	0
19	559358	158	4
19	559358	159	2.5
19	559358	160	4
19	559358	161	4
19	559358	162	4
19	559358	163	4
19	559358	164	3.6666666666667
19	559358	165	4
19	559358	166	4
19	559358	167	3
19	559358	168	3
19	559358	169	3
19	559358	170	4
19	559358	171	4
19	559358	172	0
19	559358	173	4
19	559358	174	4
19	559358	175	0
19	559358	176	0
19	559358	177	1
19	559358	178	4
19	559358	179	3.5
19	559358	180	2
19	559358	181	0
19	559358	182	4
19	559358	183	0
19	559358	184	0
19	559358	185	4
19	559358	186	0
19	559358	187	0
19	559358	188	4
19	559358	189	2
19	559358	190	0
19	559358	191	2.5
19	559358	192	0
19	559358	193	0
19	559358	194	4
19	559358	195	4
19	559358	196	0
19	559358	197	4
19	559358	198	0
19	559358	199	0
19	559358	200	3
19	559358	201	0
19	559358	202	4
19	559358	203	4
19	559358	204	4
19	559358	205	4
19	559358	206	4
19	559358	207	2
19	559358	208	0
19	559358	209	0
19	559358	210	4
19	559358	211	0
19	559358	212	1
19	559358	213	4
19	559358	214	2
19	559358	215	4
19	559358	216	4
19	559358	217	4
19	559358	218	4
19	559358	219	4
19	559358	220	4
19	559358	221	0
19	559358	222	4
19	559358	223	0
19	559358	224	4
19	559358	225	4
19	559358	226	0
19	559358	227	4
19	559358	228	4
19	559358	229	4
19	559358	230	0
19	559358	231	4
19	559358	232	4
19	559358	233	4
19	559358	234	0
19	559358	235	4
19	559358	236	4
19	559358	237	4
19	559358	238	0
vector 20  abilene_network.client[9]  hdistance[9]  ETV
20	559358	1	0
20	559358	2	0
20	559358	3	0
20	559358	4	0
20	559358	5	0
20	559358	6	0
20	559358	7	0
20	559358	8	0
20	559358	9	0.047619047619048
20	559358	10	0.17647058823529
20	559358	11	0
20	559358	12	0
20	559358	13	0.5
20	559358	14	0.2
20	559358	15	0
20	559358	16	0
20	559358	17	0
20	559358	18	0.33333333333333
20	559358	19	0.11111111111111
20	559358	20	0
20	559358	21	0.125
20	559358	22	3
20	559358	23	0
20	559358	24	0
20	559358	25	1.1666666666667
20	559358	26	2.5
20	559358	27	2.125
20	559358	28	0
20	559358	29	4
20	559358	30	1.8571428571429
20	559358	31	1.4285714285714
20	559358	32	0.83333333333333
20	559358	33	2
20	559358	34	0
20	559358	35	1.5
20	559358	36	0.5
20	559358	37	1
20	559358	38	0.6
20	559358	39	2
20	559358	40	5
20	559358	41	0
20	559358	42	0.71428571428571
20	559358	43	0
20	559358	44	1
20	559358	45	4
20	559358	46	2
20	559358	47	2.3333333333333
20	559358	48	0
20	559358	49	4
20	559358	50	1.8333333333333
20	559358	51	2
20	559358	52	1.5
20	559358	53	3
20	559358	54	5
20	559358	55	5
20	559358	56	2
20	559358	57	1
20	559358	58	2
20	559358	59	3.5
20	559358	60	4.75
20	559358	61	0
20	559358	62	3.5
20	559358	63	0.6
20	559358	64	2
20	559358	65	5
20	559358	66	3.6666666666667
20	559358	67	0.66666666666667
20	559358	68	0
20	559358	69	5
20	559358	70	0
20	559358	71	0
20	559358	72	5
20	559358	73	0
20	559358	74	5
20	559358	75	0
20	559358	76	1.5
20	559358	77	0
20	559358	78	5
20	559358	79	3
20	559358	80	5
20	559358	81	4.5
20	559358	82	2
20	559358	83	0
20	559358	84	2.3333333333333
20	559358	85	5
20	559358	86	1.5
20	559358	87	0
20	559358	88	3
20	559358	89	3.3333333333333
20	559358	90	5
20	559358	91	2.3333333333333
20	559358	92	1
20	559358	93	3
20	559358	94	4.3333333333333
20	559358	95	0
20	559358	96	0
20	559358	97	5
20	559358	98	0
20	559358	99	2
20	559358	100	4.6666666666667
20	559358	101	0
20	559358	102	4
20	559358	103	1.6666666666667
20	559358	104	5
20	559358	105	0
20	559358	106	5
20	559358	107	0
20	559358	108	1
20	559358	109	5
20	559358	110	4.6666666666667
20	559358	111	2
20	559358	112	5
20	559358	113	0
20	559358	114	3.8333333333333
20	559358	115	5
20	559358	116	3.5
20	559358	117	3.5
20	559358	118	5
20	559358	119	3.5
20	559358	120	1
20	559358	121	0.5
20	559358	122	3
20	559358	123	5
20	559358	124	5
20	559358	125	0.5
20	559358	126	4.5
20	559358	127	5
20	559358	128	5
20	559358	129	0
20	559358	130	0
20	559358	131	5
20	559358	132	5
20	559358	133	5
20	559358	134	3.5
20	559358	135	5
20	559358	136	5
20	559358	137	3.5
20	559358	138	5
20	559358	139	0
20	559358	140	0
20	559358	141	3
20	559358	142	0
20	559358	143	5
20	559358	144	0
20	559358	145	0
20	559358	146	5
20	559358	147	5
20	559358	148	5
20	559358	149	0
20	559358	150	0
20	559358	151	4
20	559358	152	5
20	559358	153	3.3333333333333
20	559358	154	5
20	559358	155	5
20	559358	156	5
20	559358	157	5
20	559358	158	0
20	559358	159	2
20	559358	160	0
20	559358	161	0
20	559358	162	0
20	559358	163	0
20	559358	164	5
20	559358	165	0
20	559358	166	5
20	559358	167	0
20	559358	168	0
20	559358	169	0
20	559358	170	0
20	559358	171	5
20	559358	172	0
20	559358	173	5
20	559358	174	0
20	559358	175	4.5
20	559358	176	0
20	559358	177	4
20	559358	178	5
20	559358	179	0
20	559358	180	3.6666666666667
20	559358	181	5
20	559358	182	2.3333333333333
20	559358	183	5
20	559358	184	5
20	559358	185	5
20	559358	186	4
20	559358	187	2
20	559358	188	5
20	559358	189	5
20	559358	190	5
20	559358	191	5
20	559358	192	5
20	559358	193	4
20	559358	194	5
20	559358	195	5
20	559358	196	0
20	559358	197	5
20	559358	198	5
20	559358	199	0
20	559358	200	3.5
20	559358	201	5
20	559358	202	0
20	559358	203	5
20	559358	204	5
20	559358	205	0
20	559358	206	5
20	559358	207	0
20	559358	208	0
20	559358	209	5
20	559358	210	5
20	559358	211	0
20	559358	212	1.25
20	559358	213	5
20	559358	214	5
20	559358	215	5
20	559358	216	5
20	559358	217	0
20	559358	218	0
20	559358	219	5
20	559358	220	0
20	559358	221	5
20	559358	222	0
20	559358	223	5
20	559358	224	5
20	559358	225	3
20	559358	226	4
20	559358	227	5
20	559358	228	1
20	559358	229	4
20	559358	230	0
20	559358	231	0
20	559358	232	5
20	559358	233	5
20	559358	234	5
20	559358	235	3
20	559358	236	5
20	559358	237	3
20	559358	238	0
vector 21  abilene_network.client[10]  hdistance[10]  ETV
21	559358	1	0
21	559358	2	0
21	559358	3	0
21	559358	4	0
21	559358	5	0
21	559358	6	0
21	559358	7	0
21	559358	8	0
21	559358	9	0
21	559358	10	0.3125
21	559358	11	0
21	559358	12	0
21	559358	13	0
21	559358	14	0
21	559358	15	0
21	559358	16	0.2
21	559358	17	2.6666666666667
21	559358	18	0
21	559358	19	1.4285714285714
21	559358	20	2.2857142857143
21	559358	21	2
21	559358	22	1.25
21	559358	23	0
21	559358	24	2.2727272727273
21	559358	25	1.5
21	559358	26	0
21	559358	27	0
21	559358	28	0.4
21	559358	29	2.2857142857143
21	559358	30	1.1666666666667
21	559358	31	1.7142857142857
21	559358	32	3.375
21	559358	33	4
21	559358	34	1
21	559358	35	2
21	559358	36	4
21	559358	37	0
21	559358	38	1.8
21	559358	39	6
21	559358	40	0.14285714285714
21	559358	41	2
21	559358	42	1
21	559358	43	0
21	559358	44	6
21	559358	45	4
21	559358	46	3
21	559358	47	3.5
21	559358	48	1.6666666666667
21	559358	49	0.5
21	559358	50	3
21	559358	51	0
21	559358	52	0.83333333333333
21	559358	53	3
21	559358	54	4
21	559358	55	3.8
21	559358	56	3
21	559358	57	0.5
21	559358	58	3
21	559358	59	6
21	559358	60	4.5
21	559358	61	2
21	559358	62	2.5
21	559358	63	3.4
21	559358	64	0
21	559358	65	6
21	559358	66	1.5
21	559358	67	2
21	559358	68	3
21	559358	69	5.5
21	559358	70	5
21	559358	71	1.3333333333333
21	559358	72	3
21	559358	73	6
21	559358	74	5.5
21	559358	75	5.5
21	559358	76	4.5
21	559358	77	0
21	559358	78	1.6666666666667
21	559358	79	5
21	559358	80	0
21	559358	81	4
21	559358	82	1
21	559358	83	6
21	559358	84	2
21	559358	85	1.5
21	559358	86	3.5
21	559358	87	3
21	559358	88	6
21	559358	89	0
21	559358	90	0
21	559358	91	4
21	559358	92	6
21	559358	93	2
21	559358	94	6
21	559358	95	0
21	559358	96	3.6666666666667
21	559358	97	3.5
21	559358	98	4.3333333333333
21	559358	99	0
21	559358	100	1.8
21	559358	101	0
21	559358	102	5
21	559358	103	2
21	559358	104	4
21	559358	105	5.3333333333333
21	559358	106	6
21	559358	107	4
21	559358	108	1
21	559358	109	4.75
21	559358	110	4
21	559358	111	5
21	559358	112	1
21	559358	113	5
21	559358	114	6
21	559358	115	6
21	559358	116	6
21	559358	117	2.25
21	559358	118	6
21	559358	119	6
21	559358	120	0
21	559358	121	5.5
21	559358	122	6
21	559358	123	0
21	559358	124	5
21	559358	125	5
21	559358	126	6
21	559358	127	0
21	559358	128	0.66666666666667
21	559358	129	6
21	559358	130	0
21	559358	131	5
21	559358	132	0
21	559358	133	5
21	559358	134	6
21	559358	135	6
21	559358	136	6
21	559358	137	6
21	559358	138	4.6666666666667
21	559358	139	3
21	559358	140	6
21	559358	141	0
21	559358	142	6
21	559358	143	4.3333333333333
21	559358	144	6
21	559358	145	0
21	559358	146	6
21	559358	147	6
21	559358	148	6
21	559358	149	6
21	559358	150	6
21	559358	151	6
21	559358	152	6
21	559358	153	0
21	559358	154	4.5
21	559358	155	6
21	559358	156	0
21	559358	157	0
21	559358	158	6
21	559358	159	0
21	559358	160	4.6666666666667
21	559358	161	6
21	559358	162	0
21	559358	163	6
21	559358	164	6
21	559358	165	2.6666666666667
21	559358	166	4.6666666666667
21	559358	167	6
21	559358	168	3.5
21	559358	169	0
21	559358	170	0
21	559358	171	4
21	559358	172	6
21	559358	173	0
21	559358	174	6
21	559358	175	5.6666666666667
21	559358	176	6
21	559358	177	5.5
21	559358	178	0
21	559358	179	3
21	559358	180	6
21	559358	181	2
21	559358	182	4
21	559358	183	0
21	559358	184	6
21	559358	185	0
21	559358	186	5.5
21	559358	187	0
21	559358	188	6
21	559358	189	6
21	559358	190	0
21	559358	191	0
21	559358	192	6
21	559358	193	1
21	559358	194	4.5
21	559358	195	1
21	559358	196	0
21	559358	197	2
21	559358	198	0
21	559358	199	0
21	559358	200	0
21	559358	201	0
21	559358	202	6
21	559358	203	0
21	559358	204	6
21	559358	205	6
21	559358	206	0
21	559358	207	0
21	559358	208	3
21	559358	209	5.5
21	559358	210	0
21	559358	211	6
21	559358	212	3
21	559358	213	0
21	559358	214	0
21	559358	215	6
21	559358	216	5
21	559358	217	0
21	559358	218	6
21	559358	219	0
21	559358	220	0
21	559358	221	6
21	559358	222	6
21	559358	223	0
21	559358	224	6
21	559358	225	6
21	559358	226	3
21	559358	227	0
21	559358	228	4
21	559358	229	5
21	559358	230	0
21	559358	231	4
21	559358	232	6
21	559358	233	5
21	559358	234	6
21	559358	235	6
21	559358	236	6
21	559358	237	5
21	559358	238	6
