version 2
run General-6-20140103-22:18:19-32212
attr D lce
attr F spr
attr R lru
attr a 1
attr configname General
attr csize 10^4
attr datetime 20140103-22:18:19
attr experiment General
attr inifile omnetpp.ini
attr iterationvars "$net=simple_scenario_cache_in_the_core, $rep=0, $a=1, $F=spr, $ttl=1000, $D=lce, $R=lru, $csize=10^4"
attr iterationvars2 "$net=simple_scenario_cache_in_the_core, $rep=0, $a=1, $F=spr, $ttl=1000, $D=lce, $R=lru, $csize=10^4, $repetition=0"
attr measurement "$net=simple_scenario_cache_in_the_core, $rep=0, $a=1, $F=spr, $ttl=1000, $D=lce, $R=lru, $csize=10^4"
attr net simple_scenario_cache_in_the_core
attr network networks.${net=simple_scenario_cache_in_the_core,simple_scenario_cache_at_border}_network
attr processid 32212
attr rep 0
attr repetition 0
attr replication #0
attr resultdir results
attr runnumber 6
attr seedset 0
attr ttl 1000

vector 36  simple_scenario_cache_in_the_core_network.node[0].content_store  hit_node[0]  ETV
36	988632	1	1
36	988632	2	1
36	988632	3	1
36	988632	4	1
36	988632	5	1
36	988632	6	1
36	988632	7	1
36	988632	8	1
36	988632	9	1
36	988632	10	1
36	988632	11	1
36	988632	12	1
36	988632	13	1
36	988632	14	1
36	988632	15	1
36	988632	16	1
36	988632	17	1
36	988632	18	1
36	988632	19	1
36	988632	20	1
36	988632	21	1
36	988632	22	1
36	988632	23	1
36	988632	24	1
36	988632	25	1
36	988632	26	1
36	988632	27	1
36	988632	28	1
36	988632	29	1
36	988632	30	1
36	988632	31	1
36	988632	32	1
36	988632	33	1
36	988632	34	1
36	988632	35	1
36	988632	36	1
36	988632	37	1
36	988632	38	1
36	988632	39	1
36	988632	40	1
36	988632	41	1
36	988632	42	1
36	988632	43	1
36	988632	44	1
36	988632	45	1
36	988632	46	1
36	988632	47	1
36	988632	48	1
36	988632	49	1
36	988632	50	1
36	988632	51	1
36	988632	52	1
36	988632	53	1
36	988632	54	1
36	988632	55	1
36	988632	56	1
36	988632	57	1
36	988632	58	1
36	988632	59	1
36	988632	60	1
36	988632	61	1
36	988632	62	1
36	988632	63	1
36	988632	64	1
36	988632	65	1
36	988632	66	1
36	988632	67	1
36	988632	68	1
36	988632	69	1
36	988632	70	1
36	988632	71	1
36	988632	72	1
36	988632	73	1
36	988632	74	1
36	988632	75	1
36	988632	76	1
36	988632	77	1
36	988632	78	1
36	988632	79	1
36	988632	80	1
36	988632	81	1
36	988632	82	1
36	988632	83	1
36	988632	84	1
36	988632	85	1
36	988632	86	1
36	988632	87	1
36	988632	88	1
36	988632	89	1
36	988632	90	1
36	988632	91	1
36	988632	92	1
36	988632	93	1
36	988632	94	1
36	988632	95	1
36	988632	96	1
36	988632	97	1
36	988632	98	1
36	988632	99	1
36	988632	100	1
36	988632	101	1
36	988632	102	1
36	988632	103	1
36	988632	104	1
36	988632	105	1
36	988632	106	1
36	988632	107	1
36	988632	108	1
36	988632	109	1
36	988632	110	1
36	988632	111	1
36	988632	112	1
36	988632	113	1
36	988632	114	1
36	988632	115	1
36	988632	116	1
36	988632	117	1
36	988632	118	1
36	988632	119	1
36	988632	120	1
36	988632	121	1
36	988632	122	1
36	988632	123	1
36	988632	124	1
36	988632	125	1
36	988632	126	1
36	988632	127	1
36	988632	128	1
36	988632	129	1
36	988632	130	1
36	988632	131	1
36	988632	132	1
36	988632	133	1
36	988632	134	1
36	988632	135	1
36	988632	136	1
36	988632	137	1
36	988632	138	1
36	988632	139	1
36	988632	140	1
36	988632	141	1
36	988632	142	1
36	988632	143	1
36	988632	144	1
36	988632	145	1
36	988632	146	1
36	988632	147	1
36	988632	148	1
36	988632	149	1
36	988632	150	1
36	988632	151	1
36	988632	152	1
36	988632	153	1
36	988632	154	1
36	988632	155	1
36	988632	156	1
36	988632	157	1
36	988632	158	1
36	988632	159	1
36	988632	160	1
36	988632	161	1
36	988632	162	1
36	988632	163	1
36	988632	164	1
36	988632	165	1
36	988632	166	1
36	988632	167	1
36	988632	168	1
36	988632	169	1
36	988632	170	1
36	988632	171	1
36	988632	172	1
36	988632	173	1
36	988632	174	1
36	988632	175	1
36	988632	176	1
36	988632	177	1
36	988632	178	1
36	988632	179	1
36	988632	180	1
36	988632	181	1
36	988632	182	1
36	988632	183	1
36	988632	184	1
36	988632	185	1
36	988632	186	1
36	988632	187	1
36	988632	188	1
36	988632	189	1
36	988632	190	1
36	988632	191	1
36	988632	192	1
36	988632	193	1
36	988632	194	1
36	988632	195	1
36	988632	196	1
36	988632	197	1
36	988632	198	1
36	988632	199	1
36	988632	200	1
36	988632	201	1
36	988632	202	1
36	988632	203	1
36	988632	204	0.98076923076923
36	988632	205	1
36	988632	206	1
36	988632	207	1
36	988632	208	1
36	988632	209	1
36	988632	210	1
36	988632	211	1
36	988632	212	1
36	988632	213	1
36	988632	214	1
36	988632	215	1
36	988632	216	1
36	988632	217	1
36	988632	218	1
36	988632	219	1
36	988632	220	1
36	988632	221	1
36	988632	222	1
36	988632	223	1
36	988632	224	0.98245614035088
36	988632	225	1
36	988632	226	1
36	988632	227	1
36	988632	228	1
36	988632	229	1
36	988632	230	1
36	988632	231	1
36	988632	232	1
36	988632	233	1
36	988632	234	1
36	988632	235	0.97222222222222
36	988632	236	1
36	988632	237	1
36	988632	238	0.98245614035088
36	988632	239	1
36	988632	240	1
36	988632	241	1
36	988632	242	1
36	988632	243	1
36	988632	244	1
36	988632	245	1
36	988632	246	1
36	988632	247	1
36	988632	248	0.98181818181818
36	988632	249	1
36	988632	250	0.97872340425532
36	988632	251	1
36	988632	252	1
36	988632	253	1
36	988632	254	1
36	988632	255	1
36	988632	256	1
36	988632	257	1
36	988632	258	1
36	988632	259	1
36	988632	260	1
36	988632	261	1
36	988632	262	1
36	988632	263	1
36	988632	264	1
36	988632	265	1
36	988632	266	1
36	988632	267	1
36	988632	268	1
36	988632	269	1
36	988632	270	1
36	988632	271	1
36	988632	272	1
36	988632	273	0.97297297297297
36	988632	274	1
36	988632	275	1
36	988632	276	1
36	988632	277	1
36	988632	278	0.97435897435897
36	988632	279	1
36	988632	280	0.97619047619048
36	988632	281	1
36	988632	282	1
36	988632	283	1
36	988632	284	1
36	988632	285	1
36	988632	286	1
36	988632	287	1
36	988632	288	1
36	988632	289	1
36	988632	290	1
36	988632	291	0.96666666666667
36	988632	292	1
36	988632	293	1
36	988632	294	1
36	988632	295	1
36	988632	296	1
36	988632	297	1
36	988632	298	1
36	988632	299	1
36	988632	300	0.96969696969697
36	988632	301	1
36	988632	302	1
36	988632	303	0.97619047619048
36	988632	304	1
36	988632	305	0.97368421052632
36	988632	306	1
36	988632	307	1
36	988632	308	0.97368421052632
36	988632	309	1
36	988632	310	0.97222222222222
36	988632	311	1
36	988632	312	1
36	988632	313	1
36	988632	314	0.97619047619048
36	988632	315	1
36	988632	316	1
36	988632	317	0.97222222222222
36	988632	318	1
36	988632	319	0.97674418604651
36	988632	320	0.94871794871795
36	988632	321	0.97368421052632
36	988632	322	1
36	988632	323	1
36	988632	324	0.96969696969697
36	988632	325	1
36	988632	326	1
36	988632	327	0.96666666666667
36	988632	328	1
36	988632	329	0.97142857142857
36	988632	330	0.97297297297297
36	988632	331	0.96
36	988632	332	0.97619047619048
36	988632	333	1
36	988632	334	1
36	988632	335	0.9375
36	988632	336	0.975
36	988632	337	1
36	988632	338	1
36	988632	339	0.97727272727273
36	988632	340	0.97619047619048
36	988632	341	1
36	988632	342	0.96969696969697
36	988632	343	1
36	988632	344	0.93548387096774
36	988632	345	1
36	988632	346	1
36	988632	347	0.97619047619048
36	988632	348	0.97435897435897
36	988632	349	0.96875
36	988632	350	1
36	988632	351	0.96
36	988632	352	1
36	988632	353	1
36	988632	354	1
36	988632	355	1
36	988632	356	1
36	988632	357	0.96875
36	988632	358	1
36	988632	359	0.96969696969697
36	988632	360	0.97058823529412
36	988632	361	1
36	988632	362	1
36	988632	363	1
36	988632	364	0.92857142857143
36	988632	365	1
36	988632	366	1
36	988632	367	0.97058823529412
36	988632	368	1
36	988632	369	1
36	988632	370	0.96666666666667
36	988632	371	0.97297297297297
36	988632	372	0.97297297297297
36	988632	373	0.96
36	988632	374	0.96969696969697
36	988632	375	0.96
36	988632	376	0.96296296296296
36	988632	377	1
36	988632	378	0.97142857142857
36	988632	379	1
36	988632	380	0.92
36	988632	381	0.97222222222222
36	988632	382	0.90322580645161
36	988632	383	1
36	988632	384	0.96969696969697
36	988632	385	0.92
36	988632	386	0.96969696969697
36	988632	387	1
36	988632	388	0.8125
36	988632	389	1
36	988632	390	0.93103448275862
36	988632	391	1
36	988632	392	1
36	988632	393	0.96296296296296
36	988632	394	0.96875
36	988632	395	1
36	988632	396	0.96969696969697
36	988632	397	1
36	988632	398	0.96774193548387
36	988632	399	0.97297297297297
36	988632	400	1
36	988632	401	0.96875
36	988632	402	0.97435897435897
36	988632	403	0.97058823529412
36	988632	404	0.84
36	988632	405	1
36	988632	406	1
36	988632	407	1
36	988632	408	0.96875
36	988632	409	0.96774193548387
36	988632	410	1
36	988632	411	1
36	988632	412	1
36	988632	413	1
36	988632	414	0.96774193548387
36	988632	415	1
36	988632	416	0.97142857142857
36	988632	417	0.85714285714286
36	988632	418	0.92592592592593
36	988632	419	0.95652173913043
36	988632	420	1
36	988632	421	1
36	988632	422	0.96551724137931
36	988632	423	1
36	988632	424	0.94285714285714
36	988632	425	0.94444444444444
36	988632	426	0.96875
36	988632	427	1
36	988632	428	1
36	988632	429	0.96774193548387
36	988632	430	0.96774193548387
36	988632	431	0.88
36	988632	432	0.96296296296296
36	988632	433	0.97435897435897
36	988632	434	0.92857142857143
36	988632	435	1
36	988632	436	0.875
36	988632	437	1
36	988632	438	1
36	988632	439	1
36	988632	440	0.91304347826087
36	988632	441	1
36	988632	442	1
36	988632	443	0.95833333333333
36	988632	444	0.90909090909091
36	988632	445	0.96
36	988632	446	1
36	988632	447	0.97142857142857
36	988632	448	0.96875
36	988632	449	0.93939393939394
36	988632	450	0.93939393939394
36	988632	451	0.90909090909091
36	988632	452	1
36	988632	453	0.95833333333333
36	988632	454	0.96296296296296
36	988632	455	0.91666666666667
36	988632	456	1
36	988632	457	1
36	988632	458	0.96428571428571
36	988632	459	1
36	988632	460	1
36	988632	461	0.89473684210526
36	988632	462	0.92
36	988632	463	0.95652173913043
36	988632	464	0.96428571428571
36	988632	465	0.96774193548387
36	988632	466	0.95238095238095
36	988632	467	0.96153846153846
36	988632	468	0.96551724137931
36	988632	469	1
36	988632	470	0.90909090909091
36	988632	471	0.96551724137931
36	988632	472	0.92857142857143
36	988632	473	1
36	988632	474	0.96153846153846
36	988632	475	0.90909090909091
36	988632	476	0.86363636363636
36	988632	477	0.88888888888889
36	988632	478	1
36	988632	479	0.875
36	988632	480	0.89655172413793
36	988632	481	0.96666666666667
36	988632	482	0.70588235294118
36	988632	483	0.90909090909091
36	988632	484	0.96774193548387
36	988632	485	0.91666666666667
36	988632	486	0.96969696969697
36	988632	487	0.86666666666667
36	988632	488	1
36	988632	489	0.90909090909091
36	988632	490	0.96296296296296
36	988632	491	0.96969696969697
36	988632	492	0.96296296296296
36	988632	493	0.97142857142857
36	988632	494	0.96
36	988632	495	1
36	988632	496	0.96551724137931
36	988632	497	0.91666666666667
36	988632	498	0.86363636363636
36	988632	499	1
36	988632	500	0.92307692307692
36	988632	501	0.95454545454545
36	988632	502	0.90909090909091
36	988632	503	0.95833333333333
36	988632	504	0.88235294117647
36	988632	505	0.85
36	988632	506	0.96296296296296
36	988632	507	0.96666666666667
36	988632	508	0.82352941176471
36	988632	509	1
36	988632	510	1
36	988632	511	0.89473684210526
36	988632	512	0.88888888888889
36	988632	513	0.9047619047619
36	988632	514	0.96153846153846
36	988632	515	1
36	988632	516	1
36	988632	517	0.86363636363636
36	988632	518	0.96153846153846
36	988632	519	0.8125
36	988632	520	0.96296296296296
36	988632	521	0.91304347826087
36	988632	522	0.92857142857143
36	988632	523	0.9047619047619
36	988632	524	0.88
36	988632	525	0.95238095238095
36	988632	526	1
36	988632	527	0.96428571428571
36	988632	528	0.9047619047619
36	988632	529	0.95238095238095
36	988632	530	1
36	988632	531	0.89473684210526
36	988632	532	0.93333333333333
36	988632	533	1
36	988632	534	0.96428571428571
36	988632	535	0.9047619047619
36	988632	536	1
36	988632	537	0.875
36	988632	538	0.89473684210526
36	988632	539	0.85714285714286
36	988632	540	0.8695652173913
36	988632	541	0.95238095238095
36	988632	542	1
36	988632	543	0.96969696969697
36	988632	544	0.96
36	988632	545	0.96428571428571
36	988632	546	0.88888888888889
36	988632	547	0.875
36	988632	548	0.96428571428571
36	988632	549	0.9
36	988632	550	0.94736842105263
36	988632	551	0.96428571428571
36	988632	552	0.88888888888889
36	988632	553	1
36	988632	554	0.8695652173913
36	988632	555	0.77777777777778
36	988632	556	0.95454545454545
36	988632	557	0.86363636363636
36	988632	558	0.875
36	988632	559	0.9
36	988632	560	0.875
36	988632	561	0.94736842105263
36	988632	562	0.96
36	988632	563	0.96774193548387
36	988632	564	0.96296296296296
36	988632	565	0.94117647058824
36	988632	566	0.90909090909091
36	988632	567	0.96
36	988632	568	0.95
36	988632	569	0.88888888888889
36	988632	570	0.94736842105263
36	988632	571	1
36	988632	572	0.8
36	988632	573	0.96153846153846
36	988632	574	0.88235294117647
36	988632	575	0.93333333333333
36	988632	576	0.83333333333333
36	988632	577	0.90909090909091
36	988632	578	0.91666666666667
36	988632	579	0.92
36	988632	580	0.9047619047619
36	988632	581	1
36	988632	582	0.85714285714286
36	988632	583	0.92307692307692
36	988632	584	0.95238095238095
36	988632	585	0.8695652173913
36	988632	586	0.82352941176471
36	988632	587	1
36	988632	588	0.91666666666667
36	988632	589	0.91304347826087
36	988632	590	0.95833333333333
36	988632	591	0.95238095238095
36	988632	592	0.875
36	988632	593	0.84210526315789
36	988632	594	0.96153846153846
36	988632	595	0.95652173913043
36	988632	596	1
36	988632	597	0.86363636363636
36	988632	598	1
36	988632	599	0.96774193548387
36	988632	600	0.90909090909091
36	988632	601	0.88235294117647
36	988632	602	0.89473684210526
36	988632	603	0.91304347826087
36	988632	604	0.78571428571429
36	988632	605	0.88235294117647
36	988632	606	0.94444444444444
36	988632	607	0.83333333333333
36	988632	608	0.93333333333333
36	988632	609	0.95833333333333
36	988632	610	0.8
36	988632	611	0.82352941176471
36	988632	612	0.94736842105263
36	988632	613	0.85714285714286
36	988632	614	0.875
36	988632	615	0.82352941176471
36	988632	616	0.88888888888889
36	988632	617	1
36	988632	618	0.77777777777778
36	988632	619	0.96
36	988632	620	0.92
36	988632	621	0.84210526315789
36	988632	622	1
36	988632	623	0.84615384615385
36	988632	624	0.88235294117647
36	988632	625	0.85714285714286
36	988632	626	0.94117647058824
36	988632	627	0.95
36	988632	628	1
36	988632	629	0.9047619047619
36	988632	630	0.94736842105263
36	988632	631	0.94117647058824
36	988632	632	0.89473684210526
36	988632	633	0.82352941176471
36	988632	634	0.95833333333333
36	988632	635	0.95833333333333
36	988632	636	0.95238095238095
36	988632	637	0.96428571428571
36	988632	638	0.95833333333333
36	988632	639	0.76470588235294
36	988632	640	0.86363636363636
36	988632	641	0.94444444444444
36	988632	642	0.94444444444444
36	988632	643	0.75
36	988632	644	0.82352941176471
36	988632	645	0.77777777777778
36	988632	646	0.71428571428571
36	988632	647	0.9047619047619
36	988632	648	0.8125
36	988632	649	0.91304347826087
36	988632	650	0.78947368421053
36	988632	651	0.78571428571429
36	988632	652	0.76923076923077
36	988632	653	0.85714285714286
36	988632	654	0.9047619047619
36	988632	655	0.90909090909091
36	988632	656	0.875
36	988632	657	0.96153846153846
36	988632	658	0.95
36	988632	659	0.9047619047619
36	988632	660	0.92
36	988632	661	0.69230769230769
36	988632	662	0.875
36	988632	663	0.84615384615385
36	988632	664	0.8125
36	988632	665	0.85714285714286
36	988632	666	0.92307692307692
36	988632	667	0.95454545454545
36	988632	668	0.76470588235294
36	988632	669	0.89473684210526
36	988632	670	0.95454545454545
36	988632	671	0.95833333333333
36	988632	672	0.95454545454545
36	988632	673	0.92307692307692
36	988632	674	0.92307692307692
36	988632	675	0.86363636363636
36	988632	676	0.86363636363636
36	988632	677	0.95454545454545
36	988632	678	0.8125
36	988632	679	0.96428571428571
36	988632	680	0.82352941176471
36	988632	681	0.84210526315789
36	988632	682	1
36	988632	683	0.6
36	988632	684	0.84210526315789
36	988632	685	0.94117647058824
36	988632	686	0.8125
36	988632	687	0.95652173913043
36	988632	688	0.89473684210526
36	988632	689	0.78571428571429
36	988632	690	0.94117647058824
36	988632	691	0.9
36	988632	692	0.77777777777778
36	988632	693	0.85
36	988632	694	0.95238095238095
36	988632	695	0.91304347826087
36	988632	696	0.55555555555556
36	988632	697	0.9047619047619
36	988632	698	0.90909090909091
36	988632	699	0.90909090909091
36	988632	700	0.78947368421053
36	988632	701	0.92
36	988632	702	0.94444444444444
36	988632	703	0.83333333333333
36	988632	704	0.83333333333333
36	988632	705	0.96296296296296
36	988632	706	0.88235294117647
36	988632	707	0.95454545454545
36	988632	708	0.94444444444444
36	988632	709	0.875
36	988632	710	0.76470588235294
36	988632	711	0.83333333333333
36	988632	712	0.88888888888889
36	988632	713	0.88235294117647
36	988632	714	0.875
36	988632	715	0.83333333333333
36	988632	716	1
36	988632	717	0.8
36	988632	718	0.63636363636364
36	988632	719	0.90909090909091
36	988632	720	0.66666666666667
36	988632	721	0.75
36	988632	722	0.76470588235294
36	988632	723	0.78571428571429
36	988632	724	0.94117647058824
36	988632	725	0.88888888888889
36	988632	726	0.88235294117647
36	988632	727	0.88235294117647
36	988632	728	0.54545454545455
36	988632	729	0.85714285714286
36	988632	730	0.89473684210526
36	988632	731	0.76923076923077
36	988632	732	0.88235294117647
36	988632	733	0.82352941176471
36	988632	734	0.81818181818182
36	988632	735	1
36	988632	736	0.92
36	988632	737	0.875
36	988632	738	0.875
36	988632	739	0.9047619047619
36	988632	740	0.71428571428571
36	988632	741	0.88235294117647
36	988632	742	0.8
36	988632	743	0.9
36	988632	744	0.71428571428571
36	988632	745	0.89473684210526
36	988632	746	0.78571428571429
36	988632	747	0.85
36	988632	748	0.95238095238095
36	988632	749	0.91666666666667
36	988632	750	0.73333333333333
vector 37  simple_scenario_cache_in_the_core_network.node[1].content_store  hit_node[1]  ETV
37	988632	1	-nan
37	988632	2	-nan
37	988632	3	-nan
37	988632	4	-nan
37	988632	5	-nan
37	988632	6	-nan
37	988632	7	-nan
37	988632	8	-nan
37	988632	9	-nan
37	988632	10	-nan
37	988632	11	-nan
37	988632	12	-nan
37	988632	13	-nan
37	988632	14	-nan
37	988632	15	-nan
37	988632	16	-nan
37	988632	17	-nan
37	988632	18	-nan
37	988632	19	-nan
37	988632	20	-nan
37	988632	21	-nan
37	988632	22	-nan
37	988632	23	-nan
37	988632	24	-nan
37	988632	25	-nan
37	988632	26	-nan
37	988632	27	-nan
37	988632	28	-nan
37	988632	29	-nan
37	988632	30	-nan
37	988632	31	-nan
37	988632	32	-nan
37	988632	33	-nan
37	988632	34	-nan
37	988632	35	-nan
37	988632	36	-nan
37	988632	37	-nan
37	988632	38	-nan
37	988632	39	-nan
37	988632	40	-nan
37	988632	41	-nan
37	988632	42	-nan
37	988632	43	-nan
37	988632	44	-nan
37	988632	45	-nan
37	988632	46	-nan
37	988632	47	-nan
37	988632	48	-nan
37	988632	49	-nan
37	988632	50	-nan
37	988632	51	-nan
37	988632	52	-nan
37	988632	53	-nan
37	988632	54	-nan
37	988632	55	-nan
37	988632	56	-nan
37	988632	57	-nan
37	988632	58	-nan
37	988632	59	-nan
37	988632	60	-nan
37	988632	61	-nan
37	988632	62	-nan
37	988632	63	-nan
37	988632	64	-nan
37	988632	65	-nan
37	988632	66	-nan
37	988632	67	-nan
37	988632	68	-nan
37	988632	69	-nan
37	988632	70	-nan
37	988632	71	-nan
37	988632	72	-nan
37	988632	73	-nan
37	988632	74	-nan
37	988632	75	-nan
37	988632	76	-nan
37	988632	77	-nan
37	988632	78	-nan
37	988632	79	-nan
37	988632	80	-nan
37	988632	81	-nan
37	988632	82	-nan
37	988632	83	-nan
37	988632	84	-nan
37	988632	85	-nan
37	988632	86	-nan
37	988632	87	-nan
37	988632	88	-nan
37	988632	89	-nan
37	988632	90	-nan
37	988632	91	-nan
37	988632	92	-nan
37	988632	93	-nan
37	988632	94	-nan
37	988632	95	-nan
37	988632	96	-nan
37	988632	97	-nan
37	988632	98	-nan
37	988632	99	-nan
37	988632	100	-nan
37	988632	101	-nan
37	988632	102	-nan
37	988632	103	-nan
37	988632	104	-nan
37	988632	105	-nan
37	988632	106	-nan
37	988632	107	-nan
37	988632	108	-nan
37	988632	109	-nan
37	988632	110	-nan
37	988632	111	-nan
37	988632	112	-nan
37	988632	113	-nan
37	988632	114	-nan
37	988632	115	-nan
37	988632	116	-nan
37	988632	117	-nan
37	988632	118	-nan
37	988632	119	-nan
37	988632	120	-nan
37	988632	121	-nan
37	988632	122	-nan
37	988632	123	-nan
37	988632	124	-nan
37	988632	125	-nan
37	988632	126	-nan
37	988632	127	-nan
37	988632	128	-nan
37	988632	129	-nan
37	988632	130	-nan
37	988632	131	-nan
37	988632	132	-nan
37	988632	133	-nan
37	988632	134	-nan
37	988632	135	-nan
37	988632	136	-nan
37	988632	137	-nan
37	988632	138	-nan
37	988632	139	-nan
37	988632	140	-nan
37	988632	141	-nan
37	988632	142	-nan
37	988632	143	-nan
37	988632	144	-nan
37	988632	145	-nan
37	988632	146	-nan
37	988632	147	-nan
37	988632	148	-nan
37	988632	149	-nan
37	988632	150	-nan
37	988632	151	-nan
37	988632	152	-nan
37	988632	153	-nan
37	988632	154	-nan
37	988632	155	-nan
37	988632	156	-nan
37	988632	157	-nan
37	988632	158	-nan
37	988632	159	-nan
37	988632	160	-nan
37	988632	161	-nan
37	988632	162	-nan
37	988632	163	-nan
37	988632	164	-nan
37	988632	165	-nan
37	988632	166	-nan
37	988632	167	-nan
37	988632	168	-nan
37	988632	169	-nan
37	988632	170	-nan
37	988632	171	-nan
37	988632	172	-nan
37	988632	173	-nan
37	988632	174	-nan
37	988632	175	-nan
37	988632	176	-nan
37	988632	177	-nan
37	988632	178	-nan
37	988632	179	-nan
37	988632	180	-nan
37	988632	181	-nan
37	988632	182	-nan
37	988632	183	-nan
37	988632	184	-nan
37	988632	185	-nan
37	988632	186	-nan
37	988632	187	-nan
37	988632	188	-nan
37	988632	189	-nan
37	988632	190	-nan
37	988632	191	-nan
37	988632	192	-nan
37	988632	193	-nan
37	988632	194	-nan
37	988632	195	-nan
37	988632	196	-nan
37	988632	197	-nan
37	988632	198	-nan
37	988632	199	-nan
37	988632	200	-nan
37	988632	201	-nan
37	988632	202	-nan
37	988632	203	-nan
37	988632	204	0
37	988632	205	-nan
37	988632	206	-nan
37	988632	207	-nan
37	988632	208	-nan
37	988632	209	-nan
37	988632	210	-nan
37	988632	211	-nan
37	988632	212	-nan
37	988632	213	-nan
37	988632	214	-nan
37	988632	215	-nan
37	988632	216	-nan
37	988632	217	-nan
37	988632	218	-nan
37	988632	219	-nan
37	988632	220	-nan
37	988632	221	-nan
37	988632	222	-nan
37	988632	223	-nan
37	988632	224	-nan
37	988632	225	-nan
37	988632	226	-nan
37	988632	227	-nan
37	988632	228	-nan
37	988632	229	-nan
37	988632	230	-nan
37	988632	231	-nan
37	988632	232	-nan
37	988632	233	-nan
37	988632	234	-nan
37	988632	235	0
37	988632	236	-nan
37	988632	237	-nan
37	988632	238	0
37	988632	239	-nan
37	988632	240	-nan
37	988632	241	-nan
37	988632	242	-nan
37	988632	243	-nan
37	988632	244	-nan
37	988632	245	-nan
37	988632	246	-nan
37	988632	247	-nan
37	988632	248	0
37	988632	249	-nan
37	988632	250	0
37	988632	251	-nan
37	988632	252	-nan
37	988632	253	-nan
37	988632	254	-nan
37	988632	255	-nan
37	988632	256	-nan
37	988632	257	-nan
37	988632	258	-nan
37	988632	259	-nan
37	988632	260	-nan
37	988632	261	-nan
37	988632	262	-nan
37	988632	263	-nan
37	988632	264	-nan
37	988632	265	-nan
37	988632	266	-nan
37	988632	267	-nan
37	988632	268	-nan
37	988632	269	-nan
37	988632	270	-nan
37	988632	271	-nan
37	988632	272	-nan
37	988632	273	-nan
37	988632	274	-nan
37	988632	275	-nan
37	988632	276	-nan
37	988632	277	-nan
37	988632	278	0
37	988632	279	-nan
37	988632	280	0
37	988632	281	-nan
37	988632	282	-nan
37	988632	283	-nan
37	988632	284	-nan
37	988632	285	-nan
37	988632	286	-nan
37	988632	287	-nan
37	988632	288	-nan
37	988632	289	-nan
37	988632	290	-nan
37	988632	291	-nan
37	988632	292	-nan
37	988632	293	-nan
37	988632	294	-nan
37	988632	295	-nan
37	988632	296	-nan
37	988632	297	-nan
37	988632	298	-nan
37	988632	299	-nan
37	988632	300	-nan
37	988632	301	-nan
37	988632	302	-nan
37	988632	303	-nan
37	988632	304	-nan
37	988632	305	0
37	988632	306	-nan
37	988632	307	-nan
37	988632	308	-nan
37	988632	309	-nan
37	988632	310	-nan
37	988632	311	-nan
37	988632	312	-nan
37	988632	313	-nan
37	988632	314	-nan
37	988632	315	-nan
37	988632	316	-nan
37	988632	317	-nan
37	988632	318	-nan
37	988632	319	-nan
37	988632	320	-nan
37	988632	321	-nan
37	988632	322	-nan
37	988632	323	-nan
37	988632	324	0
37	988632	325	-nan
37	988632	326	-nan
37	988632	327	0
37	988632	328	-nan
37	988632	329	-nan
37	988632	330	-nan
37	988632	331	0
37	988632	332	-nan
37	988632	333	-nan
37	988632	334	-nan
37	988632	335	-nan
37	988632	336	-nan
37	988632	337	-nan
37	988632	338	-nan
37	988632	339	0
37	988632	340	0
37	988632	341	-nan
37	988632	342	0
37	988632	343	-nan
37	988632	344	-nan
37	988632	345	-nan
37	988632	346	-nan
37	988632	347	0
37	988632	348	0
37	988632	349	-nan
37	988632	350	-nan
37	988632	351	-nan
37	988632	352	-nan
37	988632	353	-nan
37	988632	354	-nan
37	988632	355	-nan
37	988632	356	-nan
37	988632	357	0
37	988632	358	-nan
37	988632	359	-nan
37	988632	360	-nan
37	988632	361	-nan
37	988632	362	-nan
37	988632	363	-nan
37	988632	364	-nan
37	988632	365	-nan
37	988632	366	-nan
37	988632	367	0
37	988632	368	-nan
37	988632	369	-nan
37	988632	370	-nan
37	988632	371	-nan
37	988632	372	0
37	988632	373	-nan
37	988632	374	0
37	988632	375	0
37	988632	376	-nan
37	988632	377	-nan
37	988632	378	-nan
37	988632	379	-nan
37	988632	380	-nan
37	988632	381	-nan
37	988632	382	0
37	988632	383	-nan
37	988632	384	0
37	988632	385	-nan
37	988632	386	-nan
37	988632	387	-nan
37	988632	388	0
37	988632	389	-nan
37	988632	390	-nan
37	988632	391	-nan
37	988632	392	-nan
37	988632	393	-nan
37	988632	394	-nan
37	988632	395	-nan
37	988632	396	-nan
37	988632	397	-nan
37	988632	398	0
37	988632	399	0
37	988632	400	-nan
37	988632	401	0
37	988632	402	-nan
37	988632	403	0
37	988632	404	0
37	988632	405	-nan
37	988632	406	-nan
37	988632	407	-nan
37	988632	408	-nan
37	988632	409	-nan
37	988632	410	-nan
37	988632	411	-nan
37	988632	412	-nan
37	988632	413	-nan
37	988632	414	0
37	988632	415	-nan
37	988632	416	-nan
37	988632	417	-nan
37	988632	418	0
37	988632	419	-nan
37	988632	420	-nan
37	988632	421	-nan
37	988632	422	0
37	988632	423	-nan
37	988632	424	0
37	988632	425	-nan
37	988632	426	0
37	988632	427	-nan
37	988632	428	-nan
37	988632	429	0
37	988632	430	0
37	988632	431	0
37	988632	432	-nan
37	988632	433	-nan
37	988632	434	-nan
37	988632	435	-nan
37	988632	436	0
37	988632	437	-nan
37	988632	438	-nan
37	988632	439	-nan
37	988632	440	0
37	988632	441	-nan
37	988632	442	-nan
37	988632	443	-nan
37	988632	444	0
37	988632	445	-nan
37	988632	446	-nan
37	988632	447	-nan
37	988632	448	0
37	988632	449	-nan
37	988632	450	0
37	988632	451	0
37	988632	452	-nan
37	988632	453	0
37	988632	454	-nan
37	988632	455	0
37	988632	456	-nan
37	988632	457	-nan
37	988632	458	0
37	988632	459	-nan
37	988632	460	-nan
37	988632	461	0
37	988632	462	0
37	988632	463	0
37	988632	464	0
37	988632	465	0
37	988632	466	0
37	988632	467	-nan
37	988632	468	0
37	988632	469	-nan
37	988632	470	-nan
37	988632	471	0
37	988632	472	-nan
37	988632	473	-nan
37	988632	474	-nan
37	988632	475	0
37	988632	476	0
37	988632	477	-nan
37	988632	478	-nan
37	988632	479	-nan
37	988632	480	-nan
37	988632	481	0
37	988632	482	-nan
37	988632	483	0
37	988632	484	-nan
37	988632	485	0
37	988632	486	0
37	988632	487	0
37	988632	488	-nan
37	988632	489	-nan
37	988632	490	-nan
37	988632	491	-nan
37	988632	492	-nan
37	988632	493	-nan
37	988632	494	0
37	988632	495	-nan
37	988632	496	0
37	988632	497	-nan
37	988632	498	0
37	988632	499	-nan
37	988632	500	0
37	988632	501	-nan
37	988632	502	-nan
37	988632	503	0
37	988632	504	0
37	988632	505	0
37	988632	506	-nan
37	988632	507	-nan
37	988632	508	-nan
37	988632	509	-nan
37	988632	510	-nan
37	988632	511	-nan
37	988632	512	0
37	988632	513	0
37	988632	514	-nan
37	988632	515	-nan
37	988632	516	-nan
37	988632	517	0
37	988632	518	-nan
37	988632	519	0
37	988632	520	-nan
37	988632	521	0
37	988632	522	-nan
37	988632	523	0
37	988632	524	-nan
37	988632	525	-nan
37	988632	526	-nan
37	988632	527	0
37	988632	528	-nan
37	988632	529	0
37	988632	530	-nan
37	988632	531	0
37	988632	532	-nan
37	988632	533	-nan
37	988632	534	0
37	988632	535	0
37	988632	536	-nan
37	988632	537	-nan
37	988632	538	-nan
37	988632	539	0
37	988632	540	-nan
37	988632	541	0
37	988632	542	-nan
37	988632	543	-nan
37	988632	544	0
37	988632	545	-nan
37	988632	546	0
37	988632	547	0
37	988632	548	0
37	988632	549	0
37	988632	550	0
37	988632	551	-nan
37	988632	552	-nan
37	988632	553	-nan
37	988632	554	0
37	988632	555	0
37	988632	556	0
37	988632	557	-nan
37	988632	558	-nan
37	988632	559	0
37	988632	560	0
37	988632	561	-nan
37	988632	562	0
37	988632	563	-nan
37	988632	564	-nan
37	988632	565	-nan
37	988632	566	-nan
37	988632	567	-nan
37	988632	568	-nan
37	988632	569	-nan
37	988632	570	-nan
37	988632	571	-nan
37	988632	572	-nan
37	988632	573	-nan
37	988632	574	0
37	988632	575	0
37	988632	576	-nan
37	988632	577	-nan
37	988632	578	-nan
37	988632	579	-nan
37	988632	580	0
37	988632	581	-nan
37	988632	582	-nan
37	988632	583	0
37	988632	584	0
37	988632	585	-nan
37	988632	586	0
37	988632	587	-nan
37	988632	588	0
37	988632	589	-nan
37	988632	590	0
37	988632	591	0
37	988632	592	-nan
37	988632	593	0
37	988632	594	0
37	988632	595	0
37	988632	596	-nan
37	988632	597	0
37	988632	598	-nan
37	988632	599	0
37	988632	600	-nan
37	988632	601	0
37	988632	602	0
37	988632	603	-nan
37	988632	604	-nan
37	988632	605	-nan
37	988632	606	-nan
37	988632	607	0
37	988632	608	0
37	988632	609	-nan
37	988632	610	0
37	988632	611	-nan
37	988632	612	-nan
37	988632	613	-nan
37	988632	614	-nan
37	988632	615	0
37	988632	616	0
37	988632	617	-nan
37	988632	618	0
37	988632	619	0
37	988632	620	-nan
37	988632	621	-nan
37	988632	622	-nan
37	988632	623	0
37	988632	624	0
37	988632	625	0
37	988632	626	-nan
37	988632	627	-nan
37	988632	628	-nan
37	988632	629	-nan
37	988632	630	0
37	988632	631	0
37	988632	632	0
37	988632	633	-nan
37	988632	634	-nan
37	988632	635	0
37	988632	636	-nan
37	988632	637	0
37	988632	638	-nan
37	988632	639	0
37	988632	640	0
37	988632	641	-nan
37	988632	642	0
37	988632	643	0
37	988632	644	0
37	988632	645	0
37	988632	646	0
37	988632	647	-nan
37	988632	648	-nan
37	988632	649	-nan
37	988632	650	-nan
37	988632	651	-nan
37	988632	652	-nan
37	988632	653	-nan
37	988632	654	-nan
37	988632	655	0
37	988632	656	0
37	988632	657	0
37	988632	658	0
37	988632	659	-nan
37	988632	660	-nan
37	988632	661	-nan
37	988632	662	-nan
37	988632	663	0
37	988632	664	-nan
37	988632	665	0
37	988632	666	0
37	988632	667	-nan
37	988632	668	-nan
37	988632	669	-nan
37	988632	670	0
37	988632	671	-nan
37	988632	672	-nan
37	988632	673	-nan
37	988632	674	0
37	988632	675	-nan
37	988632	676	-nan
37	988632	677	-nan
37	988632	678	-nan
37	988632	679	-nan
37	988632	680	0
37	988632	681	0
37	988632	682	-nan
37	988632	683	0
37	988632	684	0
37	988632	685	0
37	988632	686	-nan
37	988632	687	0
37	988632	688	-nan
37	988632	689	0
37	988632	690	-nan
37	988632	691	0
37	988632	692	-nan
37	988632	693	-nan
37	988632	694	0
37	988632	695	-nan
37	988632	696	0
37	988632	697	0
37	988632	698	0
37	988632	699	-nan
37	988632	700	0
37	988632	701	-nan
37	988632	702	0
37	988632	703	-nan
37	988632	704	-nan
37	988632	705	0
37	988632	706	-nan
37	988632	707	-nan
37	988632	708	0
37	988632	709	-nan
37	988632	710	-nan
37	988632	711	-nan
37	988632	712	-nan
37	988632	713	-nan
37	988632	714	0
37	988632	715	0
37	988632	716	-nan
37	988632	717	-nan
37	988632	718	-nan
37	988632	719	-nan
37	988632	720	0
37	988632	721	-nan
37	988632	722	0
37	988632	723	0
37	988632	724	-nan
37	988632	725	0
37	988632	726	-nan
37	988632	727	0
37	988632	728	-nan
37	988632	729	-nan
37	988632	730	0
37	988632	731	-nan
37	988632	732	-nan
37	988632	733	0
37	988632	734	-nan
37	988632	735	-nan
37	988632	736	0
37	988632	737	0
37	988632	738	0
37	988632	739	-nan
37	988632	740	0
37	988632	741	0
37	988632	742	-nan
37	988632	743	0
37	988632	744	0
37	988632	745	0
37	988632	746	-nan
37	988632	747	0
37	988632	748	-nan
37	988632	749	0
37	988632	750	0
vector 38  simple_scenario_cache_in_the_core_network.node[2].content_store  hit_node[2]  ETV
38	988632	1	-nan
38	988632	2	-nan
38	988632	3	-nan
38	988632	4	-nan
38	988632	5	-nan
38	988632	6	-nan
38	988632	7	-nan
38	988632	8	-nan
38	988632	9	-nan
38	988632	10	-nan
38	988632	11	-nan
38	988632	12	-nan
38	988632	13	-nan
38	988632	14	-nan
38	988632	15	-nan
38	988632	16	-nan
38	988632	17	-nan
38	988632	18	-nan
38	988632	19	-nan
38	988632	20	-nan
38	988632	21	-nan
38	988632	22	-nan
38	988632	23	-nan
38	988632	24	-nan
38	988632	25	-nan
38	988632	26	-nan
38	988632	27	-nan
38	988632	28	-nan
38	988632	29	-nan
38	988632	30	-nan
38	988632	31	-nan
38	988632	32	-nan
38	988632	33	-nan
38	988632	34	-nan
38	988632	35	-nan
38	988632	36	-nan
38	988632	37	-nan
38	988632	38	-nan
38	988632	39	-nan
38	988632	40	-nan
38	988632	41	-nan
38	988632	42	-nan
38	988632	43	-nan
38	988632	44	-nan
38	988632	45	-nan
38	988632	46	-nan
38	988632	47	-nan
38	988632	48	-nan
38	988632	49	-nan
38	988632	50	-nan
38	988632	51	-nan
38	988632	52	-nan
38	988632	53	-nan
38	988632	54	-nan
38	988632	55	-nan
38	988632	56	-nan
38	988632	57	-nan
38	988632	58	-nan
38	988632	59	-nan
38	988632	60	-nan
38	988632	61	-nan
38	988632	62	-nan
38	988632	63	-nan
38	988632	64	-nan
38	988632	65	-nan
38	988632	66	-nan
38	988632	67	-nan
38	988632	68	-nan
38	988632	69	-nan
38	988632	70	-nan
38	988632	71	-nan
38	988632	72	-nan
38	988632	73	-nan
38	988632	74	-nan
38	988632	75	-nan
38	988632	76	-nan
38	988632	77	-nan
38	988632	78	-nan
38	988632	79	-nan
38	988632	80	-nan
38	988632	81	-nan
38	988632	82	-nan
38	988632	83	-nan
38	988632	84	-nan
38	988632	85	-nan
38	988632	86	-nan
38	988632	87	-nan
38	988632	88	-nan
38	988632	89	-nan
38	988632	90	-nan
38	988632	91	-nan
38	988632	92	-nan
38	988632	93	-nan
38	988632	94	-nan
38	988632	95	-nan
38	988632	96	-nan
38	988632	97	-nan
38	988632	98	-nan
38	988632	99	-nan
38	988632	100	-nan
38	988632	101	-nan
38	988632	102	-nan
38	988632	103	-nan
38	988632	104	-nan
38	988632	105	-nan
38	988632	106	-nan
38	988632	107	-nan
38	988632	108	-nan
38	988632	109	-nan
38	988632	110	-nan
38	988632	111	-nan
38	988632	112	-nan
38	988632	113	-nan
38	988632	114	-nan
38	988632	115	-nan
38	988632	116	-nan
38	988632	117	-nan
38	988632	118	-nan
38	988632	119	-nan
38	988632	120	-nan
38	988632	121	-nan
38	988632	122	-nan
38	988632	123	-nan
38	988632	124	-nan
38	988632	125	-nan
38	988632	126	-nan
38	988632	127	-nan
38	988632	128	-nan
38	988632	129	-nan
38	988632	130	-nan
38	988632	131	-nan
38	988632	132	-nan
38	988632	133	-nan
38	988632	134	-nan
38	988632	135	-nan
38	988632	136	-nan
38	988632	137	-nan
38	988632	138	-nan
38	988632	139	-nan
38	988632	140	-nan
38	988632	141	-nan
38	988632	142	-nan
38	988632	143	-nan
38	988632	144	-nan
38	988632	145	-nan
38	988632	146	-nan
38	988632	147	-nan
38	988632	148	-nan
38	988632	149	-nan
38	988632	150	-nan
38	988632	151	-nan
38	988632	152	-nan
38	988632	153	-nan
38	988632	154	-nan
38	988632	155	-nan
38	988632	156	-nan
38	988632	157	-nan
38	988632	158	-nan
38	988632	159	-nan
38	988632	160	-nan
38	988632	161	-nan
38	988632	162	-nan
38	988632	163	-nan
38	988632	164	-nan
38	988632	165	-nan
38	988632	166	-nan
38	988632	167	-nan
38	988632	168	-nan
38	988632	169	-nan
38	988632	170	-nan
38	988632	171	-nan
38	988632	172	-nan
38	988632	173	-nan
38	988632	174	-nan
38	988632	175	-nan
38	988632	176	-nan
38	988632	177	-nan
38	988632	178	-nan
38	988632	179	-nan
38	988632	180	-nan
38	988632	181	-nan
38	988632	182	-nan
38	988632	183	-nan
38	988632	184	-nan
38	988632	185	-nan
38	988632	186	-nan
38	988632	187	-nan
38	988632	188	-nan
38	988632	189	-nan
38	988632	190	-nan
38	988632	191	-nan
38	988632	192	-nan
38	988632	193	-nan
38	988632	194	-nan
38	988632	195	-nan
38	988632	196	-nan
38	988632	197	-nan
38	988632	198	-nan
38	988632	199	-nan
38	988632	200	-nan
38	988632	201	-nan
38	988632	202	-nan
38	988632	203	-nan
38	988632	204	-nan
38	988632	205	-nan
38	988632	206	-nan
38	988632	207	-nan
38	988632	208	-nan
38	988632	209	-nan
38	988632	210	-nan
38	988632	211	-nan
38	988632	212	-nan
38	988632	213	-nan
38	988632	214	-nan
38	988632	215	-nan
38	988632	216	-nan
38	988632	217	-nan
38	988632	218	-nan
38	988632	219	-nan
38	988632	220	-nan
38	988632	221	-nan
38	988632	222	-nan
38	988632	223	-nan
38	988632	224	0
38	988632	225	-nan
38	988632	226	-nan
38	988632	227	-nan
38	988632	228	-nan
38	988632	229	-nan
38	988632	230	-nan
38	988632	231	-nan
38	988632	232	-nan
38	988632	233	-nan
38	988632	234	-nan
38	988632	235	-nan
38	988632	236	-nan
38	988632	237	-nan
38	988632	238	-nan
38	988632	239	-nan
38	988632	240	-nan
38	988632	241	-nan
38	988632	242	-nan
38	988632	243	-nan
38	988632	244	-nan
38	988632	245	-nan
38	988632	246	-nan
38	988632	247	-nan
38	988632	248	-nan
38	988632	249	-nan
38	988632	250	-nan
38	988632	251	-nan
38	988632	252	-nan
38	988632	253	-nan
38	988632	254	-nan
38	988632	255	-nan
38	988632	256	-nan
38	988632	257	-nan
38	988632	258	-nan
38	988632	259	-nan
38	988632	260	-nan
38	988632	261	-nan
38	988632	262	-nan
38	988632	263	-nan
38	988632	264	-nan
38	988632	265	-nan
38	988632	266	-nan
38	988632	267	-nan
38	988632	268	-nan
38	988632	269	-nan
38	988632	270	-nan
38	988632	271	-nan
38	988632	272	-nan
38	988632	273	0
38	988632	274	-nan
38	988632	275	-nan
38	988632	276	-nan
38	988632	277	-nan
38	988632	278	-nan
38	988632	279	-nan
38	988632	280	-nan
38	988632	281	-nan
38	988632	282	-nan
38	988632	283	-nan
38	988632	284	-nan
38	988632	285	-nan
38	988632	286	-nan
38	988632	287	-nan
38	988632	288	-nan
38	988632	289	-nan
38	988632	290	-nan
38	988632	291	0
38	988632	292	-nan
38	988632	293	-nan
38	988632	294	-nan
38	988632	295	-nan
38	988632	296	-nan
38	988632	297	-nan
38	988632	298	-nan
38	988632	299	-nan
38	988632	300	0
38	988632	301	-nan
38	988632	302	-nan
38	988632	303	0
38	988632	304	-nan
38	988632	305	-nan
38	988632	306	-nan
38	988632	307	-nan
38	988632	308	0
38	988632	309	-nan
38	988632	310	0
38	988632	311	-nan
38	988632	312	-nan
38	988632	313	-nan
38	988632	314	0
38	988632	315	-nan
38	988632	316	-nan
38	988632	317	0
38	988632	318	-nan
38	988632	319	0
38	988632	320	0
38	988632	321	0
38	988632	322	-nan
38	988632	323	-nan
38	988632	324	-nan
38	988632	325	-nan
38	988632	326	-nan
38	988632	327	-nan
38	988632	328	-nan
38	988632	329	0
38	988632	330	0
38	988632	331	-nan
38	988632	332	0
38	988632	333	-nan
38	988632	334	-nan
38	988632	335	0
38	988632	336	0
38	988632	337	-nan
38	988632	338	-nan
38	988632	339	-nan
38	988632	340	-nan
38	988632	341	-nan
38	988632	342	-nan
38	988632	343	-nan
38	988632	344	0
38	988632	345	-nan
38	988632	346	-nan
38	988632	347	-nan
38	988632	348	-nan
38	988632	349	0
38	988632	350	-nan
38	988632	351	0
38	988632	352	-nan
38	988632	353	-nan
38	988632	354	-nan
38	988632	355	-nan
38	988632	356	-nan
38	988632	357	-nan
38	988632	358	-nan
38	988632	359	0
38	988632	360	0
38	988632	361	-nan
38	988632	362	-nan
38	988632	363	-nan
38	988632	364	0
38	988632	365	-nan
38	988632	366	-nan
38	988632	367	-nan
38	988632	368	-nan
38	988632	369	-nan
38	988632	370	0
38	988632	371	0
38	988632	372	-nan
38	988632	373	0
38	988632	374	-nan
38	988632	375	-nan
38	988632	376	0
38	988632	377	-nan
38	988632	378	0
38	988632	379	-nan
38	988632	380	0
38	988632	381	0
38	988632	382	-nan
38	988632	383	-nan
38	988632	384	-nan
38	988632	385	0
38	988632	386	0
38	988632	387	-nan
38	988632	388	-nan
38	988632	389	-nan
38	988632	390	0
38	988632	391	-nan
38	988632	392	-nan
38	988632	393	0
38	988632	394	0
38	988632	395	-nan
38	988632	396	0
38	988632	397	-nan
38	988632	398	-nan
38	988632	399	-nan
38	988632	400	-nan
38	988632	401	-nan
38	988632	402	0
38	988632	403	-nan
38	988632	404	-nan
38	988632	405	-nan
38	988632	406	-nan
38	988632	407	-nan
38	988632	408	0
38	988632	409	0
38	988632	410	-nan
38	988632	411	-nan
38	988632	412	-nan
38	988632	413	-nan
38	988632	414	-nan
38	988632	415	-nan
38	988632	416	0
38	988632	417	0
38	988632	418	-nan
38	988632	419	0
38	988632	420	-nan
38	988632	421	-nan
38	988632	422	-nan
38	988632	423	-nan
38	988632	424	-nan
38	988632	425	0
38	988632	426	-nan
38	988632	427	-nan
38	988632	428	-nan
38	988632	429	-nan
38	988632	430	-nan
38	988632	431	-nan
38	988632	432	0
38	988632	433	0
38	988632	434	0
38	988632	435	-nan
38	988632	436	-nan
38	988632	437	-nan
38	988632	438	-nan
38	988632	439	-nan
38	988632	440	-nan
38	988632	441	-nan
38	988632	442	-nan
38	988632	443	0
38	988632	444	-nan
38	988632	445	0
38	988632	446	-nan
38	988632	447	0
38	988632	448	-nan
38	988632	449	0
38	988632	450	-nan
38	988632	451	-nan
38	988632	452	-nan
38	988632	453	-nan
38	988632	454	0
38	988632	455	-nan
38	988632	456	-nan
38	988632	457	-nan
38	988632	458	-nan
38	988632	459	-nan
38	988632	460	-nan
38	988632	461	-nan
38	988632	462	-nan
38	988632	463	-nan
38	988632	464	-nan
38	988632	465	-nan
38	988632	466	-nan
38	988632	467	0
38	988632	468	-nan
38	988632	469	-nan
38	988632	470	0
38	988632	471	-nan
38	988632	472	0
38	988632	473	-nan
38	988632	474	0
38	988632	475	-nan
38	988632	476	-nan
38	988632	477	0
38	988632	478	-nan
38	988632	479	0
38	988632	480	0
38	988632	481	-nan
38	988632	482	0
38	988632	483	-nan
38	988632	484	0
38	988632	485	-nan
38	988632	486	-nan
38	988632	487	-nan
38	988632	488	-nan
38	988632	489	0
38	988632	490	0
38	988632	491	0
38	988632	492	0
38	988632	493	0
38	988632	494	-nan
38	988632	495	-nan
38	988632	496	-nan
38	988632	497	0
38	988632	498	-nan
38	988632	499	-nan
38	988632	500	-nan
38	988632	501	0
38	988632	502	0
38	988632	503	-nan
38	988632	504	-nan
38	988632	505	-nan
38	988632	506	0
38	988632	507	0
38	988632	508	0
38	988632	509	-nan
38	988632	510	-nan
38	988632	511	0
38	988632	512	-nan
38	988632	513	-nan
38	988632	514	0
38	988632	515	-nan
38	988632	516	-nan
38	988632	517	-nan
38	988632	518	0
38	988632	519	-nan
38	988632	520	0
38	988632	521	-nan
38	988632	522	0
38	988632	523	-nan
38	988632	524	0
38	988632	525	0
38	988632	526	-nan
38	988632	527	-nan
38	988632	528	0
38	988632	529	-nan
38	988632	530	-nan
38	988632	531	-nan
38	988632	532	0
38	988632	533	-nan
38	988632	534	-nan
38	988632	535	-nan
38	988632	536	-nan
38	988632	537	0
38	988632	538	0
38	988632	539	-nan
38	988632	540	0
38	988632	541	-nan
38	988632	542	-nan
38	988632	543	0
38	988632	544	-nan
38	988632	545	0
38	988632	546	-nan
38	988632	547	-nan
38	988632	548	-nan
38	988632	549	-nan
38	988632	550	-nan
38	988632	551	0
38	988632	552	0
38	988632	553	-nan
38	988632	554	-nan
38	988632	555	-nan
38	988632	556	-nan
38	988632	557	0
38	988632	558	0
38	988632	559	-nan
38	988632	560	-nan
38	988632	561	0
38	988632	562	-nan
38	988632	563	0
38	988632	564	0
38	988632	565	0
38	988632	566	0
38	988632	567	0
38	988632	568	0
38	988632	569	0
38	988632	570	0
38	988632	571	-nan
38	988632	572	0
38	988632	573	0
38	988632	574	-nan
38	988632	575	-nan
38	988632	576	0
38	988632	577	0
38	988632	578	0
38	988632	579	0
38	988632	580	-nan
38	988632	581	-nan
38	988632	582	0
38	988632	583	-nan
38	988632	584	-nan
38	988632	585	0
38	988632	586	-nan
38	988632	587	-nan
38	988632	588	-nan
38	988632	589	0
38	988632	590	-nan
38	988632	591	-nan
38	988632	592	0
38	988632	593	-nan
38	988632	594	-nan
38	988632	595	-nan
38	988632	596	-nan
38	988632	597	-nan
38	988632	598	-nan
38	988632	599	-nan
38	988632	600	0
38	988632	601	-nan
38	988632	602	-nan
38	988632	603	0
38	988632	604	0
38	988632	605	0
38	988632	606	0
38	988632	607	-nan
38	988632	608	-nan
38	988632	609	0
38	988632	610	-nan
38	988632	611	0
38	988632	612	0
38	988632	613	0
38	988632	614	0
38	988632	615	-nan
38	988632	616	-nan
38	988632	617	-nan
38	988632	618	-nan
38	988632	619	-nan
38	988632	620	0
38	988632	621	0
38	988632	622	-nan
38	988632	623	-nan
38	988632	624	-nan
38	988632	625	-nan
38	988632	626	0
38	988632	627	0
38	988632	628	-nan
38	988632	629	0
38	988632	630	-nan
38	988632	631	-nan
38	988632	632	-nan
38	988632	633	0
38	988632	634	0
38	988632	635	-nan
38	988632	636	0
38	988632	637	-nan
38	988632	638	0
38	988632	639	-nan
38	988632	640	-nan
38	988632	641	0
38	988632	642	-nan
38	988632	643	-nan
38	988632	644	-nan
38	988632	645	-nan
38	988632	646	-nan
38	988632	647	0
38	988632	648	0
38	988632	649	0
38	988632	650	0
38	988632	651	0
38	988632	652	0
38	988632	653	0
38	988632	654	0
38	988632	655	-nan
38	988632	656	-nan
38	988632	657	-nan
38	988632	658	-nan
38	988632	659	0
38	988632	660	0
38	988632	661	0
38	988632	662	0
38	988632	663	-nan
38	988632	664	0
38	988632	665	-nan
38	988632	666	-nan
38	988632	667	0
38	988632	668	0
38	988632	669	0
38	988632	670	-nan
38	988632	671	0
38	988632	672	0
38	988632	673	0
38	988632	674	-nan
38	988632	675	0
38	988632	676	0
38	988632	677	0
38	988632	678	0
38	988632	679	0
38	988632	680	-nan
38	988632	681	-nan
38	988632	682	-nan
38	988632	683	-nan
38	988632	684	-nan
38	988632	685	-nan
38	988632	686	0
38	988632	687	-nan
38	988632	688	0
38	988632	689	-nan
38	988632	690	0
38	988632	691	-nan
38	988632	692	0
38	988632	693	0
38	988632	694	-nan
38	988632	695	0
38	988632	696	-nan
38	988632	697	-nan
38	988632	698	-nan
38	988632	699	0
38	988632	700	-nan
38	988632	701	0
38	988632	702	-nan
38	988632	703	0
38	988632	704	0
38	988632	705	-nan
38	988632	706	0
38	988632	707	0
38	988632	708	-nan
38	988632	709	0
38	988632	710	0
38	988632	711	0
38	988632	712	0
38	988632	713	0
38	988632	714	-nan
38	988632	715	-nan
38	988632	716	-nan
38	988632	717	0
38	988632	718	0
38	988632	719	0
38	988632	720	-nan
38	988632	721	0
38	988632	722	-nan
38	988632	723	-nan
38	988632	724	0
38	988632	725	-nan
38	988632	726	0
38	988632	727	-nan
38	988632	728	0
38	988632	729	0
38	988632	730	-nan
38	988632	731	0
38	988632	732	0
38	988632	733	-nan
38	988632	734	0
38	988632	735	-nan
38	988632	736	-nan
38	988632	737	-nan
38	988632	738	-nan
38	988632	739	0
38	988632	740	-nan
38	988632	741	-nan
38	988632	742	0
38	988632	743	-nan
38	988632	744	-nan
38	988632	745	-nan
38	988632	746	0
38	988632	747	-nan
38	988632	748	0
38	988632	749	-nan
38	988632	750	-nan
vector 39  simple_scenario_cache_in_the_core_network.node[3].content_store  hit_node[3]  ETV
39	988632	1	-nan
39	988632	2	-nan
39	988632	3	-nan
39	988632	4	-nan
39	988632	5	-nan
39	988632	6	-nan
39	988632	7	-nan
39	988632	8	-nan
39	988632	9	-nan
39	988632	10	-nan
39	988632	11	-nan
39	988632	12	-nan
39	988632	13	-nan
39	988632	14	-nan
39	988632	15	-nan
39	988632	16	-nan
39	988632	17	-nan
39	988632	18	-nan
39	988632	19	-nan
39	988632	20	-nan
39	988632	21	-nan
39	988632	22	-nan
39	988632	23	-nan
39	988632	24	-nan
39	988632	25	-nan
39	988632	26	-nan
39	988632	27	-nan
39	988632	28	-nan
39	988632	29	-nan
39	988632	30	-nan
39	988632	31	-nan
39	988632	32	-nan
39	988632	33	-nan
39	988632	34	-nan
39	988632	35	-nan
39	988632	36	-nan
39	988632	37	-nan
39	988632	38	-nan
39	988632	39	-nan
39	988632	40	-nan
39	988632	41	-nan
39	988632	42	-nan
39	988632	43	-nan
39	988632	44	-nan
39	988632	45	-nan
39	988632	46	-nan
39	988632	47	-nan
39	988632	48	-nan
39	988632	49	-nan
39	988632	50	-nan
39	988632	51	-nan
39	988632	52	-nan
39	988632	53	-nan
39	988632	54	-nan
39	988632	55	-nan
39	988632	56	-nan
39	988632	57	-nan
39	988632	58	-nan
39	988632	59	-nan
39	988632	60	-nan
39	988632	61	-nan
39	988632	62	-nan
39	988632	63	-nan
39	988632	64	-nan
39	988632	65	-nan
39	988632	66	-nan
39	988632	67	-nan
39	988632	68	-nan
39	988632	69	-nan
39	988632	70	-nan
39	988632	71	-nan
39	988632	72	-nan
39	988632	73	-nan
39	988632	74	-nan
39	988632	75	-nan
39	988632	76	-nan
39	988632	77	-nan
39	988632	78	-nan
39	988632	79	-nan
39	988632	80	-nan
39	988632	81	-nan
39	988632	82	-nan
39	988632	83	-nan
39	988632	84	-nan
39	988632	85	-nan
39	988632	86	-nan
39	988632	87	-nan
39	988632	88	-nan
39	988632	89	-nan
39	988632	90	-nan
39	988632	91	-nan
39	988632	92	-nan
39	988632	93	-nan
39	988632	94	-nan
39	988632	95	-nan
39	988632	96	-nan
39	988632	97	-nan
39	988632	98	-nan
39	988632	99	-nan
39	988632	100	-nan
39	988632	101	-nan
39	988632	102	-nan
39	988632	103	-nan
39	988632	104	-nan
39	988632	105	-nan
39	988632	106	-nan
39	988632	107	-nan
39	988632	108	-nan
39	988632	109	-nan
39	988632	110	-nan
39	988632	111	-nan
39	988632	112	-nan
39	988632	113	-nan
39	988632	114	-nan
39	988632	115	-nan
39	988632	116	-nan
39	988632	117	-nan
39	988632	118	-nan
39	988632	119	-nan
39	988632	120	-nan
39	988632	121	-nan
39	988632	122	-nan
39	988632	123	-nan
39	988632	124	-nan
39	988632	125	-nan
39	988632	126	-nan
39	988632	127	-nan
39	988632	128	-nan
39	988632	129	-nan
39	988632	130	-nan
39	988632	131	-nan
39	988632	132	-nan
39	988632	133	-nan
39	988632	134	-nan
39	988632	135	-nan
39	988632	136	-nan
39	988632	137	-nan
39	988632	138	-nan
39	988632	139	-nan
39	988632	140	-nan
39	988632	141	-nan
39	988632	142	-nan
39	988632	143	-nan
39	988632	144	-nan
39	988632	145	-nan
39	988632	146	-nan
39	988632	147	-nan
39	988632	148	-nan
39	988632	149	-nan
39	988632	150	-nan
39	988632	151	-nan
39	988632	152	-nan
39	988632	153	-nan
39	988632	154	-nan
39	988632	155	-nan
39	988632	156	-nan
39	988632	157	-nan
39	988632	158	-nan
39	988632	159	-nan
39	988632	160	-nan
39	988632	161	-nan
39	988632	162	-nan
39	988632	163	-nan
39	988632	164	-nan
39	988632	165	-nan
39	988632	166	-nan
39	988632	167	-nan
39	988632	168	-nan
39	988632	169	-nan
39	988632	170	-nan
39	988632	171	-nan
39	988632	172	-nan
39	988632	173	-nan
39	988632	174	-nan
39	988632	175	-nan
39	988632	176	-nan
39	988632	177	-nan
39	988632	178	-nan
39	988632	179	-nan
39	988632	180	-nan
39	988632	181	-nan
39	988632	182	-nan
39	988632	183	-nan
39	988632	184	-nan
39	988632	185	-nan
39	988632	186	-nan
39	988632	187	-nan
39	988632	188	-nan
39	988632	189	-nan
39	988632	190	-nan
39	988632	191	-nan
39	988632	192	-nan
39	988632	193	-nan
39	988632	194	-nan
39	988632	195	-nan
39	988632	196	-nan
39	988632	197	-nan
39	988632	198	-nan
39	988632	199	-nan
39	988632	200	-nan
39	988632	201	-nan
39	988632	202	-nan
39	988632	203	-nan
39	988632	204	0
39	988632	205	-nan
39	988632	206	-nan
39	988632	207	-nan
39	988632	208	-nan
39	988632	209	-nan
39	988632	210	-nan
39	988632	211	-nan
39	988632	212	-nan
39	988632	213	-nan
39	988632	214	-nan
39	988632	215	-nan
39	988632	216	-nan
39	988632	217	-nan
39	988632	218	-nan
39	988632	219	-nan
39	988632	220	-nan
39	988632	221	-nan
39	988632	222	-nan
39	988632	223	-nan
39	988632	224	-nan
39	988632	225	-nan
39	988632	226	-nan
39	988632	227	-nan
39	988632	228	-nan
39	988632	229	-nan
39	988632	230	-nan
39	988632	231	-nan
39	988632	232	-nan
39	988632	233	-nan
39	988632	234	-nan
39	988632	235	0
39	988632	236	-nan
39	988632	237	-nan
39	988632	238	0
39	988632	239	-nan
39	988632	240	-nan
39	988632	241	-nan
39	988632	242	-nan
39	988632	243	-nan
39	988632	244	-nan
39	988632	245	-nan
39	988632	246	-nan
39	988632	247	-nan
39	988632	248	0
39	988632	249	-nan
39	988632	250	0
39	988632	251	-nan
39	988632	252	-nan
39	988632	253	-nan
39	988632	254	-nan
39	988632	255	-nan
39	988632	256	-nan
39	988632	257	-nan
39	988632	258	-nan
39	988632	259	-nan
39	988632	260	-nan
39	988632	261	-nan
39	988632	262	-nan
39	988632	263	-nan
39	988632	264	-nan
39	988632	265	-nan
39	988632	266	-nan
39	988632	267	-nan
39	988632	268	-nan
39	988632	269	-nan
39	988632	270	-nan
39	988632	271	-nan
39	988632	272	-nan
39	988632	273	-nan
39	988632	274	-nan
39	988632	275	-nan
39	988632	276	-nan
39	988632	277	-nan
39	988632	278	0
39	988632	279	-nan
39	988632	280	0
39	988632	281	-nan
39	988632	282	-nan
39	988632	283	-nan
39	988632	284	-nan
39	988632	285	-nan
39	988632	286	-nan
39	988632	287	-nan
39	988632	288	-nan
39	988632	289	-nan
39	988632	290	-nan
39	988632	291	-nan
39	988632	292	-nan
39	988632	293	-nan
39	988632	294	-nan
39	988632	295	-nan
39	988632	296	-nan
39	988632	297	-nan
39	988632	298	-nan
39	988632	299	-nan
39	988632	300	-nan
39	988632	301	-nan
39	988632	302	-nan
39	988632	303	-nan
39	988632	304	-nan
39	988632	305	0
39	988632	306	-nan
39	988632	307	-nan
39	988632	308	-nan
39	988632	309	-nan
39	988632	310	-nan
39	988632	311	-nan
39	988632	312	-nan
39	988632	313	-nan
39	988632	314	-nan
39	988632	315	-nan
39	988632	316	-nan
39	988632	317	-nan
39	988632	318	-nan
39	988632	319	-nan
39	988632	320	-nan
39	988632	321	-nan
39	988632	322	-nan
39	988632	323	-nan
39	988632	324	0
39	988632	325	-nan
39	988632	326	-nan
39	988632	327	0
39	988632	328	-nan
39	988632	329	-nan
39	988632	330	-nan
39	988632	331	0
39	988632	332	-nan
39	988632	333	-nan
39	988632	334	-nan
39	988632	335	-nan
39	988632	336	-nan
39	988632	337	-nan
39	988632	338	-nan
39	988632	339	0
39	988632	340	0
39	988632	341	-nan
39	988632	342	0
39	988632	343	-nan
39	988632	344	-nan
39	988632	345	-nan
39	988632	346	-nan
39	988632	347	0
39	988632	348	0
39	988632	349	-nan
39	988632	350	-nan
39	988632	351	-nan
39	988632	352	-nan
39	988632	353	-nan
39	988632	354	-nan
39	988632	355	-nan
39	988632	356	-nan
39	988632	357	0
39	988632	358	-nan
39	988632	359	-nan
39	988632	360	-nan
39	988632	361	-nan
39	988632	362	-nan
39	988632	363	-nan
39	988632	364	-nan
39	988632	365	-nan
39	988632	366	-nan
39	988632	367	0
39	988632	368	-nan
39	988632	369	-nan
39	988632	370	-nan
39	988632	371	-nan
39	988632	372	0
39	988632	373	-nan
39	988632	374	0
39	988632	375	0
39	988632	376	-nan
39	988632	377	-nan
39	988632	378	-nan
39	988632	379	-nan
39	988632	380	-nan
39	988632	381	-nan
39	988632	382	0
39	988632	383	-nan
39	988632	384	0
39	988632	385	-nan
39	988632	386	-nan
39	988632	387	-nan
39	988632	388	0
39	988632	389	-nan
39	988632	390	-nan
39	988632	391	-nan
39	988632	392	-nan
39	988632	393	-nan
39	988632	394	-nan
39	988632	395	-nan
39	988632	396	-nan
39	988632	397	-nan
39	988632	398	0
39	988632	399	0
39	988632	400	-nan
39	988632	401	0
39	988632	402	-nan
39	988632	403	0
39	988632	404	0
39	988632	405	-nan
39	988632	406	-nan
39	988632	407	-nan
39	988632	408	-nan
39	988632	409	-nan
39	988632	410	-nan
39	988632	411	-nan
39	988632	412	-nan
39	988632	413	-nan
39	988632	414	0
39	988632	415	-nan
39	988632	416	-nan
39	988632	417	-nan
39	988632	418	0
39	988632	419	-nan
39	988632	420	-nan
39	988632	421	-nan
39	988632	422	0
39	988632	423	-nan
39	988632	424	0
39	988632	425	-nan
39	988632	426	0
39	988632	427	-nan
39	988632	428	-nan
39	988632	429	0
39	988632	430	0
39	988632	431	0
39	988632	432	-nan
39	988632	433	-nan
39	988632	434	-nan
39	988632	435	-nan
39	988632	436	0
39	988632	437	-nan
39	988632	438	-nan
39	988632	439	-nan
39	988632	440	0
39	988632	441	-nan
39	988632	442	-nan
39	988632	443	-nan
39	988632	444	0
39	988632	445	-nan
39	988632	446	-nan
39	988632	447	-nan
39	988632	448	0
39	988632	449	-nan
39	988632	450	0
39	988632	451	0
39	988632	452	-nan
39	988632	453	0
39	988632	454	-nan
39	988632	455	0
39	988632	456	-nan
39	988632	457	-nan
39	988632	458	0
39	988632	459	-nan
39	988632	460	-nan
39	988632	461	0
39	988632	462	0
39	988632	463	0
39	988632	464	0
39	988632	465	0
39	988632	466	0
39	988632	467	-nan
39	988632	468	0
39	988632	469	-nan
39	988632	470	-nan
39	988632	471	0
39	988632	472	-nan
39	988632	473	-nan
39	988632	474	-nan
39	988632	475	0
39	988632	476	0
39	988632	477	-nan
39	988632	478	-nan
39	988632	479	-nan
39	988632	480	-nan
39	988632	481	0
39	988632	482	-nan
39	988632	483	0
39	988632	484	-nan
39	988632	485	0
39	988632	486	0
39	988632	487	0
39	988632	488	-nan
39	988632	489	-nan
39	988632	490	-nan
39	988632	491	-nan
39	988632	492	-nan
39	988632	493	-nan
39	988632	494	0
39	988632	495	-nan
39	988632	496	0
39	988632	497	-nan
39	988632	498	0
39	988632	499	-nan
39	988632	500	0
39	988632	501	-nan
39	988632	502	-nan
39	988632	503	0
39	988632	504	0
39	988632	505	0
39	988632	506	-nan
39	988632	507	-nan
39	988632	508	-nan
39	988632	509	-nan
39	988632	510	-nan
39	988632	511	-nan
39	988632	512	0
39	988632	513	0
39	988632	514	-nan
39	988632	515	-nan
39	988632	516	-nan
39	988632	517	0
39	988632	518	-nan
39	988632	519	0
39	988632	520	-nan
39	988632	521	0
39	988632	522	-nan
39	988632	523	0
39	988632	524	-nan
39	988632	525	-nan
39	988632	526	-nan
39	988632	527	0
39	988632	528	-nan
39	988632	529	0
39	988632	530	-nan
39	988632	531	0
39	988632	532	-nan
39	988632	533	-nan
39	988632	534	0
39	988632	535	0
39	988632	536	-nan
39	988632	537	-nan
39	988632	538	-nan
39	988632	539	0
39	988632	540	-nan
39	988632	541	0
39	988632	542	-nan
39	988632	543	-nan
39	988632	544	0
39	988632	545	-nan
39	988632	546	0
39	988632	547	0
39	988632	548	0
39	988632	549	0
39	988632	550	0
39	988632	551	-nan
39	988632	552	-nan
39	988632	553	-nan
39	988632	554	0
39	988632	555	0
39	988632	556	0
39	988632	557	-nan
39	988632	558	-nan
39	988632	559	0
39	988632	560	0
39	988632	561	-nan
39	988632	562	0
39	988632	563	-nan
39	988632	564	-nan
39	988632	565	-nan
39	988632	566	-nan
39	988632	567	-nan
39	988632	568	-nan
39	988632	569	-nan
39	988632	570	-nan
39	988632	571	-nan
39	988632	572	-nan
39	988632	573	-nan
39	988632	574	0
39	988632	575	0
39	988632	576	-nan
39	988632	577	-nan
39	988632	578	-nan
39	988632	579	-nan
39	988632	580	0
39	988632	581	-nan
39	988632	582	-nan
39	988632	583	0
39	988632	584	0
39	988632	585	-nan
39	988632	586	0
39	988632	587	-nan
39	988632	588	0
39	988632	589	-nan
39	988632	590	0
39	988632	591	0
39	988632	592	-nan
39	988632	593	0
39	988632	594	0
39	988632	595	0
39	988632	596	-nan
39	988632	597	0
39	988632	598	-nan
39	988632	599	0
39	988632	600	-nan
39	988632	601	0
39	988632	602	0
39	988632	603	-nan
39	988632	604	-nan
39	988632	605	-nan
39	988632	606	-nan
39	988632	607	0
39	988632	608	0
39	988632	609	-nan
39	988632	610	0
39	988632	611	-nan
39	988632	612	-nan
39	988632	613	-nan
39	988632	614	-nan
39	988632	615	0
39	988632	616	0
39	988632	617	-nan
39	988632	618	0
39	988632	619	0
39	988632	620	-nan
39	988632	621	-nan
39	988632	622	-nan
39	988632	623	0
39	988632	624	0
39	988632	625	0
39	988632	626	-nan
39	988632	627	-nan
39	988632	628	-nan
39	988632	629	-nan
39	988632	630	0
39	988632	631	0
39	988632	632	0
39	988632	633	-nan
39	988632	634	-nan
39	988632	635	0
39	988632	636	-nan
39	988632	637	0
39	988632	638	-nan
39	988632	639	0
39	988632	640	0
39	988632	641	-nan
39	988632	642	0
39	988632	643	0
39	988632	644	0
39	988632	645	0
39	988632	646	0
39	988632	647	-nan
39	988632	648	-nan
39	988632	649	-nan
39	988632	650	-nan
39	988632	651	-nan
39	988632	652	-nan
39	988632	653	-nan
39	988632	654	-nan
39	988632	655	0
39	988632	656	0
39	988632	657	0
39	988632	658	0
39	988632	659	-nan
39	988632	660	-nan
39	988632	661	-nan
39	988632	662	-nan
39	988632	663	0
39	988632	664	-nan
39	988632	665	0
39	988632	666	0
39	988632	667	-nan
39	988632	668	-nan
39	988632	669	-nan
39	988632	670	0
39	988632	671	-nan
39	988632	672	-nan
39	988632	673	-nan
39	988632	674	0
39	988632	675	-nan
39	988632	676	-nan
39	988632	677	-nan
39	988632	678	-nan
39	988632	679	-nan
39	988632	680	0
39	988632	681	0
39	988632	682	-nan
39	988632	683	0
39	988632	684	0
39	988632	685	0
39	988632	686	-nan
39	988632	687	0
39	988632	688	-nan
39	988632	689	0
39	988632	690	-nan
39	988632	691	0
39	988632	692	-nan
39	988632	693	-nan
39	988632	694	0
39	988632	695	-nan
39	988632	696	0
39	988632	697	0
39	988632	698	0
39	988632	699	-nan
39	988632	700	0
39	988632	701	-nan
39	988632	702	0
39	988632	703	-nan
39	988632	704	-nan
39	988632	705	0
39	988632	706	-nan
39	988632	707	-nan
39	988632	708	0
39	988632	709	-nan
39	988632	710	-nan
39	988632	711	-nan
39	988632	712	-nan
39	988632	713	-nan
39	988632	714	0
39	988632	715	0
39	988632	716	-nan
39	988632	717	-nan
39	988632	718	-nan
39	988632	719	-nan
39	988632	720	0
39	988632	721	-nan
39	988632	722	0
39	988632	723	0
39	988632	724	-nan
39	988632	725	0
39	988632	726	-nan
39	988632	727	0
39	988632	728	-nan
39	988632	729	-nan
39	988632	730	0
39	988632	731	-nan
39	988632	732	-nan
39	988632	733	0
39	988632	734	-nan
39	988632	735	-nan
39	988632	736	0
39	988632	737	0
39	988632	738	0
39	988632	739	-nan
39	988632	740	0
39	988632	741	0
39	988632	742	-nan
39	988632	743	0
39	988632	744	0
39	988632	745	0
39	988632	746	-nan
39	988632	747	0
39	988632	748	-nan
39	988632	749	0
39	988632	750	0
vector 40  simple_scenario_cache_in_the_core_network.node[4].content_store  hit_node[4]  ETV
40	988632	1	-nan
40	988632	2	-nan
40	988632	3	-nan
40	988632	4	-nan
40	988632	5	-nan
40	988632	6	-nan
40	988632	7	-nan
40	988632	8	-nan
40	988632	9	-nan
40	988632	10	-nan
40	988632	11	-nan
40	988632	12	-nan
40	988632	13	-nan
40	988632	14	-nan
40	988632	15	-nan
40	988632	16	-nan
40	988632	17	-nan
40	988632	18	-nan
40	988632	19	-nan
40	988632	20	-nan
40	988632	21	-nan
40	988632	22	-nan
40	988632	23	-nan
40	988632	24	-nan
40	988632	25	-nan
40	988632	26	-nan
40	988632	27	-nan
40	988632	28	-nan
40	988632	29	-nan
40	988632	30	-nan
40	988632	31	-nan
40	988632	32	-nan
40	988632	33	-nan
40	988632	34	-nan
40	988632	35	-nan
40	988632	36	-nan
40	988632	37	-nan
40	988632	38	-nan
40	988632	39	-nan
40	988632	40	-nan
40	988632	41	-nan
40	988632	42	-nan
40	988632	43	-nan
40	988632	44	-nan
40	988632	45	-nan
40	988632	46	-nan
40	988632	47	-nan
40	988632	48	-nan
40	988632	49	-nan
40	988632	50	-nan
40	988632	51	-nan
40	988632	52	-nan
40	988632	53	-nan
40	988632	54	-nan
40	988632	55	-nan
40	988632	56	-nan
40	988632	57	-nan
40	988632	58	-nan
40	988632	59	-nan
40	988632	60	-nan
40	988632	61	-nan
40	988632	62	-nan
40	988632	63	-nan
40	988632	64	-nan
40	988632	65	-nan
40	988632	66	-nan
40	988632	67	-nan
40	988632	68	-nan
40	988632	69	-nan
40	988632	70	-nan
40	988632	71	-nan
40	988632	72	-nan
40	988632	73	-nan
40	988632	74	-nan
40	988632	75	-nan
40	988632	76	-nan
40	988632	77	-nan
40	988632	78	-nan
40	988632	79	-nan
40	988632	80	-nan
40	988632	81	-nan
40	988632	82	-nan
40	988632	83	-nan
40	988632	84	-nan
40	988632	85	-nan
40	988632	86	-nan
40	988632	87	-nan
40	988632	88	-nan
40	988632	89	-nan
40	988632	90	-nan
40	988632	91	-nan
40	988632	92	-nan
40	988632	93	-nan
40	988632	94	-nan
40	988632	95	-nan
40	988632	96	-nan
40	988632	97	-nan
40	988632	98	-nan
40	988632	99	-nan
40	988632	100	-nan
40	988632	101	-nan
40	988632	102	-nan
40	988632	103	-nan
40	988632	104	-nan
40	988632	105	-nan
40	988632	106	-nan
40	988632	107	-nan
40	988632	108	-nan
40	988632	109	-nan
40	988632	110	-nan
40	988632	111	-nan
40	988632	112	-nan
40	988632	113	-nan
40	988632	114	-nan
40	988632	115	-nan
40	988632	116	-nan
40	988632	117	-nan
40	988632	118	-nan
40	988632	119	-nan
40	988632	120	-nan
40	988632	121	-nan
40	988632	122	-nan
40	988632	123	-nan
40	988632	124	-nan
40	988632	125	-nan
40	988632	126	-nan
40	988632	127	-nan
40	988632	128	-nan
40	988632	129	-nan
40	988632	130	-nan
40	988632	131	-nan
40	988632	132	-nan
40	988632	133	-nan
40	988632	134	-nan
40	988632	135	-nan
40	988632	136	-nan
40	988632	137	-nan
40	988632	138	-nan
40	988632	139	-nan
40	988632	140	-nan
40	988632	141	-nan
40	988632	142	-nan
40	988632	143	-nan
40	988632	144	-nan
40	988632	145	-nan
40	988632	146	-nan
40	988632	147	-nan
40	988632	148	-nan
40	988632	149	-nan
40	988632	150	-nan
40	988632	151	-nan
40	988632	152	-nan
40	988632	153	-nan
40	988632	154	-nan
40	988632	155	-nan
40	988632	156	-nan
40	988632	157	-nan
40	988632	158	-nan
40	988632	159	-nan
40	988632	160	-nan
40	988632	161	-nan
40	988632	162	-nan
40	988632	163	-nan
40	988632	164	-nan
40	988632	165	-nan
40	988632	166	-nan
40	988632	167	-nan
40	988632	168	-nan
40	988632	169	-nan
40	988632	170	-nan
40	988632	171	-nan
40	988632	172	-nan
40	988632	173	-nan
40	988632	174	-nan
40	988632	175	-nan
40	988632	176	-nan
40	988632	177	-nan
40	988632	178	-nan
40	988632	179	-nan
40	988632	180	-nan
40	988632	181	-nan
40	988632	182	-nan
40	988632	183	-nan
40	988632	184	-nan
40	988632	185	-nan
40	988632	186	-nan
40	988632	187	-nan
40	988632	188	-nan
40	988632	189	-nan
40	988632	190	-nan
40	988632	191	-nan
40	988632	192	-nan
40	988632	193	-nan
40	988632	194	-nan
40	988632	195	-nan
40	988632	196	-nan
40	988632	197	-nan
40	988632	198	-nan
40	988632	199	-nan
40	988632	200	-nan
40	988632	201	-nan
40	988632	202	-nan
40	988632	203	-nan
40	988632	204	-nan
40	988632	205	-nan
40	988632	206	-nan
40	988632	207	-nan
40	988632	208	-nan
40	988632	209	-nan
40	988632	210	-nan
40	988632	211	-nan
40	988632	212	-nan
40	988632	213	-nan
40	988632	214	-nan
40	988632	215	-nan
40	988632	216	-nan
40	988632	217	-nan
40	988632	218	-nan
40	988632	219	-nan
40	988632	220	-nan
40	988632	221	-nan
40	988632	222	-nan
40	988632	223	-nan
40	988632	224	0
40	988632	225	-nan
40	988632	226	-nan
40	988632	227	-nan
40	988632	228	-nan
40	988632	229	-nan
40	988632	230	-nan
40	988632	231	-nan
40	988632	232	-nan
40	988632	233	-nan
40	988632	234	-nan
40	988632	235	-nan
40	988632	236	-nan
40	988632	237	-nan
40	988632	238	-nan
40	988632	239	-nan
40	988632	240	-nan
40	988632	241	-nan
40	988632	242	-nan
40	988632	243	-nan
40	988632	244	-nan
40	988632	245	-nan
40	988632	246	-nan
40	988632	247	-nan
40	988632	248	-nan
40	988632	249	-nan
40	988632	250	-nan
40	988632	251	-nan
40	988632	252	-nan
40	988632	253	-nan
40	988632	254	-nan
40	988632	255	-nan
40	988632	256	-nan
40	988632	257	-nan
40	988632	258	-nan
40	988632	259	-nan
40	988632	260	-nan
40	988632	261	-nan
40	988632	262	-nan
40	988632	263	-nan
40	988632	264	-nan
40	988632	265	-nan
40	988632	266	-nan
40	988632	267	-nan
40	988632	268	-nan
40	988632	269	-nan
40	988632	270	-nan
40	988632	271	-nan
40	988632	272	-nan
40	988632	273	0
40	988632	274	-nan
40	988632	275	-nan
40	988632	276	-nan
40	988632	277	-nan
40	988632	278	-nan
40	988632	279	-nan
40	988632	280	-nan
40	988632	281	-nan
40	988632	282	-nan
40	988632	283	-nan
40	988632	284	-nan
40	988632	285	-nan
40	988632	286	-nan
40	988632	287	-nan
40	988632	288	-nan
40	988632	289	-nan
40	988632	290	-nan
40	988632	291	0
40	988632	292	-nan
40	988632	293	-nan
40	988632	294	-nan
40	988632	295	-nan
40	988632	296	-nan
40	988632	297	-nan
40	988632	298	-nan
40	988632	299	-nan
40	988632	300	0
40	988632	301	-nan
40	988632	302	-nan
40	988632	303	0
40	988632	304	-nan
40	988632	305	-nan
40	988632	306	-nan
40	988632	307	-nan
40	988632	308	0
40	988632	309	-nan
40	988632	310	0
40	988632	311	-nan
40	988632	312	-nan
40	988632	313	-nan
40	988632	314	0
40	988632	315	-nan
40	988632	316	-nan
40	988632	317	0
40	988632	318	-nan
40	988632	319	0
40	988632	320	0
40	988632	321	0
40	988632	322	-nan
40	988632	323	-nan
40	988632	324	-nan
40	988632	325	-nan
40	988632	326	-nan
40	988632	327	-nan
40	988632	328	-nan
40	988632	329	0
40	988632	330	0
40	988632	331	-nan
40	988632	332	0
40	988632	333	-nan
40	988632	334	-nan
40	988632	335	0
40	988632	336	0
40	988632	337	-nan
40	988632	338	-nan
40	988632	339	-nan
40	988632	340	-nan
40	988632	341	-nan
40	988632	342	-nan
40	988632	343	-nan
40	988632	344	0
40	988632	345	-nan
40	988632	346	-nan
40	988632	347	-nan
40	988632	348	-nan
40	988632	349	0
40	988632	350	-nan
40	988632	351	0
40	988632	352	-nan
40	988632	353	-nan
40	988632	354	-nan
40	988632	355	-nan
40	988632	356	-nan
40	988632	357	-nan
40	988632	358	-nan
40	988632	359	0
40	988632	360	0
40	988632	361	-nan
40	988632	362	-nan
40	988632	363	-nan
40	988632	364	0
40	988632	365	-nan
40	988632	366	-nan
40	988632	367	-nan
40	988632	368	-nan
40	988632	369	-nan
40	988632	370	0
40	988632	371	0
40	988632	372	-nan
40	988632	373	0
40	988632	374	-nan
40	988632	375	-nan
40	988632	376	0
40	988632	377	-nan
40	988632	378	0
40	988632	379	-nan
40	988632	380	0
40	988632	381	0
40	988632	382	-nan
40	988632	383	-nan
40	988632	384	-nan
40	988632	385	0
40	988632	386	0
40	988632	387	-nan
40	988632	388	-nan
40	988632	389	-nan
40	988632	390	0
40	988632	391	-nan
40	988632	392	-nan
40	988632	393	0
40	988632	394	0
40	988632	395	-nan
40	988632	396	0
40	988632	397	-nan
40	988632	398	-nan
40	988632	399	-nan
40	988632	400	-nan
40	988632	401	-nan
40	988632	402	0
40	988632	403	-nan
40	988632	404	-nan
40	988632	405	-nan
40	988632	406	-nan
40	988632	407	-nan
40	988632	408	0
40	988632	409	0
40	988632	410	-nan
40	988632	411	-nan
40	988632	412	-nan
40	988632	413	-nan
40	988632	414	-nan
40	988632	415	-nan
40	988632	416	0
40	988632	417	0
40	988632	418	-nan
40	988632	419	0
40	988632	420	-nan
40	988632	421	-nan
40	988632	422	-nan
40	988632	423	-nan
40	988632	424	-nan
40	988632	425	0
40	988632	426	-nan
40	988632	427	-nan
40	988632	428	-nan
40	988632	429	-nan
40	988632	430	-nan
40	988632	431	-nan
40	988632	432	0
40	988632	433	0
40	988632	434	0
40	988632	435	-nan
40	988632	436	-nan
40	988632	437	-nan
40	988632	438	-nan
40	988632	439	-nan
40	988632	440	-nan
40	988632	441	-nan
40	988632	442	-nan
40	988632	443	0
40	988632	444	-nan
40	988632	445	0
40	988632	446	-nan
40	988632	447	0
40	988632	448	-nan
40	988632	449	0
40	988632	450	-nan
40	988632	451	-nan
40	988632	452	-nan
40	988632	453	-nan
40	988632	454	0
40	988632	455	-nan
40	988632	456	-nan
40	988632	457	-nan
40	988632	458	-nan
40	988632	459	-nan
40	988632	460	-nan
40	988632	461	-nan
40	988632	462	-nan
40	988632	463	-nan
40	988632	464	-nan
40	988632	465	-nan
40	988632	466	-nan
40	988632	467	0
40	988632	468	-nan
40	988632	469	-nan
40	988632	470	0
40	988632	471	-nan
40	988632	472	0
40	988632	473	-nan
40	988632	474	0
40	988632	475	-nan
40	988632	476	-nan
40	988632	477	0
40	988632	478	-nan
40	988632	479	0
40	988632	480	0
40	988632	481	-nan
40	988632	482	0
40	988632	483	-nan
40	988632	484	0
40	988632	485	-nan
40	988632	486	-nan
40	988632	487	-nan
40	988632	488	-nan
40	988632	489	0
40	988632	490	0
40	988632	491	0
40	988632	492	0
40	988632	493	0
40	988632	494	-nan
40	988632	495	-nan
40	988632	496	-nan
40	988632	497	0
40	988632	498	-nan
40	988632	499	-nan
40	988632	500	-nan
40	988632	501	0
40	988632	502	0
40	988632	503	-nan
40	988632	504	-nan
40	988632	505	-nan
40	988632	506	0
40	988632	507	0
40	988632	508	0
40	988632	509	-nan
40	988632	510	-nan
40	988632	511	0
40	988632	512	-nan
40	988632	513	-nan
40	988632	514	0
40	988632	515	-nan
40	988632	516	-nan
40	988632	517	-nan
40	988632	518	0
40	988632	519	-nan
40	988632	520	0
40	988632	521	-nan
40	988632	522	0
40	988632	523	-nan
40	988632	524	0
40	988632	525	0
40	988632	526	-nan
40	988632	527	-nan
40	988632	528	0
40	988632	529	-nan
40	988632	530	-nan
40	988632	531	-nan
40	988632	532	0
40	988632	533	-nan
40	988632	534	-nan
40	988632	535	-nan
40	988632	536	-nan
40	988632	537	0
40	988632	538	0
40	988632	539	-nan
40	988632	540	0
40	988632	541	-nan
40	988632	542	-nan
40	988632	543	0
40	988632	544	-nan
40	988632	545	0
40	988632	546	-nan
40	988632	547	-nan
40	988632	548	-nan
40	988632	549	-nan
40	988632	550	-nan
40	988632	551	0
40	988632	552	0
40	988632	553	-nan
40	988632	554	-nan
40	988632	555	-nan
40	988632	556	-nan
40	988632	557	0
40	988632	558	0
40	988632	559	-nan
40	988632	560	-nan
40	988632	561	0
40	988632	562	-nan
40	988632	563	0
40	988632	564	0
40	988632	565	0
40	988632	566	0
40	988632	567	0
40	988632	568	0
40	988632	569	0
40	988632	570	0
40	988632	571	-nan
40	988632	572	0
40	988632	573	0
40	988632	574	-nan
40	988632	575	-nan
40	988632	576	0
40	988632	577	0
40	988632	578	0
40	988632	579	0
40	988632	580	-nan
40	988632	581	-nan
40	988632	582	0
40	988632	583	-nan
40	988632	584	-nan
40	988632	585	0
40	988632	586	-nan
40	988632	587	-nan
40	988632	588	-nan
40	988632	589	0
40	988632	590	-nan
40	988632	591	-nan
40	988632	592	0
40	988632	593	-nan
40	988632	594	-nan
40	988632	595	-nan
40	988632	596	-nan
40	988632	597	-nan
40	988632	598	-nan
40	988632	599	-nan
40	988632	600	0
40	988632	601	-nan
40	988632	602	-nan
40	988632	603	0
40	988632	604	0
40	988632	605	0
40	988632	606	0
40	988632	607	-nan
40	988632	608	-nan
40	988632	609	0
40	988632	610	-nan
40	988632	611	0
40	988632	612	0
40	988632	613	0
40	988632	614	0
40	988632	615	-nan
40	988632	616	-nan
40	988632	617	-nan
40	988632	618	-nan
40	988632	619	-nan
40	988632	620	0
40	988632	621	0
40	988632	622	-nan
40	988632	623	-nan
40	988632	624	-nan
40	988632	625	-nan
40	988632	626	0
40	988632	627	0
40	988632	628	-nan
40	988632	629	0
40	988632	630	-nan
40	988632	631	-nan
40	988632	632	-nan
40	988632	633	0
40	988632	634	0
40	988632	635	-nan
40	988632	636	0
40	988632	637	-nan
40	988632	638	0
40	988632	639	-nan
40	988632	640	-nan
40	988632	641	0
40	988632	642	-nan
40	988632	643	-nan
40	988632	644	-nan
40	988632	645	-nan
40	988632	646	-nan
40	988632	647	0
40	988632	648	0
40	988632	649	0
40	988632	650	0
40	988632	651	0
40	988632	652	0
40	988632	653	0
40	988632	654	0
40	988632	655	-nan
40	988632	656	-nan
40	988632	657	-nan
40	988632	658	-nan
40	988632	659	0
40	988632	660	0
40	988632	661	0
40	988632	662	0
40	988632	663	-nan
40	988632	664	0
40	988632	665	-nan
40	988632	666	-nan
40	988632	667	0
40	988632	668	0
40	988632	669	0
40	988632	670	-nan
40	988632	671	0
40	988632	672	0
40	988632	673	0
40	988632	674	-nan
40	988632	675	0
40	988632	676	0
40	988632	677	0
40	988632	678	0
40	988632	679	0
40	988632	680	-nan
40	988632	681	-nan
40	988632	682	-nan
40	988632	683	-nan
40	988632	684	-nan
40	988632	685	-nan
40	988632	686	0
40	988632	687	-nan
40	988632	688	0
40	988632	689	-nan
40	988632	690	0
40	988632	691	-nan
40	988632	692	0
40	988632	693	0
40	988632	694	-nan
40	988632	695	0
40	988632	696	-nan
40	988632	697	-nan
40	988632	698	-nan
40	988632	699	0
40	988632	700	-nan
40	988632	701	0
40	988632	702	-nan
40	988632	703	0
40	988632	704	0
40	988632	705	-nan
40	988632	706	0
40	988632	707	0
40	988632	708	-nan
40	988632	709	0
40	988632	710	0
40	988632	711	0
40	988632	712	0
40	988632	713	0
40	988632	714	-nan
40	988632	715	-nan
40	988632	716	-nan
40	988632	717	0
40	988632	718	0
40	988632	719	0
40	988632	720	-nan
40	988632	721	0
40	988632	722	-nan
40	988632	723	-nan
40	988632	724	0
40	988632	725	-nan
40	988632	726	0
40	988632	727	-nan
40	988632	728	0
40	988632	729	0
40	988632	730	-nan
40	988632	731	0
40	988632	732	0
40	988632	733	-nan
40	988632	734	0
40	988632	735	-nan
40	988632	736	-nan
40	988632	737	-nan
40	988632	738	-nan
40	988632	739	0
40	988632	740	-nan
40	988632	741	-nan
40	988632	742	0
40	988632	743	-nan
40	988632	744	-nan
40	988632	745	-nan
40	988632	746	0
40	988632	747	-nan
40	988632	748	0
40	988632	749	-nan
40	988632	750	-nan
vector 41  simple_scenario_cache_in_the_core_network.client[0]  hdistance[0]  ETV
41	988632	1	1.2436641049743
41	988632	2	1.2435943126697
41	988632	3	1.2434667499721
41	988632	4	1.2433975092685
41	988632	5	1.2432806275355
41	988632	6	1.2433350035331
41	988632	7	1.2430753701909
41	988632	8	1.2432960595912
41	988632	9	1.2431625481985
41	988632	10	1.2428181105785
41	988632	11	1.242755745242
41	988632	12	1.2426472935733
41	988632	13	1.2428842642257
41	988632	14	1.2423872572497
41	988632	15	1.2422256054464
41	988632	16	1.242274868092
41	988632	17	1.2421646637011
41	988632	18	1.2421789865961
41	988632	19	1.2418962987142
41	988632	20	1.2421903391036
41	988632	21	1.241765476842
41	988632	22	1.2417608808541
41	988632	23	1.2415286467103
41	988632	24	1.2417295926513
41	988632	25	1.2414097112906
41	988632	26	1.2412752424228
41	988632	27	1.2415817963844
41	988632	28	1.2414085698222
41	988632	29	1.2407292145357
41	988632	30	1.2410198575663
41	988632	31	1.2406515219175
41	988632	32	1.2411526025846
41	988632	33	1.2406729636706
41	988632	34	1.2408671467058
41	988632	35	1.2405426585143
41	988632	36	1.2402311983932
41	988632	37	1.2405590060765
41	988632	38	1.2402129076616
41	988632	39	1.2400131004643
41	988632	40	1.2400612677354
41	988632	41	1.2398746569327
41	988632	42	1.2402009357864
41	988632	43	1.2396197083472
41	988632	44	1.2400341845041
41	988632	45	1.2395013851728
41	988632	46	1.2393695450363
41	988632	47	1.2393297820692
41	988632	48	1.2394772918722
41	988632	49	1.2389854530475
41	988632	50	1.2391064336243
41	988632	51	1.239405123435
41	988632	52	1.2387020051885
41	988632	53	1.2384651023342
41	988632	54	1.2392730215475
41	988632	55	1.2382503366573
41	988632	56	1.2381660739946
41	988632	57	1.2376814223631
41	988632	58	1.2378487505103
41	988632	59	1.2383449917903
41	988632	60	1.238445503665
41	988632	61	1.2367635471031
41	988632	62	1.2379924265515
41	988632	63	1.2369622278907
41	988632	64	1.2383919046963
41	988632	65	1.2371364570482
41	988632	66	1.2377375962099
41	988632	67	1.2373422969212
41	988632	68	1.2380046775361
41	988632	69	1.2377130029467
41	988632	70	1.2374949116274
41	988632	71	1.2374682561945
41	988632	72	1.2372993458975
41	988632	73	1.237271039604
41	988632	74	1.2370394985393
41	988632	75	1.2374193349393
41	988632	76	1.2371337473321
41	988632	77	1.2369760573921
41	988632	78	1.2366593250585
41	988632	79	1.2361577908251
41	988632	80	1.2349697770512
41	988632	81	1.2361572669777
41	988632	82	1.2348609803442
41	988632	83	1.2350264852363
41	988632	84	1.2358005853076
41	988632	85	1.2344779746675
41	988632	86	1.2353120085169
41	988632	87	1.2361056975297
41	988632	88	1.2347197362223
41	988632	89	1.2342399653188
41	988632	90	1.2348075762609
41	988632	91	1.2347262191802
41	988632	92	1.235800568623
41	988632	93	1.2342110125605
41	988632	94	1.2341960398255
41	988632	95	1.2345090829601
41	988632	96	1.235169411651
41	988632	97	1.2338208656606
41	988632	98	1.2325626613731
41	988632	99	1.2357359726992
41	988632	100	1.2354681222004
41	988632	101	1.2339823136493
41	988632	102	1.2330364141638
41	988632	103	1.2336784346206
41	988632	104	1.231410503789
41	988632	105	1.2332278034083
41	988632	106	1.23407672182
41	988632	107	1.2319726917776
41	988632	108	1.2335382820651
41	988632	109	1.2342496820853
41	988632	110	1.2323460140363
41	988632	111	1.2326057534105
41	988632	112	1.2327528107412
41	988632	113	1.2345297695195
41	988632	114	1.2324386619638
41	988632	115	1.2335576185818
41	988632	116	1.2303671937818
41	988632	117	1.2311957868216
41	988632	118	1.2313410036474
41	988632	119	1.231046746539
41	988632	120	1.2313348825914
41	988632	121	1.230968892645
41	988632	122	1.2305029391872
41	988632	123	1.2314861916415
41	988632	124	1.2334659688462
41	988632	125	1.2319511397964
41	988632	126	1.2323346584893
41	988632	127	1.2315989562355
41	988632	128	1.233107913938
41	988632	129	1.2291655365519
41	988632	130	1.2305416269071
41	988632	131	1.2322561390474
41	988632	132	1.2318681349901
41	988632	133	1.2325842513671
41	988632	134	1.230902672839
41	988632	135	1.2331400486727
41	988632	136	1.2296055277857
41	988632	137	1.2310809451748
41	988632	138	1.2321511210456
41	988632	139	1.2296140265296
41	988632	140	1.2300636919969
41	988632	141	1.2297930122193
41	988632	142	1.2312308635272
41	988632	143	1.2271110027119
41	988632	144	1.2303213272236
41	988632	145	1.2305085245998
41	988632	146	1.2296112776165
41	988632	147	1.2300420913595
41	988632	148	1.2278501485085
41	988632	149	1.2273864124341
41	988632	150	1.2274739563811
41	988632	151	1.2295594715698
41	988632	152	1.2306447829374
41	988632	153	1.2302048842894
41	988632	154	1.2294055868759
41	988632	155	1.2301940728432
41	988632	156	1.2304592447632
41	988632	157	1.223275756909
41	988632	158	1.2256081630778
41	988632	159	1.2280053280053
41	988632	160	1.2271401992699
41	988632	161	1.2291779199335
41	988632	162	1.2254706955664
41	988632	163	1.2254188415958
41	988632	164	1.2273619385853
41	988632	165	1.2284863252888
41	988632	166	1.2252069075403
41	988632	167	1.2265404011129
41	988632	168	1.2268700160239
41	988632	169	1.2277471427786
41	988632	170	1.2267157963655
41	988632	171	1.2226451454741
41	988632	172	1.2262435281678
41	988632	173	1.2255660003282
41	988632	174	1.2254921231782
41	988632	175	1.2278030747144
41	988632	176	1.2268412487385
41	988632	177	1.2281136911031
41	988632	178	1.226551528974
41	988632	179	1.2246064496609
41	988632	180	1.2226422060614
41	988632	181	1.2255733522807
41	988632	182	1.2230972329986
41	988632	183	1.2277241291692
41	988632	184	1.2278556111122
41	988632	185	1.225834965138
41	988632	186	1.2270388249123
41	988632	187	1.226648573805
41	988632	188	1.2278911318179
41	988632	189	1.2246605678461
41	988632	190	1.2265985896441
41	988632	191	1.2259470265592
41	988632	192	1.2260867756741
41	988632	193	1.2238591240031
41	988632	194	1.2279007832203
41	988632	195	1.2251863290054
41	988632	196	1.2236092715232
41	988632	197	1.2218860605699
41	988632	198	1.2257658882093
41	988632	199	1.2231161959159
41	988632	200	1.22489938582
41	988632	201	1.2178674936401
41	988632	202	1.2239630867972
41	988632	203	1.221181613133
41	988632	204	1.2199710942057
41	988632	205	1.2226180243084
41	988632	206	1.2203638098284
41	988632	207	1.222703796398
41	988632	208	1.2213000505624
41	988632	209	1.2247059576307
41	988632	210	1.2238769458394
41	988632	211	1.2231547803226
41	988632	212	1.2230768194512
41	988632	213	1.223225626273
41	988632	214	1.2177773238702
41	988632	215	1.2206653550893
41	988632	216	1.2234100475714
41	988632	217	1.2199569496914
41	988632	218	1.2211842253418
41	988632	219	1.2158062575617
41	988632	220	1.2182817811874
41	988632	221	1.217079038001
41	988632	222	1.2146498580207
41	988632	223	1.2214955217663
41	988632	224	1.2223224521857
41	988632	225	1.2222431902442
41	988632	226	1.2254646828482
41	988632	227	1.2214125726611
41	988632	228	1.2213980434014
41	988632	229	1.222204960134
41	988632	230	1.2155404511826
41	988632	231	1.2176329194246
41	988632	232	1.2139662815182
41	988632	233	1.214548099088
41	988632	234	1.2213514069019
41	988632	235	1.2101660671358
41	988632	236	1.2142386294079
41	988632	237	1.2220771032247
41	988632	238	1.2225868391065
41	988632	239	1.2159331879415
41	988632	240	1.218149624039
41	988632	241	1.2213373722259
41	988632	242	1.2186473410922
41	988632	243	1.2197860304077
41	988632	244	1.2196427961347
41	988632	245	1.2181899187486
41	988632	246	1.2222733017688
41	988632	247	1.2158500745106
41	988632	248	1.2213633645295
41	988632	249	1.2152864092686
41	988632	250	1.2177067681458
41	988632	251	1.2219573321405
41	988632	252	1.2114380988961
41	988632	253	1.2220033463043
41	988632	254	1.2170972092283
41	988632	255	1.216560422659
41	988632	256	1.220951826082
41	988632	257	1.218312376195
41	988632	258	1.2194681514003
41	988632	259	1.2172032886379
41	988632	260	1.2216317424568
41	988632	261	1.215645339952
41	988632	262	1.2193553798227
41	988632	263	1.2163646622169
41	988632	264	1.2164860133348
41	988632	265	1.2197410149294
41	988632	266	1.2209304513577
41	988632	267	1.2218113088141
41	988632	268	1.2198326839464
41	988632	269	1.2113688729269
41	988632	270	1.2154957940168
41	988632	271	1.2151804014706
41	988632	272	1.2176468110743
41	988632	273	1.2116374556439
41	988632	274	1.2212678096803
41	988632	275	1.2095328133395
41	988632	276	1.2150731413812
41	988632	277	1.2201809436408
41	988632	278	1.2119994414737
41	988632	279	1.2140439078232
41	988632	280	1.21417549689
41	988632	281	1.2151000232901
41	988632	282	1.2151773582003
41	988632	283	1.2185097585675
41	988632	284	1.2142652992044
41	988632	285	1.2149821855696
41	988632	286	1.2135215133551
41	988632	287	1.2139407878346
41	988632	288	1.2193841715441
41	988632	289	1.2121762149821
41	988632	290	1.2127862139567
41	988632	291	1.2031657872813
41	988632	292	1.2194338191256
41	988632	293	1.217344556942
41	988632	294	1.2139954258383
41	988632	295	1.2205890682918
41	988632	296	1.2073279548464
41	988632	297	1.2104518027512
41	988632	298	1.2119367980069
41	988632	299	1.2137795678041
41	988632	300	1.2064138869937
41	988632	301	1.2147285593622
41	988632	302	1.2136806345509
41	988632	303	1.2150418062206
41	988632	304	1.2183954619125
41	988632	305	1.2116558741906
41	988632	306	1.2060725780448
41	988632	307	1.2115922594725
41	988632	308	1.2115963288437
41	988632	309	1.2130358228618
41	988632	310	1.2097924123121
41	988632	311	1.2158555095379
41	988632	312	1.2194548872181
41	988632	313	1.2185968773621
41	988632	314	1.2152960841641
41	988632	315	1.2144764980718
41	988632	316	1.2146644075091
41	988632	317	1.2094636028298
41	988632	318	1.2165755548109
41	988632	319	1.2162400269137
41	988632	320	1.2119925357661
41	988632	321	1.2112587558186
41	988632	322	1.2033626225076
41	988632	323	1.2147610800768
41	988632	324	1.2070973824295
41	988632	325	1.214666600402
41	988632	326	1.2110719706006
41	988632	327	1.2044924772197
41	988632	328	1.2146606836214
41	988632	329	1.2096741860711
41	988632	330	1.2114743601726
41	988632	331	1.1941201160771
41	988632	332	1.2156217129847
41	988632	333	1.2113880951923
41	988632	334	1.2103144418569
41	988632	335	1.2050248508946
41	988632	336	1.2127352094285
41	988632	337	1.2102300678209
41	988632	338	1.2213419454677
41	988632	339	1.2159596412328
41	988632	340	1.2145056160762
41	988632	341	1.2114092290412
41	988632	342	1.2066932657798
41	988632	343	1.2094942045844
41	988632	344	1.2036106783424
41	988632	345	1.1941991233563
41	988632	346	1.2066168185256
41	988632	347	1.2152211505494
41	988632	348	1.2123719983491
41	988632	349	1.2049708389954
41	988632	350	1.2031863099821
41	988632	351	1.1946275288653
41	988632	352	1.2152488620805
41	988632	353	1.218871333202
41	988632	354	1.2046280981496
41	988632	355	1.2128661641303
41	988632	356	1.216511401635
41	988632	357	1.2052886452795
41	988632	358	1.213999966028
41	988632	359	1.2079630937292
41	988632	360	1.2076192542729
41	988632	361	1.212305050038
41	988632	362	1.2116200069417
41	988632	363	1.2123139949831
41	988632	364	1.1994159095567
41	988632	365	1.2040574486675
41	988632	366	1.2019828960719
41	988632	367	1.2088365326067
41	988632	368	1.199750140476
41	988632	369	1.2113772185216
41	988632	370	1.2028466847099
41	988632	371	1.2114734586771
41	988632	372	1.2111578124237
41	988632	373	1.1949638986009
41	988632	374	1.2066453732852
41	988632	375	1.1959464897626
41	988632	376	1.1981146169475
41	988632	377	1.2019725188844
41	988632	378	1.2082719436549
41	988632	379	1.2152267791892
41	988632	380	1.1956668244203
41	988632	381	1.2096241830065
41	988632	382	1.2039265521693
41	988632	383	1.1945694097034
41	988632	384	1.2062721862481
41	988632	385	1.1955071535341
41	988632	386	1.2065292409531
41	988632	387	1.1969953121572
41	988632	388	1.1665240343819
41	988632	389	1.2037302928418
41	988632	390	1.2021813082721
41	988632	391	1.2093416083958
41	988632	392	1.2064594641501
41	988632	393	1.1978139592154
41	988632	394	1.2065140558986
41	988632	395	1.209467270739
41	988632	396	1.2068148197956
41	988632	397	1.2166319644497
41	988632	398	1.2040270289931
41	988632	399	1.2109343436435
41	988632	400	1.2113679264511
41	988632	401	1.2062591126061
41	988632	402	1.2121949751103
41	988632	403	1.2077175481549
41	988632	404	1.1944209143017
41	988632	405	1.2096068120048
41	988632	406	1.2063126110455
41	988632	407	1.2026614485901
41	988632	408	1.2053001683095
41	988632	409	1.2049522706066
41	988632	410	1.2064576208848
41	988632	411	1.1923256477061
41	988632	412	1.2023431934442
41	988632	413	1.2106994401536
41	988632	414	1.2040514533858
41	988632	415	1.2075984276175
41	988632	416	1.2094200700628
41	988632	417	1.1848656831777
41	988632	418	1.1982251433457
41	988632	419	1.3202402565451
41	988632	420	1.2083406643741
41	988632	421	1.2054566777838
41	988632	422	1.202558640753
41	988632	423	1.2024872231687
41	988632	424	1.2083341972589
41	988632	425	1.209782509119
41	988632	426	1.2052906160864
41	988632	427	1.2088390213895
41	988632	428	1.2065361533793
41	988632	429	1.2041893543224
41	988632	430	1.2046476166691
41	988632	431	1.1950403883836
41	988632	432	1.1981888283466
41	988632	433	1.212031387498
41	988632	434	1.3070162678748
41	988632	435	1.2104546472689
41	988632	436	1.1929070458825
41	988632	437	1.2022242864668
41	988632	438	1.2112510590229
41	988632	439	1.202723341031
41	988632	440	1.1910534297433
41	988632	441	1.2072604157653
41	988632	442	1.2050792805375
41	988632	443	1.1933782890075
41	988632	444	1.1874437748429
41	988632	445	1.1960916898043
41	988632	446	1.2120769296476
41	988632	447	1.2085738221294
41	988632	448	1.2074151367958
41	988632	449	1.2066306312351
41	988632	450	1.2062072220183
41	988632	451	1.1876392546081
41	988632	452	1.1952428481057
41	988632	453	1.1921080523445
41	988632	454	1.1986547235642
41	988632	455	1.3172333621918
41	988632	456	1.1994512894576
41	988632	457	1.2023068340307
41	988632	458	1.308671825079
41	988632	459	1.2092185322072
41	988632	460	1.2084377629547
41	988632	461	1.178528692924
41	988632	462	1.1944045692635
41	988632	463	1.1912446684642
41	988632	464	1.2020567907607
41	988632	465	1.2037417690966
41	988632	466	1.1855722615402
41	988632	467	1.1958511971966
41	988632	468	1.2018358843478
41	988632	469	1.1773845495198
41	988632	470	1.1877367477306
41	988632	471	1.2020776748503
41	988632	472	1.2006784338353
41	988632	473	1.1994139673154
41	988632	474	1.1979040359867
41	988632	475	1.1881023226895
41	988632	476	1.1876616195588
41	988632	477	1.1751086674919
41	988632	478	1.206458469588
41	988632	479	1.1680011757699
41	988632	480	1.2011779773704
41	988632	481	1.203533195058
41	988632	482	1.1709387102626
41	988632	483	1.1881265921686
41	988632	484	1.2036149925213
41	988632	485	1.192205796005
41	988632	486	1.2060721437931
41	988632	487	1.1626731866341
41	988632	488	1.2062076592629
41	988632	489	1.1894076153104
41	988632	490	1.1990688310054
41	988632	491	1.2069602017639
41	988632	492	1.198105978292
41	988632	493	1.2087570304679
41	988632	494	1.1955100539771
41	988632	495	1.1992940523317
41	988632	496	1.2018136562956
41	988632	497	1.1919495685351
41	988632	498	1.1876599782997
41	988632	499	1.20511416589
41	988632	500	1.1960364578759
41	988632	501	1.188781399336
41	988632	502	1.1874671263061
41	988632	503	1.1922018646518
41	988632	504	1.17084190136
41	988632	505	1.1841135436318
41	988632	506	1.1976256728372
41	988632	507	1.2027440349553
41	988632	508	1.1716676647166
41	988632	509	1.1980756406593
41	988632	510	1.1958792002017
41	988632	511	1.1809794674079
41	988632	512	1.1750659517386
41	988632	513	1.1866995528707
41	988632	514	1.1967816737168
41	988632	515	1.2105001528763
41	988632	516	1.199901377258
41	988632	517	1.1882074451849
41	988632	518	1.195852558686
41	988632	519	1.1671095948023
41	988632	520	1.1983128184785
41	988632	521	1.1898396124943
41	988632	522	1.3068457003657
41	988632	523	1.1850267798058
41	988632	524	1.1945287625073
41	988632	525	1.1860454808935
41	988632	526	1.1945389254871
41	988632	527	1.200862992972
41	988632	528	1.1848743815774
41	988632	529	1.1853988072664
41	988632	530	1.2040775428158
41	988632	531	1.1805446974903
41	988632	532	1.2027231272548
41	988632	533	1.2015087700847
41	988632	534	1.1998990189148
41	988632	535	1.1858739750185
41	988632	536	1.2034167589682
41	988632	537	1.1922110272106
41	988632	538	1.178786536315
41	988632	539	1.1847906542658
41	988632	540	1.1900785555929
41	988632	541	1.1851975422807
41	988632	542	1.1970014182481
41	988632	543	1.2064098959798
41	988632	544	1.1948559909169
41	988632	545	1.1998642213049
41	988632	546	1.1768556034527
41	988632	547	1.1921402383135
41	988632	548	1.2004533867631
41	988632	549	1.1817333681605
41	988632	550	1.1786092843547
41	988632	551	1.2004072714692
41	988632	552	1.1759071953505
41	988632	553	1.1923071551279
41	988632	554	1.1902359792187
41	988632	555	1.1074399410083
41	988632	556	1.189542561297
41	988632	557	1.1876501404532
41	988632	558	1.1664552059977
41	988632	559	1.1820283304063
41	988632	560	1.1921975439746
41	988632	561	1.1791715083941
41	988632	562	1.1960452080272
41	988632	563	1.2040420050219
41	988632	564	1.1977526613553
41	988632	565	1.171782344818
41	988632	566	1.1891034529839
41	988632	567	1.1951443624868
41	988632	568	1.1835868106373
41	988632	569	1.1756570533379
41	988632	570	1.1786857018142
41	988632	571	1.1877473637525
41	988632	572	1.3320377233842
41	988632	573	1.1982165711757
41	988632	574	1.1720908030793
41	988632	575	1.2025658096897
41	988632	576	1.174943861888
41	988632	577	1.1884260339148
41	988632	578	1.1925961605121
41	988632	579	1.1950672389794
41	988632	580	1.1866998593306
41	988632	581	1.1855757490654
41	988632	582	1.1855388006896
41	988632	583	1.1962031488725
41	988632	584	1.1848197086952
41	988632	585	1.3203254500353
41	988632	586	1.170518330249
41	988632	587	1.2024121338675
41	988632	588	1.1923620843957
41	988632	589	1.1897429178173
41	988632	590	1.1922789391314
41	988632	591	1.1856115157163
41	988632	592	1.1938774732478
41	988632	593	1.1786197813042
41	988632	594	1.1974117845618
41	988632	595	1.1906451226883
41	988632	596	1.1964292440393
41	988632	597	1.3241248934071
41	988632	598	1.1891751711382
41	988632	599	1.2037541222207
41	988632	600	1.1897574157711
41	988632	601	1.1710877512042
41	988632	602	1.1803021734437
41	988632	603	1.1923484196468
41	988632	604	1.3704359110989
41	988632	605	1.1718201128561
41	988632	606	1.1772244927224
41	988632	607	1.1755756977127
41	988632	608	1.1629821235103
41	988632	609	1.1925983314807
41	988632	610	1.1609736785549
41	988632	611	1.1711403618422
41	988632	612	1.178365253188
41	988632	613	1.1853568118629
41	988632	614	1.166969808133
41	988632	615	1.1709404197107
41	988632	616	1.1770598648214
41	988632	617	1.2052225044722
41	988632	618	1.1750270704432
41	988632	619	1.1956181192593
41	988632	620	1.1953880849465
41	988632	621	1.1795639923071
41	988632	622	1.2025712720227
41	988632	623	1.1499134907931
41	988632	624	1.1725147992351
41	988632	625	1.1573691697121
41	988632	626	1.3474271829689
41	988632	627	1.1819192767485
41	988632	628	1.1921923066068
41	988632	629	1.1870462058761
41	988632	630	1.1804775068005
41	988632	631	1.1715658518546
41	988632	632	1.1797262220976
41	988632	633	1.1736681944348
41	988632	634	1.1933037140154
41	988632	635	1.1921663669768
41	988632	636	1.1856904570475
41	988632	637	1.1997210502061
41	988632	638	1.1924174380857
41	988632	639	1.1714569696437
41	988632	640	1.1873381194381
41	988632	641	1.175042550534
41	988632	642	1.3434594762713
41	988632	643	1.3911732978926
41	988632	644	1.1706563788944
41	988632	645	1.3413901551292
41	988632	646	1.155262247885
41	988632	647	1.1844953614869
41	988632	648	1.3538840161666
41	988632	649	1.1907950645685
41	988632	650	1.1788851108395
41	988632	651	1.1569727420184
41	988632	652	1.1491240686551
41	988632	653	1.1854407263027
41	988632	654	1.1849483241021
41	988632	655	1.1872004727069
41	988632	656	1.1924304775281
41	988632	657	1.196485891725
41	988632	658	1.1825450627989
41	988632	659	1.1845310135856
41	988632	660	1.1941260735259
41	988632	661	1.1484898284187
41	988632	662	1.3556274623956
41	988632	663	1.1485163250093
41	988632	664	1.353824440336
41	988632	665	1.185029182692
41	988632	666	1.1963474398073
41	988632	667	1.1872680082285
41	988632	668	1.1708472402433
41	988632	669	1.1794176592905
41	988632	670	1.1883576501787
41	988632	671	1.1930282323584
41	988632	672	1.187326126699
41	988632	673	1.1964875759979
41	988632	674	1.1987081333399
41	988632	675	1.1874862839279
41	988632	676	1.3239802508827
41	988632	677	1.1876664320595
41	988632	678	1.1662241002651
41	988632	679	1.2004567710727
41	988632	680	1.1710121168313
41	988632	681	1.1783194312042
41	988632	682	1.184925523557
41	988632	683	1.1199278083559
41	988632	684	1.1787819146277
41	988632	685	1.1716132902827
41	988632	686	1.1663502718999
41	988632	687	1.1899624516646
41	988632	688	1.1798992794429
41	988632	689	1.3696929377409
41	988632	690	1.1707586777936
41	988632	691	1.1835408903707
41	988632	692	1.1760911792376
41	988632	693	1.3316500068232
41	988632	694	1.1855904918041
41	988632	695	1.1899547383476
41	988632	696	1.1076718255949
41	988632	697	1.1855175210483
41	988632	698	1.1884714079556
41	988632	699	1.187448441438
41	988632	700	1.33623077008
41	988632	701	1.1945594311965
41	988632	702	1.1767316414559
41	988632	703	1.1757229881124
41	988632	704	1.1760013477987
41	988632	705	1.1981707051352
41	988632	706	1.1712299132851
41	988632	707	1.1877559342371
41	988632	708	1.1757366166811
41	988632	709	1.1665292470888
41	988632	710	1.1709071141135
41	988632	711	1.1752552021987
41	988632	712	1.1755541486855
41	988632	713	1.1719164373323
41	988632	714	1.1662607759229
41	988632	715	1.1766244588745
41	988632	716	1.1963606167924
41	988632	717	1.1608807466375
41	988632	718	1.1310460109593
41	988632	719	1.3257643825369
41	988632	720	1.3609290161185
41	988632	721	1.1401810216988
41	988632	722	1.171985055599
41	988632	723	1.1553948030914
41	988632	724	1.1729347838067
41	988632	725	1.1750439167603
41	988632	726	1.3489456908504
41	988632	727	1.1716791203526
41	988632	728	1.4033860875966
41	988632	729	1.1558711518566
41	988632	730	1.1784111005306
41	988632	731	1.3801328498219
41	988632	732	1.1714835275252
41	988632	733	1.1729016151606
41	988632	734	1.1325568094634
41	988632	735	1.1724875568716
41	988632	736	1.19457819374
41	988632	737	1.1679317127295
41	988632	738	1.1696873791847
41	988632	739	1.1861584669402
41	988632	740	1.3693064504394
41	988632	741	1.1712182689367
41	988632	742	1.161262485018
41	988632	743	1.1819271252347
41	988632	744	1.3703263550477
41	988632	745	1.1784048663004
41	988632	746	1.1562356409944
41	988632	747	1.1815274325159
41	988632	748	1.1868479229984
41	988632	749	1.1406623391544
41	988632	750	1.1623179820144
