version 2
run General-0-20150519-11:05:09-22955
attr D lce
attr F spr
attr R lru
attr a 1
attr configname General
attr datetime 20150519-11:05:09
attr experiment General
attr inifile omnetpp.ini
attr iterationvars "$net=abilene, $rep=0, $a=1, $F=spr, $ttl=1000, $D=lce, $R=lru"
attr iterationvars2 "$net=abilene, $rep=0, $a=1, $F=spr, $ttl=1000, $D=lce, $R=lru, $repetition=0"
attr measurement "$net=abilene, $rep=0, $a=1, $F=spr, $ttl=1000, $D=lce, $R=lru"
attr net abilene
attr network networks.${net=abilene}_network
attr processid 22955
attr rep 0
attr repetition 0
attr replication #0
attr resultdir results
attr runnumber 0
attr seedset 0
attr ttl 1000

vector 0  abilene_network.node[0].content_store  hit_node[0]  ETV
0	349199	1	1
0	349199	2	0.98795180722892
0	349199	3	0.9672131147541
0	349199	4	0.81081081081081
0	349199	5	0.81578947368421
0	349199	6	0.74074074074074
0	349199	7	0.71428571428571
0	349199	8	0.65217391304348
0	349199	9	0.2
0	349199	10	0.375
0	349199	11	0.53846153846154
0	349199	12	0.93333333333333
0	349199	13	0.55555555555556
0	349199	14	0.5
0	349199	15	0.60869565217391
0	349199	16	0.28571428571429
0	349199	17	0.33333333333333
0	349199	18	0.93023255813953
0	349199	19	0.125
0	349199	20	0.14285714285714
0	349199	21	0.44444444444444
0	349199	22	0.36363636363636
0	349199	23	0.28571428571429
0	349199	24	0.33333333333333
0	349199	25	0
0	349199	26	0.45454545454545
0	349199	27	0
0	349199	28	0.85714285714286
0	349199	29	0
0	349199	30	0.28571428571429
0	349199	31	0.27272727272727
0	349199	32	0.33333333333333
0	349199	33	0.25
0	349199	34	0
0	349199	35	0.45454545454545
0	349199	36	0.85714285714286
0	349199	37	0
0	349199	38	0
0	349199	39	0.28571428571429
0	349199	40	0.25
0	349199	41	0
0	349199	42	0
0	349199	43	0
0	349199	44	0.33333333333333
0	349199	45	0
0	349199	46	0.2
0	349199	47	0
0	349199	48	0
0	349199	49	0
0	349199	50	0.25
0	349199	51	0.25
0	349199	52	0.5
0	349199	53	0
0	349199	54	0.16666666666667
0	349199	55	0.33333333333333
0	349199	56	0
0	349199	57	0
0	349199	58	0
0	349199	59	0
0	349199	60	0
0	349199	61	0.33333333333333
0	349199	62	0.33333333333333
0	349199	63	0
0	349199	64	0
0	349199	65	0
0	349199	66	0.25
0	349199	67	0.33333333333333
0	349199	68	0
0	349199	69	0.57894736842105
0	349199	70	0
0	349199	71	0
0	349199	72	0
0	349199	73	0
0	349199	74	0
0	349199	75	0
0	349199	76	0
vector 1  abilene_network.node[1].content_store  hit_node[1]  ETV
1	349199	1	0.97979797979798
1	349199	2	0.8989898989899
1	349199	3	0.84705882352941
1	349199	4	0.7037037037037
1	349199	5	0.68
1	349199	6	0.55555555555556
1	349199	7	0.54545454545455
1	349199	8	0.66037735849057
1	349199	9	0.53658536585366
1	349199	10	0.32142857142857
1	349199	11	0.34375
1	349199	12	0.45238095238095
1	349199	13	0.42424242424242
1	349199	14	0.33333333333333
1	349199	15	0.68421052631579
1	349199	16	0.27777777777778
1	349199	17	0.39393939393939
1	349199	18	0.48717948717949
1	349199	19	0.27777777777778
1	349199	20	0.35294117647059
1	349199	21	0.15789473684211
1	349199	22	0.125
1	349199	23	0.10526315789474
1	349199	24	0.39130434782609
1	349199	25	0.21428571428571
1	349199	26	0.30434782608696
1	349199	27	0.11111111111111
1	349199	28	0.36666666666667
1	349199	29	0
1	349199	30	0.35714285714286
1	349199	31	0.33333333333333
1	349199	32	0.25
1	349199	33	0
1	349199	34	0.15384615384615
1	349199	35	0.11111111111111
1	349199	36	0.31034482758621
1	349199	37	0.14285714285714
1	349199	38	0.33333333333333
1	349199	39	0.28571428571429
1	349199	40	0.4
1	349199	41	0.125
1	349199	42	0.090909090909091
1	349199	43	0
1	349199	44	0.16666666666667
1	349199	45	0.1
1	349199	46	0.4
1	349199	47	0.44117647058824
1	349199	48	0.34615384615385
1	349199	49	0.083333333333333
1	349199	50	0.14285714285714
1	349199	51	0.32
1	349199	52	0.33333333333333
1	349199	53	0.14285714285714
1	349199	54	0
1	349199	55	0.1
1	349199	56	0.2
1	349199	57	0.2
1	349199	58	0
1	349199	59	0.125
1	349199	60	0.1
1	349199	61	0
1	349199	62	0.375
1	349199	63	0.18181818181818
1	349199	64	0
1	349199	65	0
1	349199	66	0
1	349199	67	0.22222222222222
1	349199	68	0
1	349199	69	0.25
1	349199	70	0
1	349199	71	0
1	349199	72	0
1	349199	73	0
1	349199	74	0.25
1	349199	75	0
1	349199	76	0
vector 2  abilene_network.node[2].content_store  hit_node[2]  ETV
2	349199	1	0.94152046783626
2	349199	2	0.85833333333333
2	349199	3	0.63513513513514
2	349199	4	0.66666666666667
2	349199	5	0.76842105263158
2	349199	6	0.78125
2	349199	7	0.61428571428571
2	349199	8	0.43181818181818
2	349199	9	0.45652173913043
2	349199	10	0.32432432432432
2	349199	11	0.32432432432432
2	349199	12	0.30952380952381
2	349199	13	0.57971014492754
2	349199	14	0.61290322580645
2	349199	15	0.44186046511628
2	349199	16	0.25
2	349199	17	0.12
2	349199	18	0.33333333333333
2	349199	19	0.31578947368421
2	349199	20	0.39473684210526
2	349199	21	0.16666666666667
2	349199	22	0.1
2	349199	23	0.33333333333333
2	349199	24	0.45454545454545
2	349199	25	0.43478260869565
2	349199	26	0.23809523809524
2	349199	27	0.33333333333333
2	349199	28	0.23333333333333
2	349199	29	0.1875
2	349199	30	0.0625
2	349199	31	0.375
2	349199	32	0.33333333333333
2	349199	33	0.32432432432432
2	349199	34	0.16
2	349199	35	0.28571428571429
2	349199	36	0.24137931034483
2	349199	37	0
2	349199	38	0.26315789473684
2	349199	39	0.083333333333333
2	349199	40	0.24
2	349199	41	0
2	349199	42	0.0625
2	349199	43	0.2
2	349199	44	0.16666666666667
2	349199	45	0.34375
2	349199	46	0.22222222222222
2	349199	47	0.1
2	349199	48	0.38095238095238
2	349199	49	0.37142857142857
2	349199	50	0.25
2	349199	51	0.17647058823529
2	349199	52	0.11111111111111
2	349199	53	0.22222222222222
2	349199	54	0.16666666666667
2	349199	55	0.076923076923077
2	349199	56	0.2
2	349199	57	0.1304347826087
2	349199	58	0.10526315789474
2	349199	59	0.27586206896552
2	349199	60	0.11111111111111
2	349199	61	0
2	349199	62	0.22222222222222
2	349199	63	0.23529411764706
2	349199	64	0.18181818181818
2	349199	65	0.22222222222222
2	349199	66	0.25
2	349199	67	0.083333333333333
2	349199	68	0
2	349199	69	0.0625
2	349199	70	0.21428571428571
2	349199	71	0.125
2	349199	72	0.22727272727273
2	349199	73	0.2
2	349199	74	0
2	349199	75	0.14285714285714
2	349199	76	0.125
vector 3  abilene_network.node[3].content_store  hit_node[3]  ETV
3	349199	1	0.97837837837838
3	349199	2	0.83495145631068
3	349199	3	0.71428571428571
3	349199	4	0.59649122807018
3	349199	5	0.60655737704918
3	349199	6	0.59677419354839
3	349199	7	0.6986301369863
3	349199	8	0.42857142857143
3	349199	9	0.54545454545455
3	349199	10	0.39024390243902
3	349199	11	0.38235294117647
3	349199	12	0.45454545454545
3	349199	13	0.48837209302326
3	349199	14	0.38235294117647
3	349199	15	0.375
3	349199	16	0.52
3	349199	17	0.17647058823529
3	349199	18	0.42105263157895
3	349199	19	0.33333333333333
3	349199	20	0.28125
3	349199	21	0.36363636363636
3	349199	22	0.26666666666667
3	349199	23	0.51923076923077
3	349199	24	0.38709677419355
3	349199	25	0.375
3	349199	26	0.13333333333333
3	349199	27	0.39285714285714
3	349199	28	0.27272727272727
3	349199	29	0.5
3	349199	30	0.31818181818182
3	349199	31	0.21739130434783
3	349199	32	0.23529411764706
3	349199	33	0.21739130434783
3	349199	34	0.18181818181818
3	349199	35	0.2
3	349199	36	0.19047619047619
3	349199	37	0.090909090909091
3	349199	38	0.19047619047619
3	349199	39	0.21428571428571
3	349199	40	0.11111111111111
3	349199	41	0.2
3	349199	42	0.10526315789474
3	349199	43	0
3	349199	44	0.17647058823529
3	349199	45	0.17647058823529
3	349199	46	0.32
3	349199	47	0.26315789473684
3	349199	48	0.15384615384615
3	349199	49	0.18181818181818
3	349199	50	0.26666666666667
3	349199	51	0.13333333333333
3	349199	52	0.076923076923077
3	349199	53	0.16666666666667
3	349199	54	0
3	349199	55	0.066666666666667
3	349199	56	0.33333333333333
3	349199	57	0.15384615384615
3	349199	58	0.16666666666667
3	349199	59	0.23529411764706
3	349199	60	0.11111111111111
3	349199	61	0.05
3	349199	62	0.23529411764706
3	349199	63	0.2
3	349199	64	0.23076923076923
3	349199	65	0.25
3	349199	66	0.33333333333333
3	349199	67	0.16666666666667
3	349199	68	0
3	349199	69	0.27272727272727
3	349199	70	0
3	349199	71	0
3	349199	72	0.25
3	349199	73	0
3	349199	74	0.27272727272727
3	349199	75	0.14285714285714
3	349199	76	0.1
vector 4  abilene_network.node[4].content_store  hit_node[4]  ETV
4	349199	1	0.99492385786802
4	349199	2	0.92929292929293
4	349199	3	0.91358024691358
4	349199	4	0.74074074074074
4	349199	5	0.64705882352941
4	349199	6	0.77083333333333
4	349199	7	0.57575757575758
4	349199	8	0.51851851851852
4	349199	9	0.83636363636364
4	349199	10	0.48
4	349199	11	0.5
4	349199	12	0.40909090909091
4	349199	13	0.30769230769231
4	349199	14	0.27777777777778
4	349199	15	0.54545454545455
4	349199	16	0
4	349199	17	0.33333333333333
4	349199	18	0.45454545454545
4	349199	19	0.16666666666667
4	349199	20	0.67441860465116
4	349199	21	0.46428571428571
4	349199	22	0.33333333333333
4	349199	23	0.3125
4	349199	24	0.31578947368421
4	349199	25	0.28571428571429
4	349199	26	0.38461538461538
4	349199	27	0.21428571428571
4	349199	28	0.15384615384615
4	349199	29	0.16666666666667
4	349199	30	0.16666666666667
4	349199	31	0.625
4	349199	32	0.33333333333333
4	349199	33	0.11111111111111
4	349199	34	0
4	349199	35	0
4	349199	36	0.125
4	349199	37	0.46153846153846
4	349199	38	0.51612903225806
4	349199	39	0
4	349199	40	0.33333333333333
4	349199	41	0
4	349199	42	0.25
4	349199	43	0
4	349199	44	0
4	349199	45	0.26666666666667
4	349199	46	0.28
4	349199	47	0.14285714285714
4	349199	48	0
4	349199	49	0
4	349199	50	0.11111111111111
4	349199	51	0.25
4	349199	52	0.30769230769231
4	349199	53	0.4
4	349199	54	0
4	349199	55	0.36842105263158
4	349199	56	0.125
4	349199	57	0.16666666666667
4	349199	58	0
4	349199	59	0
4	349199	60	0
4	349199	61	0.63636363636364
4	349199	62	0
4	349199	63	0
4	349199	64	0.25
4	349199	65	0
4	349199	66	0
4	349199	67	0.38461538461538
4	349199	68	0
4	349199	69	0
4	349199	70	0
4	349199	71	0
4	349199	72	0
4	349199	73	0.33333333333333
4	349199	74	0.25
4	349199	75	0
4	349199	76	0.076923076923077
vector 5  abilene_network.node[5].content_store  hit_node[5]  ETV
5	349199	1	1
5	349199	2	0.96590909090909
5	349199	3	0.9016393442623
5	349199	4	0.68571428571429
5	349199	5	0.75
5	349199	6	0.72222222222222
5	349199	7	0.52380952380952
5	349199	8	0.54166666666667
5	349199	9	0.65625
5	349199	10	0.6551724137931
5	349199	11	0.30769230769231
5	349199	12	0.16666666666667
5	349199	13	0.63157894736842
5	349199	14	0.3
5	349199	15	0.38461538461538
5	349199	16	0.52631578947368
5	349199	17	0.375
5	349199	18	0.125
5	349199	19	0.21428571428571
5	349199	20	0.6
5	349199	21	0.81395348837209
5	349199	22	0.27272727272727
5	349199	23	0.36363636363636
5	349199	24	0.33333333333333
5	349199	25	0
5	349199	26	0.14285714285714
5	349199	27	0.125
5	349199	28	0
5	349199	29	0
5	349199	30	0.53333333333333
5	349199	31	0.38461538461538
5	349199	32	0.16666666666667
5	349199	33	0
5	349199	34	0.2
5	349199	35	0.33333333333333
5	349199	36	0
5	349199	37	0.5
5	349199	38	0
5	349199	39	0.1
5	349199	40	0
5	349199	41	0.22222222222222
5	349199	42	0.14285714285714
5	349199	43	0
5	349199	44	0
5	349199	45	0.16666666666667
5	349199	46	0.2
5	349199	47	0.2
5	349199	48	0.5
5	349199	49	0
5	349199	50	0
5	349199	51	0
5	349199	52	0
5	349199	53	0.3125
5	349199	54	0
5	349199	55	0.4
5	349199	56	0
5	349199	57	0
5	349199	58	0
5	349199	59	0
5	349199	60	0
5	349199	61	0
5	349199	62	0.33333333333333
5	349199	63	0.33333333333333
5	349199	64	0.42857142857143
5	349199	65	0.4
5	349199	66	0
5	349199	67	0
5	349199	68	0
5	349199	69	0
5	349199	70	0
5	349199	71	0.33333333333333
5	349199	72	0
5	349199	73	0
5	349199	74	0.33333333333333
5	349199	75	0
5	349199	76	0.42857142857143
vector 6  abilene_network.node[6].content_store  hit_node[6]  ETV
6	349199	1	1
6	349199	2	0.99029126213592
6	349199	3	0.89655172413793
6	349199	4	0.85714285714286
6	349199	5	0.75
6	349199	6	0.57142857142857
6	349199	7	0.53846153846154
6	349199	8	0.57142857142857
6	349199	9	0.5
6	349199	10	0.7906976744186
6	349199	11	0.52631578947368
6	349199	12	0.4
6	349199	13	0.2
6	349199	14	0.4
6	349199	15	0.38461538461538
6	349199	16	0.29411764705882
6	349199	17	0.25
6	349199	18	0.53333333333333
6	349199	19	0.75609756097561
6	349199	20	0.33333333333333
6	349199	21	0.33333333333333
6	349199	22	0.38888888888889
6	349199	23	0.5
6	349199	24	0.27272727272727
6	349199	25	0.22222222222222
6	349199	26	0.4
6	349199	27	0.33333333333333
6	349199	28	0
6	349199	29	0
6	349199	30	0.29411764705882
6	349199	31	0.33333333333333
6	349199	32	0.33333333333333
6	349199	33	0
6	349199	34	0.2
6	349199	35	0.45454545454545
6	349199	36	0
6	349199	37	0.47058823529412
6	349199	38	0
6	349199	39	0.45833333333333
6	349199	40	0
6	349199	41	0.18181818181818
6	349199	42	0.58620689655172
6	349199	43	0.3
6	349199	44	0.18181818181818
6	349199	45	0
6	349199	46	0.33333333333333
6	349199	47	0.6
6	349199	48	0.33333333333333
6	349199	49	0
6	349199	50	0
6	349199	51	0
6	349199	52	0
6	349199	53	0.3
6	349199	54	0
6	349199	55	0.22222222222222
6	349199	56	0
6	349199	57	0
6	349199	58	0.4
6	349199	59	0
6	349199	60	0
6	349199	61	0.33333333333333
6	349199	62	0
6	349199	63	0
6	349199	64	0.22222222222222
6	349199	65	0
6	349199	66	0
6	349199	67	0
6	349199	68	0
6	349199	69	0
6	349199	70	0
6	349199	71	0.2
6	349199	72	0
6	349199	73	0
6	349199	74	0
6	349199	75	0.27272727272727
6	349199	76	0
vector 7  abilene_network.node[7].content_store  hit_node[7]  ETV
7	349199	1	0.98989898989899
7	349199	2	0.87058823529412
7	349199	3	0.7258064516129
7	349199	4	0.71698113207547
7	349199	5	0.63888888888889
7	349199	6	0.55
7	349199	7	0.625
7	349199	8	0.41379310344828
7	349199	9	0.3125
7	349199	10	0.69811320754717
7	349199	11	0.46428571428571
7	349199	12	0.54545454545455
7	349199	13	0.33333333333333
7	349199	14	0.42857142857143
7	349199	15	0.47368421052632
7	349199	16	0.76666666666667
7	349199	17	0.33333333333333
7	349199	18	0.22222222222222
7	349199	19	0.525
7	349199	20	0.375
7	349199	21	0.23809523809524
7	349199	22	0.29411764705882
7	349199	23	0.11111111111111
7	349199	24	0.33333333333333
7	349199	25	0.11111111111111
7	349199	26	0.33333333333333
7	349199	27	0.16666666666667
7	349199	28	0.3
7	349199	29	0.1
7	349199	30	0.16666666666667
7	349199	31	0
7	349199	32	0.375
7	349199	33	0
7	349199	34	0.33333333333333
7	349199	35	0
7	349199	36	0.27272727272727
7	349199	37	0.066666666666667
7	349199	38	0
7	349199	39	0.40909090909091
7	349199	40	0.28571428571429
7	349199	41	0.63157894736842
7	349199	42	0.4
7	349199	43	0.23076923076923
7	349199	44	0.5
7	349199	45	0.28571428571429
7	349199	46	0
7	349199	47	0.22222222222222
7	349199	48	0
7	349199	49	0.22222222222222
7	349199	50	0.33333333333333
7	349199	51	0.33333333333333
7	349199	52	0
7	349199	53	0.14285714285714
7	349199	54	0.14285714285714
7	349199	55	0
7	349199	56	0.4
7	349199	57	0.36363636363636
7	349199	58	0
7	349199	59	0.11111111111111
7	349199	60	0
7	349199	61	0
7	349199	62	0.28571428571429
7	349199	63	0
7	349199	64	0.14285714285714
7	349199	65	0.16666666666667
7	349199	66	0
7	349199	67	0
7	349199	68	0.14285714285714
7	349199	69	0
7	349199	70	0
7	349199	71	0.25
7	349199	72	0
7	349199	73	0.125
7	349199	74	0
7	349199	75	0.15789473684211
7	349199	76	0
vector 8  abilene_network.node[8].content_store  hit_node[8]  ETV
8	349199	1	0.99019607843137
8	349199	2	0.94059405940594
8	349199	3	0.8375
8	349199	4	0.85
8	349199	5	0.76271186440678
8	349199	6	0.5
8	349199	7	0.57142857142857
8	349199	8	0.63414634146341
8	349199	9	0.65116279069767
8	349199	10	0.62857142857143
8	349199	11	0.33333333333333
8	349199	12	0.30769230769231
8	349199	13	0.57142857142857
8	349199	14	0.23529411764706
8	349199	15	0.41666666666667
8	349199	16	0.36363636363636
8	349199	17	0.17647058823529
8	349199	18	0
8	349199	19	0.30434782608696
8	349199	20	0.33333333333333
8	349199	21	0.39130434782609
8	349199	22	0.69767441860465
8	349199	23	0.1875
8	349199	24	0.33333333333333
8	349199	25	0.4
8	349199	26	0.11764705882353
8	349199	27	0.35294117647059
8	349199	28	0
8	349199	29	0.21428571428571
8	349199	30	0
8	349199	31	0.125
8	349199	32	0
8	349199	33	0.3
8	349199	34	0.65909090909091
8	349199	35	0.5
8	349199	36	0
8	349199	37	0.090909090909091
8	349199	38	0.14285714285714
8	349199	39	0.28571428571429
8	349199	40	0
8	349199	41	0.15384615384615
8	349199	42	0.5
8	349199	43	0.4
8	349199	44	0.083333333333333
8	349199	45	0.25
8	349199	46	0.125
8	349199	47	0
8	349199	48	0
8	349199	49	0.27272727272727
8	349199	50	0
8	349199	51	0
8	349199	52	0
8	349199	53	0.25
8	349199	54	0.45
8	349199	55	0.16666666666667
8	349199	56	0
8	349199	57	0
8	349199	58	0.54545454545455
8	349199	59	0.25
8	349199	60	0
8	349199	61	0.25
8	349199	62	0
8	349199	63	0.2
8	349199	64	0.2
8	349199	65	0.22727272727273
8	349199	66	0
8	349199	67	0
8	349199	68	0.28571428571429
8	349199	69	0
8	349199	70	0.22222222222222
8	349199	71	0.066666666666667
8	349199	72	0
8	349199	73	0.083333333333333
8	349199	74	0
8	349199	75	0
8	349199	76	0
vector 9  abilene_network.node[9].content_store  hit_node[9]  ETV
9	349199	1	1
9	349199	2	0.97849462365591
9	349199	3	0.94805194805195
9	349199	4	0.86666666666667
9	349199	5	0.6969696969697
9	349199	6	0.65789473684211
9	349199	7	0.7741935483871
9	349199	8	0.73684210526316
9	349199	9	0.29411764705882
9	349199	10	0.57692307692308
9	349199	11	0.54838709677419
9	349199	12	0.55
9	349199	13	0.22222222222222
9	349199	14	0.5
9	349199	15	0.4
9	349199	16	0.47619047619048
9	349199	17	0.57142857142857
9	349199	18	0
9	349199	19	0.23529411764706
9	349199	20	0.11111111111111
9	349199	21	0.38461538461538
9	349199	22	0.66666666666667
9	349199	23	0.25
9	349199	24	0.11111111111111
9	349199	25	0.375
9	349199	26	0.47826086956522
9	349199	27	0.54545454545455
9	349199	28	0
9	349199	29	0.3
9	349199	30	0.2
9	349199	31	0
9	349199	32	0.16666666666667
9	349199	33	0.14285714285714
9	349199	34	0
9	349199	35	0.2
9	349199	36	0.28571428571429
9	349199	37	0.2
9	349199	38	0
9	349199	39	0
9	349199	40	0
9	349199	41	0
9	349199	42	0.2
9	349199	43	0.45833333333333
9	349199	44	0
9	349199	45	0
9	349199	46	0.2
9	349199	47	0.25
9	349199	48	0
9	349199	49	0.16666666666667
9	349199	50	0.33333333333333
9	349199	51	0.66666666666667
9	349199	52	0.15384615384615
9	349199	53	0.25
9	349199	54	0.33333333333333
9	349199	55	0
9	349199	56	0
9	349199	57	0
9	349199	58	0.16666666666667
9	349199	59	0
9	349199	60	0.26666666666667
9	349199	61	-nan
9	349199	62	0.5
9	349199	63	0
9	349199	64	0.25
9	349199	65	0
9	349199	66	0.4
9	349199	67	0
9	349199	68	0.55555555555556
9	349199	69	0
9	349199	70	0
9	349199	71	0.34782608695652
9	349199	72	0
9	349199	73	0.36842105263158
9	349199	74	0
9	349199	75	0
9	349199	76	0
vector 10  abilene_network.node[10].content_store  hit_node[10]  ETV
10	349199	1	1
10	349199	2	0.99038461538462
10	349199	3	0.94444444444444
10	349199	4	0.91549295774648
10	349199	5	0.73529411764706
10	349199	6	0.71875
10	349199	7	0.62962962962963
10	349199	8	0.91525423728814
10	349199	9	0.35294117647059
10	349199	10	0.33333333333333
10	349199	11	0.95
10	349199	12	0.59090909090909
10	349199	13	0.38888888888889
10	349199	14	0.16666666666667
10	349199	15	0.52631578947368
10	349199	16	0.25
10	349199	17	0.89795918367347
10	349199	18	0.41176470588235
10	349199	19	0.41666666666667
10	349199	20	0.14285714285714
10	349199	21	0.2
10	349199	22	0.52380952380952
10	349199	23	0.1
10	349199	24	0.14285714285714
10	349199	25	0.28571428571429
10	349199	26	0.73170731707317
10	349199	27	0
10	349199	28	0.11111111111111
10	349199	29	0.375
10	349199	30	0.33333333333333
10	349199	31	0.33333333333333
10	349199	32	0
10	349199	33	0.66666666666667
10	349199	34	0.25
10	349199	35	0.2
10	349199	36	0.1
10	349199	37	0.2
10	349199	38	0
10	349199	39	0
10	349199	40	0.2
10	349199	41	0.33333333333333
10	349199	42	0.2
10	349199	43	0.375
10	349199	44	0.28571428571429
10	349199	45	0
10	349199	46	0
10	349199	47	0.25
10	349199	48	0.5
10	349199	49	0
10	349199	50	0.16666666666667
10	349199	51	0
10	349199	52	0.6
10	349199	53	0
10	349199	54	0.28571428571429
10	349199	55	0.16666666666667
10	349199	56	-nan
10	349199	57	0
10	349199	58	0.2
10	349199	59	0
10	349199	60	0.6
10	349199	61	0
10	349199	62	0.2
10	349199	63	0.33333333333333
10	349199	64	-nan
10	349199	65	0
10	349199	66	0.41176470588235
10	349199	67	0.33333333333333
10	349199	68	0.21428571428571
10	349199	69	0.25
10	349199	70	-nan
10	349199	71	0.36363636363636
10	349199	72	0
10	349199	73	0.14285714285714
10	349199	74	0
10	349199	75	0.2
10	349199	76	0.33333333333333
vector 11  abilene_network.client[0]  hdistance[0]  ETV
11	349199	1	0
11	349199	2	0.012048192771084
11	349199	3	0.032786885245902
11	349199	4	0.18918918918919
11	349199	5	0.39473684210526
11	349199	6	0.37037037037037
11	349199	7	0.38095238095238
11	349199	8	0.39130434782609
11	349199	9	1.5
11	349199	10	1.9375
11	349199	11	0.46153846153846
11	349199	12	0
11	349199	13	0.72222222222222
11	349199	14	1.0714285714286
11	349199	15	0.47826086956522
11	349199	16	1.5714285714286
11	349199	17	0.66666666666667
11	349199	18	0.15384615384615
11	349199	19	3
11	349199	20	2.5714285714286
11	349199	21	1.7777777777778
11	349199	22	1.1818181818182
11	349199	23	1.5714285714286
11	349199	24	1.5
11	349199	25	2.25
11	349199	26	0.63636363636364
11	349199	27	3
11	349199	28	0
11	349199	29	3.6666666666667
11	349199	30	2.2857142857143
11	349199	31	2.4545454545455
11	349199	32	1.8888888888889
11	349199	33	2
11	349199	34	3.2857142857143
11	349199	35	1.6363636363636
11	349199	36	0
11	349199	37	4.5
11	349199	38	1
11	349199	39	1.7142857142857
11	349199	40	1.25
11	349199	41	3.5
11	349199	42	4
11	349199	43	1.75
11	349199	44	2
11	349199	45	2.25
11	349199	46	2.4
11	349199	47	1
11	349199	48	1.6666666666667
11	349199	49	2
11	349199	50	1.75
11	349199	51	1
11	349199	52	0.66666666666667
11	349199	53	4.6666666666667
11	349199	54	1.6666666666667
11	349199	55	3
11	349199	56	3
11	349199	57	2.6666666666667
11	349199	58	3
11	349199	59	3
11	349199	60	1.5
11	349199	61	3
11	349199	62	0.66666666666667
11	349199	63	2
11	349199	64	6
11	349199	65	4
11	349199	66	1
11	349199	67	2
11	349199	68	2.1666666666667
11	349199	69	1
11	349199	70	4
11	349199	71	1
11	349199	72	2
11	349199	73	2.5
11	349199	74	2.5
11	349199	75	6
11	349199	76	5
vector 12  abilene_network.client[1]  hdistance[1]  ETV
12	349199	1	0.025252525252525
12	349199	2	0.0875
12	349199	3	0.13793103448276
12	349199	4	0.33333333333333
12	349199	5	0.32352941176471
12	349199	6	0.48275862068966
12	349199	7	0.82142857142857
12	349199	8	0.21428571428571
12	349199	9	0.86363636363636
12	349199	10	1.8333333333333
12	349199	11	0.28571428571429
12	349199	12	0.15384615384615
12	349199	13	0.64285714285714
12	349199	14	0.9
12	349199	15	0.13333333333333
12	349199	16	1.75
12	349199	17	0.36363636363636
12	349199	18	0.30769230769231
12	349199	19	2
12	349199	20	1.8
12	349199	21	3.6666666666667
12	349199	22	1.25
12	349199	23	2.2
12	349199	24	0.92307692307692
12	349199	25	0.6
12	349199	26	0.85714285714286
12	349199	27	0.5
12	349199	28	0.42857142857143
12	349199	29	2.1666666666667
12	349199	30	2.4285714285714
12	349199	31	0.33333333333333
12	349199	32	1.1666666666667
12	349199	33	1.3333333333333
12	349199	34	1.8333333333333
12	349199	35	1.6666666666667
12	349199	36	1.1428571428571
12	349199	37	0
12	349199	38	2.25
12	349199	39	3.3333333333333
12	349199	40	0.6
12	349199	41	3.25
12	349199	42	3.8571428571429
12	349199	43	2.25
12	349199	44	2
12	349199	45	2
12	349199	46	1.7
12	349199	47	0.4
12	349199	48	1
12	349199	49	1.75
12	349199	50	1.3333333333333
12	349199	51	0.66666666666667
12	349199	52	0.8
12	349199	53	2.5
12	349199	54	2.5
12	349199	55	2
12	349199	56	1.5714285714286
12	349199	57	1
12	349199	58	2.4
12	349199	59	2
12	349199	60	0.5
12	349199	61	3.6666666666667
12	349199	62	1.5
12	349199	63	0.66666666666667
12	349199	64	3.3333333333333
12	349199	65	2.5
12	349199	66	2
12	349199	67	3.3333333333333
12	349199	68	2.5
12	349199	69	0.8
12	349199	70	2.5
12	349199	71	2.6
12	349199	72	0
12	349199	73	2
12	349199	74	3
12	349199	75	0
12	349199	76	3.5
vector 13  abilene_network.client[2]  hdistance[2]  ETV
13	349199	1	0.053892215568862
13	349199	2	0.18556701030928
13	349199	3	0.33333333333333
13	349199	4	0.34375
13	349199	5	0.19512195121951
13	349199	6	0.12121212121212
13	349199	7	0.21875
13	349199	8	0.70833333333333
13	349199	9	0.66666666666667
13	349199	10	1.2222222222222
13	349199	11	0.5
13	349199	12	0.44444444444444
13	349199	13	0.125
13	349199	14	0.4
13	349199	15	0.5625
13	349199	16	1.2
13	349199	17	1.3636363636364
13	349199	18	0.9
13	349199	19	1.1666666666667
13	349199	20	1.1538461538462
13	349199	21	1.625
13	349199	22	1.3333333333333
13	349199	23	1.3333333333333
13	349199	24	0.5
13	349199	25	0.44444444444444
13	349199	26	1.375
13	349199	27	0.66666666666667
13	349199	28	1.1428571428571
13	349199	29	1
13	349199	30	2.7142857142857
13	349199	31	1.7142857142857
13	349199	32	0.7
13	349199	33	0.2
13	349199	34	0.8
13	349199	35	0.8
13	349199	36	1.125
13	349199	37	3.5
13	349199	38	2
13	349199	39	2.5
13	349199	40	1.25
13	349199	41	0
13	349199	42	2.6666666666667
13	349199	43	1.6
13	349199	44	2.2857142857143
13	349199	45	0.33333333333333
13	349199	46	1
13	349199	47	1.8
13	349199	48	1
13	349199	49	0.42857142857143
13	349199	50	0.66666666666667
13	349199	51	2
13	349199	52	1.6666666666667
13	349199	53	1
13	349199	54	2
13	349199	55	2.5
13	349199	56	1.6666666666667
13	349199	57	0
13	349199	58	1.2
13	349199	59	0.66666666666667
13	349199	60	2
13	349199	61	2
13	349199	62	0
13	349199	63	1.2
13	349199	64	2.8571428571429
13	349199	65	0.66666666666667
13	349199	66	1
13	349199	67	2.5
13	349199	68	1
13	349199	69	1.6
13	349199	70	1.2857142857143
13	349199	71	2
13	349199	72	1
13	349199	73	1.5
13	349199	74	1
13	349199	75	2.4
13	349199	76	2.6666666666667
vector 14  abilene_network.client[3]  hdistance[3]  ETV
14	349199	1	0.022857142857143
14	349199	2	0.14117647058824
14	349199	3	0.49206349206349
14	349199	4	0.51162790697674
14	349199	5	0.38888888888889
14	349199	6	0.54545454545455
14	349199	7	0.17647058823529
14	349199	8	1.3636363636364
14	349199	9	0.21052631578947
14	349199	10	0.5
14	349199	11	1.1
14	349199	12	0.75
14	349199	13	0.61111111111111
14	349199	14	0.66666666666667
14	349199	15	1.0833333333333
14	349199	16	0.58823529411765
14	349199	17	1.5714285714286
14	349199	18	1
14	349199	19	0.90909090909091
14	349199	20	0.5
14	349199	21	0.46153846153846
14	349199	22	1.6363636363636
14	349199	23	0.14285714285714
14	349199	24	0.5
14	349199	25	1
14	349199	26	2.4285714285714
14	349199	27	0.85714285714286
14	349199	28	1.25
14	349199	29	1
14	349199	30	1.2857142857143
14	349199	31	0.5
14	349199	32	1.5
14	349199	33	2
14	349199	34	1.6666666666667
14	349199	35	2
14	349199	36	1.1666666666667
14	349199	37	0.66666666666667
14	349199	38	2
14	349199	39	1.6666666666667
14	349199	40	1.4
14	349199	41	0.66666666666667
14	349199	42	1
14	349199	43	3.5
14	349199	44	0.75
14	349199	45	1
14	349199	46	0.66666666666667
14	349199	47	1.8333333333333
14	349199	48	0
14	349199	49	1.5
14	349199	50	1.6666666666667
14	349199	51	2
14	349199	52	2.5
14	349199	53	1.4
14	349199	54	1.5
14	349199	55	1.6666666666667
14	349199	56	0.5
14	349199	57	2
14	349199	58	2.3333333333333
14	349199	59	1
14	349199	60	4
14	349199	61	1.3333333333333
14	349199	62	1
14	349199	63	2
14	349199	64	0.5
14	349199	65	2
14	349199	66	0
14	349199	67	1
14	349199	68	0
14	349199	69	3
14	349199	70	1.5
14	349199	71	4
14	349199	72	1.4
14	349199	73	2
14	349199	74	0.66666666666667
14	349199	75	0
14	349199	76	2.6666666666667
vector 15  abilene_network.client[4]  hdistance[4]  ETV
15	349199	1	0.0051813471502591
15	349199	2	0.125
15	349199	3	0.10666666666667
15	349199	4	0.57407407407407
15	349199	5	0.5
15	349199	6	0.34210526315789
15	349199	7	0.47826086956522
15	349199	8	1.3125
15	349199	9	0.21052631578947
15	349199	10	0.84
15	349199	11	1.8947368421053
15	349199	12	1.5833333333333
15	349199	13	1.5
15	349199	14	1.4545454545455
15	349199	15	0.78571428571429
15	349199	16	1.75
15	349199	17	2.7
15	349199	18	1.5333333333333
15	349199	19	1.6666666666667
15	349199	20	0.33333333333333
15	349199	21	0.28571428571429
15	349199	22	2.3333333333333
15	349199	23	0.77777777777778
15	349199	24	1.6153846153846
15	349199	25	1.4
15	349199	26	1.4285714285714
15	349199	27	1.4285714285714
15	349199	28	3.1111111111111
15	349199	29	1.1428571428571
15	349199	30	1
15	349199	31	0
15	349199	32	1
15	349199	33	3
15	349199	34	2.8
15	349199	35	2.75
15	349199	36	4
15	349199	37	0.66666666666667
15	349199	38	0.25
15	349199	39	2.3333333333333
15	349199	40	2.3
15	349199	41	3
15	349199	42	1.5
15	349199	43	3
15	349199	44	3
15	349199	45	2.1
15	349199	46	0.25
15	349199	47	2.6666666666667
15	349199	48	3.3333333333333
15	349199	49	1
15	349199	50	2.5
15	349199	51	1.75
15	349199	52	2.5
15	349199	53	1
15	349199	54	3.75
15	349199	55	0.8
15	349199	56	1.6
15	349199	57	2.3333333333333
15	349199	58	2.6666666666667
15	349199	59	1
15	349199	60	3
15	349199	61	0.22222222222222
15	349199	62	2
15	349199	63	4
15	349199	64	0.5
15	349199	65	2
15	349199	66	5
15	349199	67	0.5
15	349199	68	4.5
15	349199	69	4
15	349199	70	4
15	349199	71	4.5
15	349199	72	0
15	349199	73	3.3333333333333
15	349199	74	1.1666666666667
15	349199	75	3
15	349199	76	1.75
vector 16  abilene_network.client[5]  hdistance[5]  ETV
16	349199	1	0
16	349199	2	0.034090909090909
16	349199	3	0.13114754098361
16	349199	4	0.34285714285714
16	349199	5	0.46875
16	349199	6	0.36111111111111
16	349199	7	0.85714285714286
16	349199	8	0.66666666666667
16	349199	9	0.30434782608696
16	349199	10	0.1875
16	349199	11	1.7692307692308
16	349199	12	2.1666666666667
16	349199	13	0.73684210526316
16	349199	14	1.3
16	349199	15	1.3076923076923
16	349199	16	0.89473684210526
16	349199	17	2
16	349199	18	2
16	349199	19	1.1111111111111
16	349199	20	0.57142857142857
16	349199	21	0.071428571428571
16	349199	22	2.1818181818182
16	349199	23	1.4545454545455
16	349199	24	1.3333333333333
16	349199	25	2.5
16	349199	26	3.1428571428571
16	349199	27	2.75
16	349199	28	3
16	349199	29	2
16	349199	30	0.66666666666667
16	349199	31	0
16	349199	32	2.3333333333333
16	349199	33	2.25
16	349199	34	2
16	349199	35	2
16	349199	36	3.25
16	349199	37	0.5
16	349199	38	1.6666666666667
16	349199	39	1.75
16	349199	40	2
16	349199	41	1.8888888888889
16	349199	42	1.25
16	349199	43	5
16	349199	44	2
16	349199	45	2.1666666666667
16	349199	46	2
16	349199	47	3
16	349199	48	1.8333333333333
16	349199	49	3
16	349199	50	2.8
16	349199	51	4.75
16	349199	52	3.6
16	349199	53	0
16	349199	54	4
16	349199	55	1
16	349199	56	2
16	349199	57	2.3333333333333
16	349199	58	2.5
16	349199	59	2.6666666666667
16	349199	60	4.8
16	349199	61	1
16	349199	62	2
16	349199	63	1.6666666666667
16	349199	64	0.4
16	349199	65	1.8
16	349199	66	5
16	349199	67	1.75
16	349199	68	4
16	349199	69	3
16	349199	70	4
16	349199	71	3
16	349199	72	2.3333333333333
16	349199	73	4.5
16	349199	74	2
16	349199	75	2
16	349199	76	0.33333333333333
vector 17  abilene_network.client[6]  hdistance[6]  ETV
17	349199	1	0
17	349199	2	0.0097087378640777
17	349199	3	0.1551724137931
17	349199	4	0.22222222222222
17	349199	5	0.52777777777778
17	349199	6	0.89285714285714
17	349199	7	0.80769230769231
17	349199	8	0.76190476190476
17	349199	9	0.83333333333333
17	349199	10	0.29411764705882
17	349199	11	1.2631578947368
17	349199	12	1.4
17	349199	13	1.8
17	349199	14	1.3
17	349199	15	1.0769230769231
17	349199	16	0.875
17	349199	17	2.25
17	349199	18	1.5333333333333
17	349199	19	0
17	349199	20	0.88888888888889
17	349199	21	0.4
17	349199	22	1.1
17	349199	23	1
17	349199	24	2.0909090909091
17	349199	25	2.4444444444444
17	349199	26	2.1
17	349199	27	1.6666666666667
17	349199	28	2.5
17	349199	29	2.6666666666667
17	349199	30	0.71428571428571
17	349199	31	1.75
17	349199	32	2
17	349199	33	3
17	349199	34	1.8333333333333
17	349199	35	1.1428571428571
17	349199	36	3.5714285714286
17	349199	37	0.66666666666667
17	349199	38	2.3333333333333
17	349199	39	0
17	349199	40	3.6
17	349199	41	1.5
17	349199	42	0.125
17	349199	43	1.625
17	349199	44	1.4
17	349199	45	2.5
17	349199	46	1.3333333333333
17	349199	47	1.4
17	349199	48	2.3333333333333
17	349199	49	3.4
17	349199	50	1
17	349199	51	2.5
17	349199	52	4
17	349199	53	1
17	349199	54	3
17	349199	55	0
17	349199	56	2.5
17	349199	57	4
17	349199	58	2
17	349199	59	3.8
17	349199	60	4
17	349199	61	1.6666666666667
17	349199	62	2.4
17	349199	63	4
17	349199	64	0.66666666666667
17	349199	65	2
17	349199	66	4.3333333333333
17	349199	67	2.3333333333333
17	349199	68	3
17	349199	69	6
17	349199	70	3
17	349199	71	2
17	349199	72	4
17	349199	73	3
17	349199	74	2.6666666666667
17	349199	75	0.75
17	349199	76	1
vector 18  abilene_network.client[7]  hdistance[7]  ETV
18	349199	1	0.010204081632653
18	349199	2	0.1547619047619
18	349199	3	0.32142857142857
18	349199	4	0.31111111111111
18	349199	5	0.40740740740741
18	349199	6	0.57142857142857
18	349199	7	0.39285714285714
18	349199	8	0.95
18	349199	9	1.0625
18	349199	10	0.2
18	349199	11	0.89473684210526
18	349199	12	1.25
18	349199	13	1.3125
18	349199	14	1.0666666666667
18	349199	15	1.6363636363636
18	349199	16	0.3
18	349199	17	1.7777777777778
18	349199	18	1.3636363636364
18	349199	19	0.5
18	349199	20	0.875
18	349199	21	1.1428571428571
18	349199	22	0.66666666666667
18	349199	23	1.1428571428571
18	349199	24	1.2857142857143
18	349199	25	1.8181818181818
18	349199	26	1.3333333333333
18	349199	27	1.5
18	349199	28	2
18	349199	29	1.1428571428571
18	349199	30	2
18	349199	31	2
18	349199	32	1.1666666666667
18	349199	33	2
18	349199	34	0.28571428571429
18	349199	35	1.5
18	349199	36	1.75
18	349199	37	1.4
18	349199	38	2.3333333333333
18	349199	39	0.33333333333333
18	349199	40	1.5
18	349199	41	0.33333333333333
18	349199	42	0.66666666666667
18	349199	43	1.1666666666667
18	349199	44	0
18	349199	45	1.6
18	349199	46	2.8
18	349199	47	2
18	349199	48	2.6666666666667
18	349199	49	1.25
18	349199	50	1.2
18	349199	51	1.5
18	349199	52	3.5
18	349199	53	2
18	349199	54	3
18	349199	55	2.3333333333333
18	349199	56	0.66666666666667
18	349199	57	1.6666666666667
18	349199	58	1.5
18	349199	59	2.25
18	349199	60	3.2
18	349199	61	1.5
18	349199	62	0.5
18	349199	63	0
18	349199	64	2.6666666666667
18	349199	65	2
18	349199	66	2.3333333333333
18	349199	67	2.5
18	349199	68	2
18	349199	69	3.6
18	349199	70	2
18	349199	71	1.5
18	349199	72	3
18	349199	73	3
18	349199	74	1.3333333333333
18	349199	75	1.3333333333333
18	349199	76	0
vector 19  abilene_network.client[8]  hdistance[8]  ETV
19	349199	1	0.0098039215686274
19	349199	2	0.059405940594059
19	349199	3	0.15873015873016
19	349199	4	0.11111111111111
19	349199	5	0.26530612244898
19	349199	6	0.47826086956522
19	349199	7	0.74285714285714
19	349199	8	0.41666666666667
19	349199	9	0.45161290322581
19	349199	10	0.25
19	349199	11	1.2222222222222
19	349199	12	1.6153846153846
19	349199	13	0.66666666666667
19	349199	14	0.90909090909091
19	349199	15	1.5
19	349199	16	0.72727272727273
19	349199	17	0.85714285714286
19	349199	18	2
19	349199	19	0.9
19	349199	20	1.1538461538462
19	349199	21	1.4666666666667
19	349199	22	0
19	349199	23	1.5
19	349199	24	0.85714285714286
19	349199	25	0.4
19	349199	26	1.2
19	349199	27	0.83333333333333
19	349199	28	2.4285714285714
19	349199	29	1.7142857142857
19	349199	30	3.5
19	349199	31	2.2
19	349199	32	2
19	349199	33	0.75
19	349199	34	0.4
19	349199	35	0
19	349199	36	2.25
19	349199	37	2.1428571428571
19	349199	38	2
19	349199	39	1
19	349199	40	2.6
19	349199	41	1
19	349199	42	0.66666666666667
19	349199	43	0.57142857142857
19	349199	44	1.5
19	349199	45	0.75
19	349199	46	1.5
19	349199	47	1
19	349199	48	1.6666666666667
19	349199	49	1
19	349199	50	2
19	349199	51	2
19	349199	52	2.2
19	349199	53	0
19	349199	54	0.5
19	349199	55	2.6
19	349199	56	2.5
19	349199	57	1.5
19	349199	58	0.25
19	349199	59	1.3333333333333
19	349199	60	2
19	349199	61	2.75
19	349199	62	2.3333333333333
19	349199	63	2
19	349199	64	1.5
19	349199	65	1
19	349199	66	2
19	349199	67	4
19	349199	68	1
19	349199	69	2.3333333333333
19	349199	70	0.5
19	349199	71	1.5
19	349199	72	1.3333333333333
19	349199	73	2
19	349199	74	3
19	349199	75	2
19	349199	76	3.5
vector 20  abilene_network.client[9]  hdistance[9]  ETV
20	349199	1	0
20	349199	2	0.021505376344086
20	349199	3	0.046875
20	349199	4	0.11904761904762
20	349199	5	0.42424242424242
20	349199	6	0.57894736842105
20	349199	7	0.35483870967742
20	349199	8	0.26086956521739
20	349199	9	1.5882352941176
20	349199	10	0.875
20	349199	11	0.2
20	349199	12	0.7
20	349199	13	1.3333333333333
20	349199	14	1.0833333333333
20	349199	15	0.9
20	349199	16	1
20	349199	17	0.28571428571429
20	349199	18	1.2857142857143
20	349199	19	1.5
20	349199	20	2.2222222222222
20	349199	21	1.6923076923077
20	349199	22	0
20	349199	23	2.125
20	349199	24	1.7777777777778
20	349199	25	1.375
20	349199	26	0.5
20	349199	27	1.1818181818182
20	349199	28	2.5
20	349199	29	2.3
20	349199	30	2.6
20	349199	31	2.6666666666667
20	349199	32	2.1666666666667
20	349199	33	2
20	349199	34	1.2
20	349199	35	1
20	349199	36	1.4285714285714
20	349199	37	3.4
20	349199	38	3.4
20	349199	39	1.6666666666667
20	349199	40	2.4
20	349199	41	2
20	349199	42	1
20	349199	43	0.5
20	349199	44	2
20	349199	45	2.5
20	349199	46	4
20	349199	47	1.75
20	349199	48	1.75
20	349199	49	2
20	349199	50	2
20	349199	51	1
20	349199	52	1
20	349199	53	3
20	349199	54	0
20	349199	55	5
20	349199	56	4
20	349199	57	2.5
20	349199	58	1.5
20	349199	59	2.2
20	349199	60	1
20	349199	61	0
20	349199	62	2
20	349199	63	1.6666666666667
20	349199	64	2.75
20	349199	65	2
20	349199	66	1.5
20	349199	67	4.5
20	349199	68	0.16666666666667
20	349199	69	3
20	349199	70	2
20	349199	71	0
20	349199	72	3
20	349199	73	0.5
20	349199	74	4
20	349199	75	4
20	349199	76	4.6666666666667
vector 21  abilene_network.client[10]  hdistance[10]  ETV
21	349199	1	0
21	349199	2	0.0098039215686274
21	349199	3	0.075471698113208
21	349199	4	0.083333333333333
21	349199	5	0.32352941176471
21	349199	6	0.5625
21	349199	7	0.81481481481481
21	349199	8	0.043478260869565
21	349199	9	1.4705882352941
21	349199	10	1
21	349199	11	0.052631578947368
21	349199	12	0.30769230769231
21	349199	13	1.3888888888889
21	349199	14	1.8333333333333
21	349199	15	0.53846153846154
21	349199	16	1.4166666666667
21	349199	17	0.076923076923077
21	349199	18	0.8
21	349199	19	1.5833333333333
21	349199	20	2.5714285714286
21	349199	21	3.1
21	349199	22	0.85714285714286
21	349199	23	2.5
21	349199	24	1.4285714285714
21	349199	25	1.8571428571429
21	349199	26	0.14285714285714
21	349199	27	2.5
21	349199	28	1
21	349199	29	1.875
21	349199	30	1
21	349199	31	1.3333333333333
21	349199	32	1.75
21	349199	33	0.66666666666667
21	349199	34	2
21	349199	35	2
21	349199	36	0.8
21	349199	37	4.2
21	349199	38	2
21	349199	39	5
21	349199	40	0.8
21	349199	41	1.6666666666667
21	349199	42	2.6
21	349199	43	0
21	349199	44	2.5714285714286
21	349199	45	2.5
21	349199	46	1
21	349199	47	0.83333333333333
21	349199	48	0.75
21	349199	49	2.7142857142857
21	349199	50	2.3333333333333
21	349199	51	2
21	349199	52	0.5
21	349199	53	4.5
21	349199	54	1
21	349199	55	4.5
21	349199	56	0
21	349199	57	2.6
21	349199	58	1.6
21	349199	59	2.25
21	349199	60	0
21	349199	61	4.75
21	349199	62	2.4
21	349199	63	2
21	349199	64	0
21	349199	65	3
21	349199	66	0.5
21	349199	67	1.8333333333333
21	349199	68	1.25
21	349199	69	0
21	349199	70	0
21	349199	71	0.8
21	349199	72	3
21	349199	73	0.5
21	349199	74	4
21	349199	75	3.8
21	349199	76	3
