version 2
run General-16-20140102-00:52:08-25383
attr D lce
attr F spr
attr R lru
attr a 1
attr configname General
attr csize 10^2
attr datetime 20140102-00:52:08
attr experiment General
attr inifile omnetpp.ini
attr iterationvars "$net=simple_scenario_cache_at_border, $rep=0, $a=1, $F=spr, $ttl=1000, $D=lce, $R=lru, $csize=10^2"
attr iterationvars2 "$net=simple_scenario_cache_at_border, $rep=0, $a=1, $F=spr, $ttl=1000, $D=lce, $R=lru, $csize=10^2, $repetition=0"
attr measurement "$net=simple_scenario_cache_at_border, $rep=0, $a=1, $F=spr, $ttl=1000, $D=lce, $R=lru, $csize=10^2"
attr net simple_scenario_cache_at_border
attr network networks.${net=simple_scenario_cache_in_the_core,simple_scenario_cache_at_border}_network
attr processid 25383
attr rep 0
attr repetition 0
attr replication #0
attr resultdir results
attr runnumber 16
attr seedset 0
attr ttl 1000

vector 96  simple_scenario_cache_at_border_network.node[0].content_store  hit_node[0]  ETV
96	1274458	1	0
96	1274458	2	0
96	1274458	3	0
96	1274458	4	0
96	1274458	5	0
96	1274458	6	0
96	1274458	7	0
96	1274458	8	0
96	1274458	9	0
96	1274458	10	0
96	1274458	11	0
96	1274458	12	0
96	1274458	13	0
96	1274458	14	0
96	1274458	15	0
96	1274458	16	0
96	1274458	17	0
96	1274458	18	0
96	1274458	19	0
96	1274458	20	0
96	1274458	21	0
96	1274458	22	0
96	1274458	23	0
96	1274458	24	0
96	1274458	25	0
96	1274458	26	0
96	1274458	27	0
96	1274458	28	0
96	1274458	29	0
96	1274458	30	0
96	1274458	31	0
96	1274458	32	0
96	1274458	33	0
96	1274458	34	0
96	1274458	35	0
96	1274458	36	0
96	1274458	37	0
96	1274458	38	0
96	1274458	39	0
96	1274458	40	0
96	1274458	41	0
96	1274458	42	0
96	1274458	43	0
96	1274458	44	0
96	1274458	45	0
96	1274458	46	0
96	1274458	47	0
96	1274458	48	0
96	1274458	49	0
96	1274458	50	0
96	1274458	51	0
96	1274458	52	0
96	1274458	53	0
96	1274458	54	0
96	1274458	55	0
96	1274458	56	0
96	1274458	57	0
96	1274458	58	0
96	1274458	59	0
96	1274458	60	0
96	1274458	61	0
96	1274458	62	0
96	1274458	63	0
96	1274458	64	0
96	1274458	65	0
96	1274458	66	0
96	1274458	67	0
96	1274458	68	0
96	1274458	69	0
96	1274458	70	0
96	1274458	71	0
96	1274458	72	0
96	1274458	73	0
96	1274458	74	0
96	1274458	75	0
96	1274458	76	0
96	1274458	77	0
96	1274458	78	0
96	1274458	79	0
96	1274458	80	0
96	1274458	81	0
96	1274458	82	0
96	1274458	83	0
96	1274458	84	0
96	1274458	85	0
96	1274458	86	0
96	1274458	87	0
96	1274458	88	0
96	1274458	89	0
96	1274458	90	0
96	1274458	91	0
96	1274458	92	0
96	1274458	93	0
96	1274458	94	0
96	1274458	95	0
96	1274458	96	0
96	1274458	97	0
96	1274458	98	0
96	1274458	99	0
96	1274458	100	0
96	1274458	101	0
96	1274458	102	0
96	1274458	103	0
96	1274458	104	0
96	1274458	105	0
96	1274458	106	0
96	1274458	107	0
96	1274458	108	0
96	1274458	109	0
96	1274458	110	0
96	1274458	111	0
96	1274458	112	0
96	1274458	113	0
96	1274458	114	0
96	1274458	115	0
96	1274458	116	0
96	1274458	117	0
96	1274458	118	0
96	1274458	119	0
96	1274458	120	0
96	1274458	121	0
96	1274458	122	0
96	1274458	123	0
96	1274458	124	0
96	1274458	125	0
96	1274458	126	0
96	1274458	127	0
96	1274458	128	0
96	1274458	129	0
96	1274458	130	0
96	1274458	131	0
96	1274458	132	0
96	1274458	133	0
96	1274458	134	0
96	1274458	135	0
96	1274458	136	0
96	1274458	137	0
96	1274458	138	0
96	1274458	139	0
96	1274458	140	0
96	1274458	141	0
96	1274458	142	0
96	1274458	143	0
96	1274458	144	0
96	1274458	145	0
96	1274458	146	0
96	1274458	147	0
96	1274458	148	0
96	1274458	149	0
96	1274458	150	0
96	1274458	151	0
96	1274458	152	0
96	1274458	153	0
96	1274458	154	0
96	1274458	155	0
96	1274458	156	0
96	1274458	157	0
96	1274458	158	0
96	1274458	159	0
96	1274458	160	0
96	1274458	161	0
96	1274458	162	0
96	1274458	163	0
96	1274458	164	0
96	1274458	165	0
96	1274458	166	0
96	1274458	167	0
96	1274458	168	0
96	1274458	169	0
96	1274458	170	0
96	1274458	171	0
96	1274458	172	0
96	1274458	173	0
96	1274458	174	0
96	1274458	175	0
96	1274458	176	0
96	1274458	177	0
96	1274458	178	0
96	1274458	179	0
96	1274458	180	0
96	1274458	181	0
96	1274458	182	0
96	1274458	183	0
96	1274458	184	0
96	1274458	185	0
96	1274458	186	0
96	1274458	187	0
96	1274458	188	0
96	1274458	189	0
96	1274458	190	0
96	1274458	191	0
96	1274458	192	0
96	1274458	193	0
96	1274458	194	0
96	1274458	195	0
96	1274458	196	0
96	1274458	197	0
96	1274458	198	0
96	1274458	199	0
96	1274458	200	0
96	1274458	201	0
96	1274458	202	0
96	1274458	203	0
96	1274458	204	0
96	1274458	205	0
96	1274458	206	0
96	1274458	207	0
96	1274458	208	0
96	1274458	209	0
96	1274458	210	0
96	1274458	211	0
96	1274458	212	0
96	1274458	213	0
96	1274458	214	0
96	1274458	215	0
96	1274458	216	0
96	1274458	217	0
96	1274458	218	0
96	1274458	219	0
96	1274458	220	0
96	1274458	221	0
96	1274458	222	0
96	1274458	223	0
96	1274458	224	0
96	1274458	225	0
96	1274458	226	0
96	1274458	227	0
96	1274458	228	0
96	1274458	229	0
96	1274458	230	0
96	1274458	231	0
96	1274458	232	0
96	1274458	233	0
96	1274458	234	0
96	1274458	235	0
96	1274458	236	0
96	1274458	237	0
96	1274458	238	0
96	1274458	239	0
96	1274458	240	0
96	1274458	241	0
96	1274458	242	0
96	1274458	243	0
96	1274458	244	0
96	1274458	245	0
96	1274458	246	0
96	1274458	247	0
96	1274458	248	0
96	1274458	249	0
96	1274458	250	0
96	1274458	251	0
96	1274458	252	0
96	1274458	253	0
96	1274458	254	0
96	1274458	255	0
96	1274458	256	0
96	1274458	257	0
96	1274458	258	0
96	1274458	259	0
96	1274458	260	0
96	1274458	261	0
96	1274458	262	0
96	1274458	263	0
96	1274458	264	0
96	1274458	265	0
96	1274458	266	0
96	1274458	267	0
96	1274458	268	0
96	1274458	269	0
96	1274458	270	0
96	1274458	271	0
96	1274458	272	0
96	1274458	273	0
96	1274458	274	0
96	1274458	275	0
96	1274458	276	0
96	1274458	277	0
96	1274458	278	0
96	1274458	279	0
96	1274458	280	0
96	1274458	281	0
96	1274458	282	0
96	1274458	283	0
96	1274458	284	0
96	1274458	285	0
96	1274458	286	0
96	1274458	287	0
96	1274458	288	0
96	1274458	289	0
96	1274458	290	0
96	1274458	291	0
96	1274458	292	0
96	1274458	293	0
96	1274458	294	0
96	1274458	295	0
96	1274458	296	0
96	1274458	297	0
96	1274458	298	0
96	1274458	299	0
96	1274458	300	0
96	1274458	301	0
96	1274458	302	0
96	1274458	303	0
96	1274458	304	0
96	1274458	305	0
96	1274458	306	0
96	1274458	307	0
96	1274458	308	0
96	1274458	309	0
96	1274458	310	0
96	1274458	311	0
96	1274458	312	0
96	1274458	313	0
96	1274458	314	0
96	1274458	315	0
96	1274458	316	0
96	1274458	317	0
96	1274458	318	0
96	1274458	319	0
96	1274458	320	0
96	1274458	321	0
96	1274458	322	0
96	1274458	323	0
96	1274458	324	0
96	1274458	325	0
96	1274458	326	0
96	1274458	327	0
96	1274458	328	0
96	1274458	329	0
96	1274458	330	0
96	1274458	331	0
96	1274458	332	0
96	1274458	333	0
96	1274458	334	0
96	1274458	335	0
96	1274458	336	0
96	1274458	337	0
96	1274458	338	0
96	1274458	339	0
96	1274458	340	0
96	1274458	341	0
96	1274458	342	0
96	1274458	343	0
96	1274458	344	0
96	1274458	345	0
96	1274458	346	0
96	1274458	347	0
96	1274458	348	0
96	1274458	349	0
96	1274458	350	0
96	1274458	351	0
96	1274458	352	0
96	1274458	353	0
96	1274458	354	0
96	1274458	355	0
96	1274458	356	0
96	1274458	357	0
96	1274458	358	0
96	1274458	359	0
96	1274458	360	0
96	1274458	361	0
96	1274458	362	0
96	1274458	363	0
96	1274458	364	0
96	1274458	365	0
96	1274458	366	0
96	1274458	367	0
96	1274458	368	0
96	1274458	369	0
96	1274458	370	0
96	1274458	371	0
96	1274458	372	0
96	1274458	373	0
96	1274458	374	0
96	1274458	375	0
96	1274458	376	0
96	1274458	377	0
96	1274458	378	0
96	1274458	379	0
96	1274458	380	0
96	1274458	381	0
96	1274458	382	0
96	1274458	383	0
96	1274458	384	0
96	1274458	385	0
96	1274458	386	0
96	1274458	387	0
96	1274458	388	0
96	1274458	389	0
96	1274458	390	0
96	1274458	391	0
96	1274458	392	0
96	1274458	393	0
96	1274458	394	0
96	1274458	395	0
96	1274458	396	0
96	1274458	397	0
96	1274458	398	0
96	1274458	399	0
96	1274458	400	0
96	1274458	401	0
96	1274458	402	0
96	1274458	403	0
96	1274458	404	0
96	1274458	405	0
96	1274458	406	0
96	1274458	407	0
96	1274458	408	0
96	1274458	409	0
96	1274458	410	0
96	1274458	411	0
96	1274458	412	0
96	1274458	413	0
96	1274458	414	0
96	1274458	415	0
96	1274458	416	0
96	1274458	417	0
96	1274458	418	0
96	1274458	419	0
96	1274458	420	0
96	1274458	421	0
96	1274458	422	0
96	1274458	423	0
96	1274458	424	0
96	1274458	425	0
96	1274458	426	0
96	1274458	427	0
96	1274458	428	0
96	1274458	429	0
96	1274458	430	0
96	1274458	431	0
96	1274458	432	0
96	1274458	433	0
96	1274458	434	0
96	1274458	435	0
96	1274458	436	0
96	1274458	437	0
96	1274458	438	0
96	1274458	439	0
96	1274458	440	0
96	1274458	441	0
96	1274458	442	0
96	1274458	443	0
96	1274458	444	0
96	1274458	445	0
96	1274458	446	0
96	1274458	447	0
96	1274458	448	0
96	1274458	449	0
96	1274458	450	0
96	1274458	451	0
96	1274458	452	0
96	1274458	453	0
96	1274458	454	0
96	1274458	455	0
96	1274458	456	0
96	1274458	457	0
96	1274458	458	0
96	1274458	459	0
96	1274458	460	0
96	1274458	461	0
96	1274458	462	0
96	1274458	463	0
96	1274458	464	0
96	1274458	465	0
96	1274458	466	0
96	1274458	467	0
96	1274458	468	0
96	1274458	469	0
96	1274458	470	0
96	1274458	471	0
96	1274458	472	0
96	1274458	473	0
96	1274458	474	0
96	1274458	475	0
96	1274458	476	0
96	1274458	477	0
96	1274458	478	0
96	1274458	479	0
96	1274458	480	0
96	1274458	481	0
96	1274458	482	0
96	1274458	483	0
96	1274458	484	0
96	1274458	485	0
96	1274458	486	0
96	1274458	487	0
96	1274458	488	0
96	1274458	489	0
96	1274458	490	0
96	1274458	491	0
96	1274458	492	0
96	1274458	493	0
96	1274458	494	0
96	1274458	495	0
96	1274458	496	0
96	1274458	497	0
96	1274458	498	0
96	1274458	499	0
96	1274458	500	0
96	1274458	501	0
96	1274458	502	0
96	1274458	503	0
96	1274458	504	0
96	1274458	505	0
96	1274458	506	0
96	1274458	507	0
96	1274458	508	0
96	1274458	509	0
96	1274458	510	0
96	1274458	511	0
96	1274458	512	0
96	1274458	513	0
96	1274458	514	0
96	1274458	515	0
96	1274458	516	0
96	1274458	517	0
96	1274458	518	0
96	1274458	519	0
96	1274458	520	0
96	1274458	521	0
96	1274458	522	0
96	1274458	523	0
96	1274458	524	0
96	1274458	525	0
96	1274458	526	0
96	1274458	527	0
96	1274458	528	0
96	1274458	529	0
96	1274458	530	0
96	1274458	531	0
96	1274458	532	0
96	1274458	533	0
96	1274458	534	0
96	1274458	535	0
96	1274458	536	0
96	1274458	537	0
96	1274458	538	0
96	1274458	539	0
96	1274458	540	0
96	1274458	541	0
96	1274458	542	0
96	1274458	543	0
96	1274458	544	0
96	1274458	545	0
96	1274458	546	0
96	1274458	547	0
96	1274458	548	0
96	1274458	549	0
96	1274458	550	0
96	1274458	551	0
96	1274458	552	0
96	1274458	553	0
96	1274458	554	0
96	1274458	555	0
96	1274458	556	0
96	1274458	557	0
96	1274458	558	0
96	1274458	559	0
96	1274458	560	0
96	1274458	561	0
96	1274458	562	0
96	1274458	563	0
96	1274458	564	0
96	1274458	565	0
96	1274458	566	0
96	1274458	567	0
96	1274458	568	0
96	1274458	569	0
96	1274458	570	0
96	1274458	571	0
96	1274458	572	0
96	1274458	573	0
96	1274458	574	0
96	1274458	575	0
96	1274458	576	0
96	1274458	577	0
96	1274458	578	0
96	1274458	579	0
96	1274458	580	0
96	1274458	581	0
96	1274458	582	0
96	1274458	583	0
96	1274458	584	0
96	1274458	585	0
96	1274458	586	0
96	1274458	587	0
96	1274458	588	0
96	1274458	589	0
96	1274458	590	0
96	1274458	591	0
96	1274458	592	0
96	1274458	593	0
96	1274458	594	0
96	1274458	595	0
96	1274458	596	0
96	1274458	597	0
96	1274458	598	0
96	1274458	599	0
96	1274458	600	0
96	1274458	601	0
96	1274458	602	0
96	1274458	603	0
96	1274458	604	0
96	1274458	605	0
96	1274458	606	0
96	1274458	607	0
96	1274458	608	0
96	1274458	609	0
96	1274458	610	0
96	1274458	611	0
96	1274458	612	0
96	1274458	613	0
96	1274458	614	0
96	1274458	615	0
96	1274458	616	0
96	1274458	617	0
96	1274458	618	0
96	1274458	619	0
96	1274458	620	0
96	1274458	621	0
96	1274458	622	0
96	1274458	623	0
96	1274458	624	0
96	1274458	625	0
96	1274458	626	0
96	1274458	627	0
96	1274458	628	0
96	1274458	629	0
96	1274458	630	0
96	1274458	631	0
96	1274458	632	0
96	1274458	633	0
96	1274458	634	0
96	1274458	635	0
96	1274458	636	0
96	1274458	637	0
96	1274458	638	0
96	1274458	639	0
96	1274458	640	0
96	1274458	641	0
96	1274458	642	0
96	1274458	643	0
96	1274458	644	0
96	1274458	645	0
96	1274458	646	0
96	1274458	647	0
96	1274458	648	0
96	1274458	649	0
96	1274458	650	0
96	1274458	651	0
96	1274458	652	0
96	1274458	653	0
96	1274458	654	0
96	1274458	655	0
96	1274458	656	0
96	1274458	657	0
96	1274458	658	0
96	1274458	659	0
96	1274458	660	0
96	1274458	661	0
96	1274458	662	0
96	1274458	663	0
96	1274458	664	0
96	1274458	665	0
96	1274458	666	0
96	1274458	667	0
96	1274458	668	0
96	1274458	669	0
96	1274458	670	0
96	1274458	671	0
96	1274458	672	0
96	1274458	673	0
96	1274458	674	0
96	1274458	675	0
96	1274458	676	0
96	1274458	677	0
96	1274458	678	0
96	1274458	679	0
96	1274458	680	0
96	1274458	681	0
96	1274458	682	0
96	1274458	683	0
96	1274458	684	0
96	1274458	685	0
96	1274458	686	0
96	1274458	687	0
96	1274458	688	0
96	1274458	689	0
96	1274458	690	0
96	1274458	691	0
96	1274458	692	0
96	1274458	693	0
96	1274458	694	0
96	1274458	695	0
96	1274458	696	0
96	1274458	697	0
96	1274458	698	0
96	1274458	699	0
96	1274458	700	0
96	1274458	701	0
96	1274458	702	0
96	1274458	703	0
96	1274458	704	0
96	1274458	705	0
96	1274458	706	0
96	1274458	707	0
96	1274458	708	0
96	1274458	709	0
96	1274458	710	0
96	1274458	711	0
96	1274458	712	0
96	1274458	713	0
96	1274458	714	0
96	1274458	715	0
96	1274458	716	0
96	1274458	717	0
96	1274458	718	0
96	1274458	719	0
96	1274458	720	0
96	1274458	721	0
96	1274458	722	0
96	1274458	723	0
96	1274458	724	0
96	1274458	725	0
96	1274458	726	0
96	1274458	727	0
96	1274458	728	0
96	1274458	729	0
96	1274458	730	0
96	1274458	731	0
96	1274458	732	0
96	1274458	733	0
96	1274458	734	0
96	1274458	735	0
96	1274458	736	0
96	1274458	737	0
96	1274458	738	0
96	1274458	739	0
96	1274458	740	0
96	1274458	741	0
96	1274458	742	0
96	1274458	743	0
96	1274458	744	0
96	1274458	745	0
96	1274458	746	0
96	1274458	747	0
96	1274458	748	0
96	1274458	749	0
96	1274458	750	0
vector 97  simple_scenario_cache_at_border_network.node[1].content_store  hit_node[1]  ETV
97	1274458	1	1
97	1274458	2	-nan
97	1274458	3	-nan
97	1274458	4	0.98880248833593
97	1274458	5	-nan
97	1274458	6	-nan
97	1274458	7	-nan
97	1274458	8	-nan
97	1274458	9	-nan
97	1274458	10	-nan
97	1274458	11	-nan
97	1274458	12	0.78236397748593
97	1274458	13	0.75379939209726
97	1274458	14	-nan
97	1274458	15	0.69770253929867
97	1274458	16	0.67232375979112
97	1274458	17	0.67432950191571
97	1274458	18	0.65437158469945
97	1274458	19	0.6
97	1274458	20	-nan
97	1274458	21	0.59010600706714
97	1274458	22	-nan
97	1274458	23	-nan
97	1274458	24	0.55660377358491
97	1274458	25	0.53932584269663
97	1274458	26	-nan
97	1274458	27	-nan
97	1274458	28	-nan
97	1274458	29	-nan
97	1274458	30	0.43719806763285
97	1274458	31	-nan
97	1274458	32	0.44471744471744
97	1274458	33	-nan
97	1274458	34	0.40406976744186
97	1274458	35	-nan
97	1274458	36	-nan
97	1274458	37	0.3596214511041
97	1274458	38	-nan
97	1274458	39	-nan
97	1274458	40	0.33554817275748
97	1274458	41	0.396875
97	1274458	42	-nan
97	1274458	43	0.34163701067616
97	1274458	44	-nan
97	1274458	45	-nan
97	1274458	46	-nan
97	1274458	47	-nan
97	1274458	48	-nan
97	1274458	49	0.32584269662921
97	1274458	50	-nan
97	1274458	51	0.26612903225806
97	1274458	52	-nan
97	1274458	53	-nan
97	1274458	54	-nan
97	1274458	55	-nan
97	1274458	56	0.31726907630522
97	1274458	57	-nan
97	1274458	58	0.23348017621145
97	1274458	59	0.22680412371134
97	1274458	60	-nan
97	1274458	61	-nan
97	1274458	62	0.2485549132948
97	1274458	63	-nan
97	1274458	64	0.27118644067797
97	1274458	65	-nan
97	1274458	66	0.22282608695652
97	1274458	67	0.28205128205128
97	1274458	68	0.29891304347826
97	1274458	69	0.25
97	1274458	70	0.26704545454545
97	1274458	71	-nan
97	1274458	72	-nan
97	1274458	73	0.18452380952381
97	1274458	74	0.28421052631579
97	1274458	75	0.16770186335404
97	1274458	76	-nan
97	1274458	77	-nan
97	1274458	78	0.21656050955414
97	1274458	79	-nan
97	1274458	80	0.19889502762431
97	1274458	81	0.17088607594937
97	1274458	82	-nan
97	1274458	83	0.21052631578947
97	1274458	84	-nan
97	1274458	85	-nan
97	1274458	86	-nan
97	1274458	87	-nan
97	1274458	88	-nan
97	1274458	89	-nan
97	1274458	90	0.18666666666667
97	1274458	91	-nan
97	1274458	92	-nan
97	1274458	93	0.15126050420168
97	1274458	94	0.18032786885246
97	1274458	95	-nan
97	1274458	96	0.18897637795276
97	1274458	97	0.12612612612613
97	1274458	98	-nan
97	1274458	99	-nan
97	1274458	100	0.12037037037037
97	1274458	101	-nan
97	1274458	102	0.14516129032258
97	1274458	103	0.094827586206897
97	1274458	104	-nan
97	1274458	105	0.17293233082707
97	1274458	106	0.18939393939394
97	1274458	107	0.13084112149533
97	1274458	108	-nan
97	1274458	109	-nan
97	1274458	110	0.18897637795276
97	1274458	111	-nan
97	1274458	112	0.12727272727273
97	1274458	113	0.14953271028037
97	1274458	114	0.11764705882353
97	1274458	115	0.15740740740741
97	1274458	116	0.13861386138614
97	1274458	117	-nan
97	1274458	118	0.11818181818182
97	1274458	119	-nan
97	1274458	120	0.10576923076923
97	1274458	121	-nan
97	1274458	122	-nan
97	1274458	123	-nan
97	1274458	124	-nan
97	1274458	125	-nan
97	1274458	126	0.17948717948718
97	1274458	127	-nan
97	1274458	128	-nan
97	1274458	129	-nan
97	1274458	130	-nan
97	1274458	131	0.1010101010101
97	1274458	132	-nan
97	1274458	133	-nan
97	1274458	134	0.12371134020619
97	1274458	135	0.12727272727273
97	1274458	136	-nan
97	1274458	137	0.096385542168675
97	1274458	138	0.12871287128713
97	1274458	139	0.11320754716981
97	1274458	140	0.10185185185185
97	1274458	141	-nan
97	1274458	142	-nan
97	1274458	143	0.0125
97	1274458	144	0.14529914529915
97	1274458	145	-nan
97	1274458	146	0.11340206185567
97	1274458	147	-nan
97	1274458	148	-nan
97	1274458	149	-nan
97	1274458	150	-nan
97	1274458	151	0.13541666666667
97	1274458	152	0.092105263157895
97	1274458	153	0.074074074074074
97	1274458	154	-nan
97	1274458	155	0.093023255813953
97	1274458	156	-nan
97	1274458	157	-nan
97	1274458	158	-nan
97	1274458	159	0.08641975308642
97	1274458	160	-nan
97	1274458	161	0.16455696202532
97	1274458	162	0.064935064935065
97	1274458	163	-nan
97	1274458	164	0.066666666666667
97	1274458	165	-nan
97	1274458	166	-nan
97	1274458	167	0.1125
97	1274458	168	0.17948717948718
97	1274458	169	-nan
97	1274458	170	0.12857142857143
97	1274458	171	-nan
97	1274458	172	0.140625
97	1274458	173	-nan
97	1274458	174	0.13333333333333
97	1274458	175	-nan
97	1274458	176	0.12658227848101
97	1274458	177	-nan
97	1274458	178	0.0625
97	1274458	179	0.08
97	1274458	180	0.079365079365079
97	1274458	181	-nan
97	1274458	182	0.042857142857143
97	1274458	183	-nan
97	1274458	184	0.063492063492063
97	1274458	185	-nan
97	1274458	186	0.064516129032258
97	1274458	187	0.067567567567568
97	1274458	188	0.048387096774194
97	1274458	189	0.0625
97	1274458	190	0.14705882352941
97	1274458	191	-nan
97	1274458	192	0.082191780821918
97	1274458	193	0.05
97	1274458	194	-nan
97	1274458	195	0.088235294117647
97	1274458	196	0.11428571428571
97	1274458	197	0.046875
97	1274458	198	-nan
97	1274458	199	0.061538461538462
97	1274458	200	0.090909090909091
97	1274458	201	-nan
97	1274458	202	0.03030303030303
97	1274458	203	-nan
97	1274458	204	0.092592592592593
97	1274458	205	0.12698412698413
97	1274458	206	-nan
97	1274458	207	-nan
97	1274458	208	0.046153846153846
97	1274458	209	0.10344827586207
97	1274458	210	0.10344827586207
97	1274458	211	-nan
97	1274458	212	-nan
97	1274458	213	0.08955223880597
97	1274458	214	0.033333333333333
97	1274458	215	0.020833333333333
97	1274458	216	0.089285714285714
97	1274458	217	0.019607843137255
97	1274458	218	-nan
97	1274458	219	0.084745762711864
97	1274458	220	-nan
97	1274458	221	0.026315789473684
97	1274458	222	0.042553191489362
97	1274458	223	0.0625
97	1274458	224	-nan
97	1274458	225	-nan
97	1274458	226	-nan
97	1274458	227	0.019230769230769
97	1274458	228	0.10526315789474
97	1274458	229	-nan
97	1274458	230	-nan
97	1274458	231	-nan
97	1274458	232	-nan
97	1274458	233	0.042553191489362
97	1274458	234	0.090909090909091
97	1274458	235	0.058823529411765
97	1274458	236	-nan
97	1274458	237	-nan
97	1274458	238	0.088235294117647
97	1274458	239	-nan
97	1274458	240	0.045454545454545
97	1274458	241	0.067796610169492
97	1274458	242	-nan
97	1274458	243	0.025
97	1274458	244	-nan
97	1274458	245	-nan
97	1274458	246	-nan
97	1274458	247	-nan
97	1274458	248	0.017241379310345
97	1274458	249	0
97	1274458	250	0.021276595744681
97	1274458	251	-nan
97	1274458	252	-nan
97	1274458	253	-nan
97	1274458	254	0.098039215686275
97	1274458	255	-nan
97	1274458	256	-nan
97	1274458	257	-nan
97	1274458	258	-nan
97	1274458	259	0.02
97	1274458	260	0.069767441860465
97	1274458	261	-nan
97	1274458	262	-nan
97	1274458	263	0.028571428571429
97	1274458	264	0.035087719298246
97	1274458	265	0.018518518518519
97	1274458	266	-nan
97	1274458	267	-nan
97	1274458	268	0.026315789473684
97	1274458	269	-nan
97	1274458	270	-nan
97	1274458	271	-nan
97	1274458	272	-nan
97	1274458	273	-nan
97	1274458	274	0.041666666666667
97	1274458	275	0
97	1274458	276	0.056603773584906
97	1274458	277	-nan
97	1274458	278	0.076923076923077
97	1274458	279	-nan
97	1274458	280	0.052631578947368
97	1274458	281	-nan
97	1274458	282	-nan
97	1274458	283	0.087719298245614
97	1274458	284	0.021276595744681
97	1274458	285	0.052631578947368
97	1274458	286	-nan
97	1274458	287	0.060606060606061
97	1274458	288	0.058823529411765
97	1274458	289	-nan
97	1274458	290	-nan
97	1274458	291	-nan
97	1274458	292	-nan
97	1274458	293	0.125
97	1274458	294	-nan
97	1274458	295	0.068181818181818
97	1274458	296	0.023809523809524
97	1274458	297	0.083333333333333
97	1274458	298	0
97	1274458	299	-nan
97	1274458	300	-nan
97	1274458	301	-nan
97	1274458	302	0.044444444444444
97	1274458	303	-nan
97	1274458	304	0.055555555555556
97	1274458	305	0.051282051282051
97	1274458	306	-nan
97	1274458	307	-nan
97	1274458	308	-nan
97	1274458	309	-nan
97	1274458	310	-nan
97	1274458	311	-nan
97	1274458	312	0
97	1274458	313	0.073170731707317
97	1274458	314	-nan
97	1274458	315	-nan
97	1274458	316	-nan
97	1274458	317	-nan
97	1274458	318	-nan
97	1274458	319	-nan
97	1274458	320	-nan
97	1274458	321	-nan
97	1274458	322	-nan
97	1274458	323	-nan
97	1274458	324	0.0625
97	1274458	325	0
97	1274458	326	0.095238095238095
97	1274458	327	0.032258064516129
97	1274458	328	-nan
97	1274458	329	-nan
97	1274458	330	-nan
97	1274458	331	0.035714285714286
97	1274458	332	-nan
97	1274458	333	-nan
97	1274458	334	-nan
97	1274458	335	-nan
97	1274458	336	-nan
97	1274458	337	-nan
97	1274458	338	-nan
97	1274458	339	0.10416666666667
97	1274458	340	0.1063829787234
97	1274458	341	0.027777777777778
97	1274458	342	0.15789473684211
97	1274458	343	-nan
97	1274458	344	-nan
97	1274458	345	0.037037037037037
97	1274458	346	-nan
97	1274458	347	0.12121212121212
97	1274458	348	0
97	1274458	349	-nan
97	1274458	350	0.03125
97	1274458	351	-nan
97	1274458	352	0.048780487804878
97	1274458	353	-nan
97	1274458	354	0
97	1274458	355	0.032258064516129
97	1274458	356	0.060606060606061
97	1274458	357	0.045454545454545
97	1274458	358	-nan
97	1274458	359	-nan
97	1274458	360	-nan
97	1274458	361	0.051282051282051
97	1274458	362	-nan
97	1274458	363	0.05
97	1274458	364	-nan
97	1274458	365	0.024390243902439
97	1274458	366	0.078947368421053
97	1274458	367	0.083333333333333
97	1274458	368	0.028571428571429
97	1274458	369	-nan
97	1274458	370	-nan
97	1274458	371	-nan
97	1274458	372	0.027027027027027
97	1274458	373	-nan
97	1274458	374	0.047619047619048
97	1274458	375	0.068965517241379
97	1274458	376	-nan
97	1274458	377	-nan
97	1274458	378	-nan
97	1274458	379	0.083333333333333
97	1274458	380	-nan
97	1274458	381	-nan
97	1274458	382	0.088235294117647
97	1274458	383	-nan
97	1274458	384	0.05
97	1274458	385	-nan
97	1274458	386	-nan
97	1274458	387	0.060606060606061
97	1274458	388	0.11111111111111
97	1274458	389	-nan
97	1274458	390	-nan
97	1274458	391	0.125
97	1274458	392	-nan
97	1274458	393	-nan
97	1274458	394	-nan
97	1274458	395	-nan
97	1274458	396	-nan
97	1274458	397	-nan
97	1274458	398	0.03448275862069
97	1274458	399	0.033333333333333
97	1274458	400	-nan
97	1274458	401	0.10810810810811
97	1274458	402	-nan
97	1274458	403	0.041666666666667
97	1274458	404	0.10344827586207
97	1274458	405	-nan
97	1274458	406	-nan
97	1274458	407	-nan
97	1274458	408	-nan
97	1274458	409	-nan
97	1274458	410	0.10344827586207
97	1274458	411	-nan
97	1274458	412	-nan
97	1274458	413	-nan
97	1274458	414	0.04
97	1274458	415	0.055555555555556
97	1274458	416	-nan
97	1274458	417	-nan
97	1274458	418	0.038461538461538
97	1274458	419	-nan
97	1274458	420	-nan
97	1274458	421	-nan
97	1274458	422	0
97	1274458	423	0.064516129032258
97	1274458	424	0.066666666666667
97	1274458	425	-nan
97	1274458	426	0
97	1274458	427	0.0625
97	1274458	428	0.055555555555556
97	1274458	429	0.038461538461538
97	1274458	430	0
97	1274458	431	0.083333333333333
97	1274458	432	-nan
97	1274458	433	-nan
97	1274458	434	-nan
97	1274458	435	0.060606060606061
97	1274458	436	0
97	1274458	437	-nan
97	1274458	438	-nan
97	1274458	439	-nan
97	1274458	440	0.03448275862069
97	1274458	441	-nan
97	1274458	442	0
97	1274458	443	-nan
97	1274458	444	0
97	1274458	445	-nan
97	1274458	446	-nan
97	1274458	447	-nan
97	1274458	448	0.076923076923077
97	1274458	449	-nan
97	1274458	450	0
97	1274458	451	0.03448275862069
97	1274458	452	-nan
97	1274458	453	0
97	1274458	454	-nan
97	1274458	455	0
97	1274458	456	0.068965517241379
97	1274458	457	-nan
97	1274458	458	0.027777777777778
97	1274458	459	0
97	1274458	460	0.028571428571429
97	1274458	461	0.038461538461538
97	1274458	462	0.17391304347826
97	1274458	463	0.035714285714286
97	1274458	464	0.10526315789474
97	1274458	465	0.1
97	1274458	466	0.038461538461538
97	1274458	467	-nan
97	1274458	468	0.033333333333333
97	1274458	469	-nan
97	1274458	470	-nan
97	1274458	471	0.068965517241379
97	1274458	472	-nan
97	1274458	473	-nan
97	1274458	474	-nan
97	1274458	475	0
97	1274458	476	0
97	1274458	477	-nan
97	1274458	478	-nan
97	1274458	479	-nan
97	1274458	480	-nan
97	1274458	481	0.043478260869565
97	1274458	482	-nan
97	1274458	483	0.066666666666667
97	1274458	484	-nan
97	1274458	485	0.037037037037037
97	1274458	486	0
97	1274458	487	0
97	1274458	488	0.027777777777778
97	1274458	489	-nan
97	1274458	490	-nan
97	1274458	491	-nan
97	1274458	492	-nan
97	1274458	493	-nan
97	1274458	494	0.076923076923077
97	1274458	495	-nan
97	1274458	496	0.076923076923077
97	1274458	497	-nan
97	1274458	498	0
97	1274458	499	-nan
97	1274458	500	0.045454545454545
97	1274458	501	-nan
97	1274458	502	-nan
97	1274458	503	0.035714285714286
97	1274458	504	0
97	1274458	505	0
97	1274458	506	-nan
97	1274458	507	-nan
97	1274458	508	-nan
97	1274458	509	0.16129032258065
97	1274458	510	0
97	1274458	511	-nan
97	1274458	512	0.17391304347826
97	1274458	513	0.10714285714286
97	1274458	514	-nan
97	1274458	515	0.037037037037037
97	1274458	516	0.04
97	1274458	517	0
97	1274458	518	-nan
97	1274458	519	0
97	1274458	520	-nan
97	1274458	521	0.043478260869565
97	1274458	522	-nan
97	1274458	523	0
97	1274458	524	-nan
97	1274458	525	-nan
97	1274458	526	0.04
97	1274458	527	0.043478260869565
97	1274458	528	-nan
97	1274458	529	0
97	1274458	530	-nan
97	1274458	531	0
97	1274458	532	-nan
97	1274458	533	0.04
97	1274458	534	0.071428571428571
97	1274458	535	0.041666666666667
97	1274458	536	0
97	1274458	537	-nan
97	1274458	538	-nan
97	1274458	539	0
97	1274458	540	-nan
97	1274458	541	0.058823529411765
97	1274458	542	-nan
97	1274458	543	-nan
97	1274458	544	0.076923076923077
97	1274458	545	-nan
97	1274458	546	0
97	1274458	547	0
97	1274458	548	0.074074074074074
97	1274458	549	0
97	1274458	550	0.095238095238095
97	1274458	551	-nan
97	1274458	552	-nan
97	1274458	553	0
97	1274458	554	0
97	1274458	555	0
97	1274458	556	0.035714285714286
97	1274458	557	-nan
97	1274458	558	-nan
97	1274458	559	0.037037037037037
97	1274458	560	0
97	1274458	561	-nan
97	1274458	562	0.038461538461538
97	1274458	563	-nan
97	1274458	564	-nan
97	1274458	565	-nan
97	1274458	566	-nan
97	1274458	567	-nan
97	1274458	568	-nan
97	1274458	569	-nan
97	1274458	570	-nan
97	1274458	571	-nan
97	1274458	572	-nan
97	1274458	573	-nan
97	1274458	574	0.068965517241379
97	1274458	575	0
97	1274458	576	-nan
97	1274458	577	-nan
97	1274458	578	-nan
97	1274458	579	-nan
97	1274458	580	0
97	1274458	581	0.047619047619048
97	1274458	582	-nan
97	1274458	583	0.035714285714286
97	1274458	584	0.11538461538462
97	1274458	585	-nan
97	1274458	586	0.047619047619048
97	1274458	587	-nan
97	1274458	588	0.03125
97	1274458	589	-nan
97	1274458	590	0.045454545454545
97	1274458	591	0
97	1274458	592	-nan
97	1274458	593	0
97	1274458	594	0
97	1274458	595	0.0625
97	1274458	596	0
97	1274458	597	0.041666666666667
97	1274458	598	-nan
97	1274458	599	0
97	1274458	600	-nan
97	1274458	601	0
97	1274458	602	0.058823529411765
97	1274458	603	-nan
97	1274458	604	-nan
97	1274458	605	-nan
97	1274458	606	-nan
97	1274458	607	0.090909090909091
97	1274458	608	0
97	1274458	609	-nan
97	1274458	610	0
97	1274458	611	-nan
97	1274458	612	-nan
97	1274458	613	-nan
97	1274458	614	-nan
97	1274458	615	0.05
97	1274458	616	0
97	1274458	617	-nan
97	1274458	618	0.045454545454545
97	1274458	619	0
97	1274458	620	-nan
97	1274458	621	-nan
97	1274458	622	-nan
97	1274458	623	0
97	1274458	624	0.10526315789474
97	1274458	625	0.058823529411765
97	1274458	626	-nan
97	1274458	627	-nan
97	1274458	628	0
97	1274458	629	-nan
97	1274458	630	0.041666666666667
97	1274458	631	0.125
97	1274458	632	0.090909090909091
97	1274458	633	-nan
97	1274458	634	-nan
97	1274458	635	0
97	1274458	636	-nan
97	1274458	637	0.083333333333333
97	1274458	638	-nan
97	1274458	639	0
97	1274458	640	0.058823529411765
97	1274458	641	-nan
97	1274458	642	0
97	1274458	643	0.041666666666667
97	1274458	644	0.058823529411765
97	1274458	645	0.043478260869565
97	1274458	646	0
97	1274458	647	-nan
97	1274458	648	-nan
97	1274458	649	-nan
97	1274458	650	-nan
97	1274458	651	-nan
97	1274458	652	-nan
97	1274458	653	-nan
97	1274458	654	-nan
97	1274458	655	0
97	1274458	656	0.038461538461538
97	1274458	657	0.055555555555556
97	1274458	658	0
97	1274458	659	-nan
97	1274458	660	-nan
97	1274458	661	-nan
97	1274458	662	-nan
97	1274458	663	0.043478260869565
97	1274458	664	-nan
97	1274458	665	0
97	1274458	666	0.14285714285714
97	1274458	667	-nan
97	1274458	668	-nan
97	1274458	669	-nan
97	1274458	670	0
97	1274458	671	-nan
97	1274458	672	-nan
97	1274458	673	-nan
97	1274458	674	0
97	1274458	675	-nan
97	1274458	676	-nan
97	1274458	677	-nan
97	1274458	678	-nan
97	1274458	679	-nan
97	1274458	680	0
97	1274458	681	0
97	1274458	682	-nan
97	1274458	683	0.10526315789474
97	1274458	684	0
97	1274458	685	0.090909090909091
97	1274458	686	-nan
97	1274458	687	0
97	1274458	688	-nan
97	1274458	689	0
97	1274458	690	-nan
97	1274458	691	0
97	1274458	692	-nan
97	1274458	693	-nan
97	1274458	694	0
97	1274458	695	-nan
97	1274458	696	0.066666666666667
97	1274458	697	0
97	1274458	698	0
97	1274458	699	-nan
97	1274458	700	0
97	1274458	701	-nan
97	1274458	702	0
97	1274458	703	-nan
97	1274458	704	-nan
97	1274458	705	0
97	1274458	706	-nan
97	1274458	707	-nan
97	1274458	708	0
97	1274458	709	-nan
97	1274458	710	-nan
97	1274458	711	-nan
97	1274458	712	-nan
97	1274458	713	-nan
97	1274458	714	0.055555555555556
97	1274458	715	0
97	1274458	716	-nan
97	1274458	717	-nan
97	1274458	718	-nan
97	1274458	719	-nan
97	1274458	720	0.071428571428571
97	1274458	721	-nan
97	1274458	722	0
97	1274458	723	0
97	1274458	724	-nan
97	1274458	725	0.055555555555556
97	1274458	726	-nan
97	1274458	727	0.10526315789474
97	1274458	728	-nan
97	1274458	729	-nan
97	1274458	730	0
97	1274458	731	-nan
97	1274458	732	-nan
97	1274458	733	0
97	1274458	734	-nan
97	1274458	735	0
97	1274458	736	0
97	1274458	737	0
97	1274458	738	0
97	1274458	739	-nan
97	1274458	740	0
97	1274458	741	0.071428571428571
97	1274458	742	-nan
97	1274458	743	0
97	1274458	744	0
97	1274458	745	0
97	1274458	746	-nan
97	1274458	747	0.05
97	1274458	748	-nan
97	1274458	749	0
97	1274458	750	0
vector 98  simple_scenario_cache_at_border_network.node[2].content_store  hit_node[2]  ETV
98	1274458	1	-nan
98	1274458	2	0
98	1274458	3	0
98	1274458	4	-nan
98	1274458	5	0
98	1274458	6	0
98	1274458	7	0
98	1274458	8	0
98	1274458	9	0
98	1274458	10	0
98	1274458	11	0
98	1274458	12	-nan
98	1274458	13	-nan
98	1274458	14	0
98	1274458	15	-nan
98	1274458	16	-nan
98	1274458	17	-nan
98	1274458	18	-nan
98	1274458	19	-nan
98	1274458	20	0
98	1274458	21	-nan
98	1274458	22	0
98	1274458	23	0
98	1274458	24	-nan
98	1274458	25	-nan
98	1274458	26	0
98	1274458	27	0
98	1274458	28	0
98	1274458	29	0
98	1274458	30	-nan
98	1274458	31	0
98	1274458	32	-nan
98	1274458	33	0
98	1274458	34	-nan
98	1274458	35	0
98	1274458	36	0
98	1274458	37	-nan
98	1274458	38	0
98	1274458	39	0
98	1274458	40	-nan
98	1274458	41	-nan
98	1274458	42	0
98	1274458	43	-nan
98	1274458	44	0
98	1274458	45	0
98	1274458	46	0
98	1274458	47	0
98	1274458	48	0
98	1274458	49	-nan
98	1274458	50	0
98	1274458	51	-nan
98	1274458	52	0
98	1274458	53	0
98	1274458	54	0
98	1274458	55	0
98	1274458	56	-nan
98	1274458	57	0
98	1274458	58	-nan
98	1274458	59	-nan
98	1274458	60	0
98	1274458	61	0
98	1274458	62	-nan
98	1274458	63	0
98	1274458	64	-nan
98	1274458	65	0
98	1274458	66	-nan
98	1274458	67	-nan
98	1274458	68	-nan
98	1274458	69	-nan
98	1274458	70	-nan
98	1274458	71	0
98	1274458	72	0
98	1274458	73	-nan
98	1274458	74	-nan
98	1274458	75	-nan
98	1274458	76	0
98	1274458	77	0
98	1274458	78	-nan
98	1274458	79	0
98	1274458	80	-nan
98	1274458	81	-nan
98	1274458	82	0
98	1274458	83	-nan
98	1274458	84	0
98	1274458	85	0
98	1274458	86	0
98	1274458	87	0
98	1274458	88	0
98	1274458	89	0
98	1274458	90	-nan
98	1274458	91	0
98	1274458	92	0
98	1274458	93	-nan
98	1274458	94	-nan
98	1274458	95	0
98	1274458	96	-nan
98	1274458	97	-nan
98	1274458	98	0
98	1274458	99	0
98	1274458	100	-nan
98	1274458	101	0
98	1274458	102	-nan
98	1274458	103	-nan
98	1274458	104	0
98	1274458	105	-nan
98	1274458	106	-nan
98	1274458	107	-nan
98	1274458	108	0
98	1274458	109	0
98	1274458	110	-nan
98	1274458	111	0
98	1274458	112	-nan
98	1274458	113	-nan
98	1274458	114	-nan
98	1274458	115	-nan
98	1274458	116	-nan
98	1274458	117	0
98	1274458	118	-nan
98	1274458	119	0
98	1274458	120	-nan
98	1274458	121	0
98	1274458	122	0
98	1274458	123	0
98	1274458	124	0
98	1274458	125	0
98	1274458	126	-nan
98	1274458	127	0
98	1274458	128	0
98	1274458	129	0
98	1274458	130	0
98	1274458	131	-nan
98	1274458	132	0
98	1274458	133	0
98	1274458	134	-nan
98	1274458	135	-nan
98	1274458	136	0
98	1274458	137	-nan
98	1274458	138	-nan
98	1274458	139	-nan
98	1274458	140	-nan
98	1274458	141	0
98	1274458	142	0
98	1274458	143	-nan
98	1274458	144	-nan
98	1274458	145	0
98	1274458	146	-nan
98	1274458	147	0
98	1274458	148	0
98	1274458	149	0
98	1274458	150	0
98	1274458	151	-nan
98	1274458	152	-nan
98	1274458	153	-nan
98	1274458	154	0
98	1274458	155	-nan
98	1274458	156	0
98	1274458	157	0
98	1274458	158	0
98	1274458	159	-nan
98	1274458	160	0
98	1274458	161	-nan
98	1274458	162	-nan
98	1274458	163	0
98	1274458	164	-nan
98	1274458	165	0
98	1274458	166	0
98	1274458	167	-nan
98	1274458	168	-nan
98	1274458	169	0
98	1274458	170	-nan
98	1274458	171	0
98	1274458	172	-nan
98	1274458	173	0
98	1274458	174	-nan
98	1274458	175	0
98	1274458	176	-nan
98	1274458	177	0
98	1274458	178	-nan
98	1274458	179	-nan
98	1274458	180	-nan
98	1274458	181	0
98	1274458	182	-nan
98	1274458	183	0
98	1274458	184	-nan
98	1274458	185	0
98	1274458	186	-nan
98	1274458	187	-nan
98	1274458	188	-nan
98	1274458	189	-nan
98	1274458	190	-nan
98	1274458	191	0
98	1274458	192	-nan
98	1274458	193	-nan
98	1274458	194	0
98	1274458	195	-nan
98	1274458	196	-nan
98	1274458	197	-nan
98	1274458	198	0
98	1274458	199	-nan
98	1274458	200	-nan
98	1274458	201	0
98	1274458	202	-nan
98	1274458	203	0
98	1274458	204	-nan
98	1274458	205	-nan
98	1274458	206	0
98	1274458	207	0
98	1274458	208	-nan
98	1274458	209	-nan
98	1274458	210	-nan
98	1274458	211	0
98	1274458	212	0
98	1274458	213	-nan
98	1274458	214	-nan
98	1274458	215	-nan
98	1274458	216	-nan
98	1274458	217	-nan
98	1274458	218	0
98	1274458	219	-nan
98	1274458	220	0
98	1274458	221	-nan
98	1274458	222	-nan
98	1274458	223	-nan
98	1274458	224	0
98	1274458	225	0
98	1274458	226	0
98	1274458	227	-nan
98	1274458	228	-nan
98	1274458	229	0
98	1274458	230	0
98	1274458	231	0
98	1274458	232	0
98	1274458	233	-nan
98	1274458	234	-nan
98	1274458	235	-nan
98	1274458	236	0
98	1274458	237	0
98	1274458	238	-nan
98	1274458	239	0
98	1274458	240	-nan
98	1274458	241	-nan
98	1274458	242	0
98	1274458	243	-nan
98	1274458	244	0
98	1274458	245	0
98	1274458	246	0
98	1274458	247	0
98	1274458	248	-nan
98	1274458	249	-nan
98	1274458	250	-nan
98	1274458	251	0
98	1274458	252	0
98	1274458	253	0
98	1274458	254	-nan
98	1274458	255	0
98	1274458	256	0
98	1274458	257	0
98	1274458	258	0
98	1274458	259	-nan
98	1274458	260	-nan
98	1274458	261	0
98	1274458	262	0
98	1274458	263	-nan
98	1274458	264	-nan
98	1274458	265	-nan
98	1274458	266	0
98	1274458	267	0
98	1274458	268	-nan
98	1274458	269	0
98	1274458	270	0
98	1274458	271	0
98	1274458	272	0
98	1274458	273	0
98	1274458	274	-nan
98	1274458	275	-nan
98	1274458	276	-nan
98	1274458	277	0
98	1274458	278	-nan
98	1274458	279	0
98	1274458	280	-nan
98	1274458	281	0
98	1274458	282	0
98	1274458	283	-nan
98	1274458	284	-nan
98	1274458	285	-nan
98	1274458	286	0
98	1274458	287	-nan
98	1274458	288	-nan
98	1274458	289	0
98	1274458	290	0
98	1274458	291	0
98	1274458	292	0
98	1274458	293	-nan
98	1274458	294	0
98	1274458	295	-nan
98	1274458	296	-nan
98	1274458	297	-nan
98	1274458	298	-nan
98	1274458	299	0
98	1274458	300	0
98	1274458	301	0
98	1274458	302	-nan
98	1274458	303	0
98	1274458	304	-nan
98	1274458	305	-nan
98	1274458	306	0
98	1274458	307	0
98	1274458	308	0
98	1274458	309	0
98	1274458	310	0
98	1274458	311	0
98	1274458	312	-nan
98	1274458	313	-nan
98	1274458	314	0
98	1274458	315	0
98	1274458	316	0
98	1274458	317	0
98	1274458	318	0
98	1274458	319	0
98	1274458	320	0
98	1274458	321	0
98	1274458	322	0
98	1274458	323	0
98	1274458	324	-nan
98	1274458	325	-nan
98	1274458	326	-nan
98	1274458	327	-nan
98	1274458	328	0
98	1274458	329	0
98	1274458	330	0
98	1274458	331	-nan
98	1274458	332	0
98	1274458	333	0
98	1274458	334	0
98	1274458	335	0
98	1274458	336	0
98	1274458	337	0
98	1274458	338	0
98	1274458	339	-nan
98	1274458	340	-nan
98	1274458	341	-nan
98	1274458	342	-nan
98	1274458	343	0
98	1274458	344	0
98	1274458	345	-nan
98	1274458	346	0
98	1274458	347	-nan
98	1274458	348	-nan
98	1274458	349	0
98	1274458	350	-nan
98	1274458	351	0
98	1274458	352	-nan
98	1274458	353	0
98	1274458	354	-nan
98	1274458	355	-nan
98	1274458	356	-nan
98	1274458	357	-nan
98	1274458	358	0
98	1274458	359	0
98	1274458	360	0
98	1274458	361	-nan
98	1274458	362	0
98	1274458	363	-nan
98	1274458	364	0
98	1274458	365	-nan
98	1274458	366	-nan
98	1274458	367	-nan
98	1274458	368	-nan
98	1274458	369	0
98	1274458	370	0
98	1274458	371	0
98	1274458	372	-nan
98	1274458	373	0
98	1274458	374	-nan
98	1274458	375	-nan
98	1274458	376	0
98	1274458	377	0
98	1274458	378	0
98	1274458	379	-nan
98	1274458	380	0
98	1274458	381	0
98	1274458	382	-nan
98	1274458	383	0
98	1274458	384	-nan
98	1274458	385	0
98	1274458	386	0
98	1274458	387	-nan
98	1274458	388	-nan
98	1274458	389	0
98	1274458	390	0
98	1274458	391	-nan
98	1274458	392	0
98	1274458	393	0
98	1274458	394	0
98	1274458	395	0
98	1274458	396	0
98	1274458	397	0
98	1274458	398	-nan
98	1274458	399	-nan
98	1274458	400	0
98	1274458	401	-nan
98	1274458	402	0
98	1274458	403	-nan
98	1274458	404	-nan
98	1274458	405	0
98	1274458	406	0
98	1274458	407	0
98	1274458	408	0
98	1274458	409	0
98	1274458	410	-nan
98	1274458	411	0
98	1274458	412	0
98	1274458	413	0
98	1274458	414	-nan
98	1274458	415	-nan
98	1274458	416	0
98	1274458	417	0
98	1274458	418	-nan
98	1274458	419	0
98	1274458	420	0
98	1274458	421	0
98	1274458	422	-nan
98	1274458	423	-nan
98	1274458	424	-nan
98	1274458	425	0
98	1274458	426	-nan
98	1274458	427	-nan
98	1274458	428	-nan
98	1274458	429	-nan
98	1274458	430	-nan
98	1274458	431	-nan
98	1274458	432	0
98	1274458	433	0
98	1274458	434	0
98	1274458	435	-nan
98	1274458	436	-nan
98	1274458	437	0
98	1274458	438	0
98	1274458	439	0
98	1274458	440	-nan
98	1274458	441	0
98	1274458	442	-nan
98	1274458	443	0
98	1274458	444	-nan
98	1274458	445	0
98	1274458	446	0
98	1274458	447	0
98	1274458	448	-nan
98	1274458	449	0
98	1274458	450	-nan
98	1274458	451	-nan
98	1274458	452	0
98	1274458	453	-nan
98	1274458	454	0
98	1274458	455	-nan
98	1274458	456	-nan
98	1274458	457	0
98	1274458	458	-nan
98	1274458	459	-nan
98	1274458	460	-nan
98	1274458	461	-nan
98	1274458	462	-nan
98	1274458	463	-nan
98	1274458	464	-nan
98	1274458	465	-nan
98	1274458	466	-nan
98	1274458	467	0
98	1274458	468	-nan
98	1274458	469	0
98	1274458	470	0
98	1274458	471	-nan
98	1274458	472	0
98	1274458	473	0
98	1274458	474	0
98	1274458	475	-nan
98	1274458	476	-nan
98	1274458	477	0
98	1274458	478	0
98	1274458	479	0
98	1274458	480	0
98	1274458	481	-nan
98	1274458	482	0
98	1274458	483	-nan
98	1274458	484	0
98	1274458	485	-nan
98	1274458	486	-nan
98	1274458	487	-nan
98	1274458	488	-nan
98	1274458	489	0
98	1274458	490	0
98	1274458	491	0
98	1274458	492	0
98	1274458	493	0
98	1274458	494	-nan
98	1274458	495	0
98	1274458	496	-nan
98	1274458	497	0
98	1274458	498	-nan
98	1274458	499	0
98	1274458	500	-nan
98	1274458	501	0
98	1274458	502	0
98	1274458	503	-nan
98	1274458	504	-nan
98	1274458	505	-nan
98	1274458	506	0
98	1274458	507	0
98	1274458	508	0
98	1274458	509	-nan
98	1274458	510	-nan
98	1274458	511	0
98	1274458	512	-nan
98	1274458	513	-nan
98	1274458	514	0
98	1274458	515	-nan
98	1274458	516	-nan
98	1274458	517	-nan
98	1274458	518	0
98	1274458	519	-nan
98	1274458	520	0
98	1274458	521	-nan
98	1274458	522	0
98	1274458	523	-nan
98	1274458	524	0
98	1274458	525	0
98	1274458	526	-nan
98	1274458	527	-nan
98	1274458	528	0
98	1274458	529	-nan
98	1274458	530	0
98	1274458	531	-nan
98	1274458	532	0
98	1274458	533	-nan
98	1274458	534	-nan
98	1274458	535	-nan
98	1274458	536	-nan
98	1274458	537	0
98	1274458	538	0
98	1274458	539	-nan
98	1274458	540	0
98	1274458	541	-nan
98	1274458	542	0
98	1274458	543	0
98	1274458	544	-nan
98	1274458	545	0
98	1274458	546	-nan
98	1274458	547	-nan
98	1274458	548	-nan
98	1274458	549	-nan
98	1274458	550	-nan
98	1274458	551	0
98	1274458	552	0
98	1274458	553	-nan
98	1274458	554	-nan
98	1274458	555	-nan
98	1274458	556	-nan
98	1274458	557	0
98	1274458	558	0
98	1274458	559	-nan
98	1274458	560	-nan
98	1274458	561	0
98	1274458	562	-nan
98	1274458	563	0
98	1274458	564	0
98	1274458	565	0
98	1274458	566	0
98	1274458	567	0
98	1274458	568	0
98	1274458	569	0
98	1274458	570	0
98	1274458	571	0
98	1274458	572	0
98	1274458	573	0
98	1274458	574	-nan
98	1274458	575	-nan
98	1274458	576	0
98	1274458	577	0
98	1274458	578	0
98	1274458	579	0
98	1274458	580	-nan
98	1274458	581	-nan
98	1274458	582	0
98	1274458	583	-nan
98	1274458	584	-nan
98	1274458	585	0
98	1274458	586	-nan
98	1274458	587	0
98	1274458	588	-nan
98	1274458	589	0
98	1274458	590	-nan
98	1274458	591	-nan
98	1274458	592	0
98	1274458	593	-nan
98	1274458	594	-nan
98	1274458	595	-nan
98	1274458	596	-nan
98	1274458	597	-nan
98	1274458	598	0
98	1274458	599	-nan
98	1274458	600	0
98	1274458	601	-nan
98	1274458	602	-nan
98	1274458	603	0
98	1274458	604	0
98	1274458	605	0
98	1274458	606	0
98	1274458	607	-nan
98	1274458	608	-nan
98	1274458	609	0
98	1274458	610	-nan
98	1274458	611	0
98	1274458	612	0
98	1274458	613	0
98	1274458	614	0
98	1274458	615	-nan
98	1274458	616	-nan
98	1274458	617	0
98	1274458	618	-nan
98	1274458	619	-nan
98	1274458	620	0
98	1274458	621	0
98	1274458	622	0
98	1274458	623	-nan
98	1274458	624	-nan
98	1274458	625	-nan
98	1274458	626	0
98	1274458	627	0
98	1274458	628	-nan
98	1274458	629	0
98	1274458	630	-nan
98	1274458	631	-nan
98	1274458	632	-nan
98	1274458	633	0
98	1274458	634	0
98	1274458	635	-nan
98	1274458	636	0
98	1274458	637	-nan
98	1274458	638	0
98	1274458	639	-nan
98	1274458	640	-nan
98	1274458	641	0
98	1274458	642	-nan
98	1274458	643	-nan
98	1274458	644	-nan
98	1274458	645	-nan
98	1274458	646	-nan
98	1274458	647	0
98	1274458	648	0
98	1274458	649	0
98	1274458	650	0
98	1274458	651	0
98	1274458	652	0
98	1274458	653	0
98	1274458	654	0
98	1274458	655	-nan
98	1274458	656	-nan
98	1274458	657	-nan
98	1274458	658	-nan
98	1274458	659	0
98	1274458	660	0
98	1274458	661	0
98	1274458	662	0
98	1274458	663	-nan
98	1274458	664	0
98	1274458	665	-nan
98	1274458	666	-nan
98	1274458	667	0
98	1274458	668	0
98	1274458	669	0
98	1274458	670	-nan
98	1274458	671	0
98	1274458	672	0
98	1274458	673	0
98	1274458	674	-nan
98	1274458	675	0
98	1274458	676	0
98	1274458	677	0
98	1274458	678	0
98	1274458	679	0
98	1274458	680	-nan
98	1274458	681	-nan
98	1274458	682	0
98	1274458	683	-nan
98	1274458	684	-nan
98	1274458	685	-nan
98	1274458	686	0
98	1274458	687	-nan
98	1274458	688	0
98	1274458	689	-nan
98	1274458	690	0
98	1274458	691	-nan
98	1274458	692	0
98	1274458	693	0
98	1274458	694	-nan
98	1274458	695	0
98	1274458	696	-nan
98	1274458	697	-nan
98	1274458	698	-nan
98	1274458	699	0
98	1274458	700	-nan
98	1274458	701	0
98	1274458	702	-nan
98	1274458	703	0
98	1274458	704	0
98	1274458	705	-nan
98	1274458	706	0
98	1274458	707	0
98	1274458	708	-nan
98	1274458	709	0
98	1274458	710	0
98	1274458	711	0
98	1274458	712	0
98	1274458	713	0
98	1274458	714	-nan
98	1274458	715	-nan
98	1274458	716	0
98	1274458	717	0
98	1274458	718	0
98	1274458	719	0
98	1274458	720	-nan
98	1274458	721	0
98	1274458	722	-nan
98	1274458	723	-nan
98	1274458	724	0
98	1274458	725	-nan
98	1274458	726	0
98	1274458	727	-nan
98	1274458	728	0
98	1274458	729	0
98	1274458	730	-nan
98	1274458	731	0
98	1274458	732	0
98	1274458	733	-nan
98	1274458	734	0
98	1274458	735	-nan
98	1274458	736	-nan
98	1274458	737	-nan
98	1274458	738	-nan
98	1274458	739	0
98	1274458	740	-nan
98	1274458	741	-nan
98	1274458	742	0
98	1274458	743	-nan
98	1274458	744	-nan
98	1274458	745	-nan
98	1274458	746	0
98	1274458	747	-nan
98	1274458	748	0
98	1274458	749	-nan
98	1274458	750	-nan
vector 99  simple_scenario_cache_at_border_network.node[3].content_store  hit_node[3]  ETV
99	1274458	1	-nan
99	1274458	2	-nan
99	1274458	3	-nan
99	1274458	4	0
99	1274458	5	-nan
99	1274458	6	-nan
99	1274458	7	-nan
99	1274458	8	-nan
99	1274458	9	-nan
99	1274458	10	-nan
99	1274458	11	-nan
99	1274458	12	0
99	1274458	13	0
99	1274458	14	-nan
99	1274458	15	0
99	1274458	16	0
99	1274458	17	0
99	1274458	18	0
99	1274458	19	0
99	1274458	20	-nan
99	1274458	21	0
99	1274458	22	-nan
99	1274458	23	-nan
99	1274458	24	0
99	1274458	25	0
99	1274458	26	-nan
99	1274458	27	-nan
99	1274458	28	-nan
99	1274458	29	-nan
99	1274458	30	0
99	1274458	31	-nan
99	1274458	32	0
99	1274458	33	-nan
99	1274458	34	0
99	1274458	35	-nan
99	1274458	36	-nan
99	1274458	37	0
99	1274458	38	-nan
99	1274458	39	-nan
99	1274458	40	0
99	1274458	41	0
99	1274458	42	-nan
99	1274458	43	0
99	1274458	44	-nan
99	1274458	45	-nan
99	1274458	46	-nan
99	1274458	47	-nan
99	1274458	48	-nan
99	1274458	49	0
99	1274458	50	-nan
99	1274458	51	0
99	1274458	52	-nan
99	1274458	53	-nan
99	1274458	54	-nan
99	1274458	55	-nan
99	1274458	56	0
99	1274458	57	-nan
99	1274458	58	0
99	1274458	59	0
99	1274458	60	-nan
99	1274458	61	-nan
99	1274458	62	0
99	1274458	63	-nan
99	1274458	64	0
99	1274458	65	-nan
99	1274458	66	0
99	1274458	67	0
99	1274458	68	0
99	1274458	69	0
99	1274458	70	0
99	1274458	71	-nan
99	1274458	72	-nan
99	1274458	73	0
99	1274458	74	0
99	1274458	75	0
99	1274458	76	-nan
99	1274458	77	-nan
99	1274458	78	0
99	1274458	79	-nan
99	1274458	80	0
99	1274458	81	0
99	1274458	82	-nan
99	1274458	83	0
99	1274458	84	-nan
99	1274458	85	-nan
99	1274458	86	-nan
99	1274458	87	-nan
99	1274458	88	-nan
99	1274458	89	-nan
99	1274458	90	0
99	1274458	91	-nan
99	1274458	92	-nan
99	1274458	93	0
99	1274458	94	0
99	1274458	95	-nan
99	1274458	96	0
99	1274458	97	0
99	1274458	98	-nan
99	1274458	99	-nan
99	1274458	100	0
99	1274458	101	-nan
99	1274458	102	0
99	1274458	103	0
99	1274458	104	-nan
99	1274458	105	0
99	1274458	106	0
99	1274458	107	0
99	1274458	108	-nan
99	1274458	109	-nan
99	1274458	110	0
99	1274458	111	-nan
99	1274458	112	0
99	1274458	113	0
99	1274458	114	0
99	1274458	115	0
99	1274458	116	0
99	1274458	117	-nan
99	1274458	118	0
99	1274458	119	-nan
99	1274458	120	0
99	1274458	121	-nan
99	1274458	122	-nan
99	1274458	123	-nan
99	1274458	124	-nan
99	1274458	125	-nan
99	1274458	126	0
99	1274458	127	-nan
99	1274458	128	-nan
99	1274458	129	-nan
99	1274458	130	-nan
99	1274458	131	0
99	1274458	132	-nan
99	1274458	133	-nan
99	1274458	134	0
99	1274458	135	0
99	1274458	136	-nan
99	1274458	137	0
99	1274458	138	0
99	1274458	139	0
99	1274458	140	0
99	1274458	141	-nan
99	1274458	142	-nan
99	1274458	143	0
99	1274458	144	0
99	1274458	145	-nan
99	1274458	146	0
99	1274458	147	-nan
99	1274458	148	-nan
99	1274458	149	-nan
99	1274458	150	-nan
99	1274458	151	0
99	1274458	152	0
99	1274458	153	0
99	1274458	154	-nan
99	1274458	155	0
99	1274458	156	-nan
99	1274458	157	-nan
99	1274458	158	-nan
99	1274458	159	0
99	1274458	160	-nan
99	1274458	161	0
99	1274458	162	0
99	1274458	163	-nan
99	1274458	164	0
99	1274458	165	-nan
99	1274458	166	-nan
99	1274458	167	0
99	1274458	168	0
99	1274458	169	-nan
99	1274458	170	0
99	1274458	171	-nan
99	1274458	172	0
99	1274458	173	-nan
99	1274458	174	0
99	1274458	175	-nan
99	1274458	176	0
99	1274458	177	-nan
99	1274458	178	0
99	1274458	179	0
99	1274458	180	0
99	1274458	181	-nan
99	1274458	182	0
99	1274458	183	-nan
99	1274458	184	0
99	1274458	185	-nan
99	1274458	186	0
99	1274458	187	0
99	1274458	188	0
99	1274458	189	0
99	1274458	190	0
99	1274458	191	-nan
99	1274458	192	0
99	1274458	193	0
99	1274458	194	-nan
99	1274458	195	0
99	1274458	196	0
99	1274458	197	0
99	1274458	198	-nan
99	1274458	199	0
99	1274458	200	0
99	1274458	201	-nan
99	1274458	202	0
99	1274458	203	-nan
99	1274458	204	0
99	1274458	205	0
99	1274458	206	-nan
99	1274458	207	-nan
99	1274458	208	0
99	1274458	209	0
99	1274458	210	0
99	1274458	211	-nan
99	1274458	212	-nan
99	1274458	213	0
99	1274458	214	0
99	1274458	215	0
99	1274458	216	0
99	1274458	217	0
99	1274458	218	-nan
99	1274458	219	0
99	1274458	220	-nan
99	1274458	221	0
99	1274458	222	0
99	1274458	223	0
99	1274458	224	-nan
99	1274458	225	-nan
99	1274458	226	-nan
99	1274458	227	0
99	1274458	228	0
99	1274458	229	-nan
99	1274458	230	-nan
99	1274458	231	-nan
99	1274458	232	-nan
99	1274458	233	0
99	1274458	234	0
99	1274458	235	0
99	1274458	236	-nan
99	1274458	237	-nan
99	1274458	238	0
99	1274458	239	-nan
99	1274458	240	0
99	1274458	241	0
99	1274458	242	-nan
99	1274458	243	0
99	1274458	244	-nan
99	1274458	245	-nan
99	1274458	246	-nan
99	1274458	247	-nan
99	1274458	248	0
99	1274458	249	0
99	1274458	250	0
99	1274458	251	-nan
99	1274458	252	-nan
99	1274458	253	-nan
99	1274458	254	0
99	1274458	255	-nan
99	1274458	256	-nan
99	1274458	257	-nan
99	1274458	258	-nan
99	1274458	259	0
99	1274458	260	0
99	1274458	261	-nan
99	1274458	262	-nan
99	1274458	263	0
99	1274458	264	0
99	1274458	265	0
99	1274458	266	-nan
99	1274458	267	-nan
99	1274458	268	0
99	1274458	269	-nan
99	1274458	270	-nan
99	1274458	271	-nan
99	1274458	272	-nan
99	1274458	273	-nan
99	1274458	274	0
99	1274458	275	0
99	1274458	276	0
99	1274458	277	-nan
99	1274458	278	0
99	1274458	279	-nan
99	1274458	280	0
99	1274458	281	-nan
99	1274458	282	-nan
99	1274458	283	0
99	1274458	284	0
99	1274458	285	0
99	1274458	286	-nan
99	1274458	287	0
99	1274458	288	0
99	1274458	289	-nan
99	1274458	290	-nan
99	1274458	291	-nan
99	1274458	292	-nan
99	1274458	293	0
99	1274458	294	-nan
99	1274458	295	0
99	1274458	296	0
99	1274458	297	0
99	1274458	298	0
99	1274458	299	-nan
99	1274458	300	-nan
99	1274458	301	-nan
99	1274458	302	0
99	1274458	303	-nan
99	1274458	304	0
99	1274458	305	0
99	1274458	306	-nan
99	1274458	307	-nan
99	1274458	308	-nan
99	1274458	309	-nan
99	1274458	310	-nan
99	1274458	311	-nan
99	1274458	312	0
99	1274458	313	0
99	1274458	314	-nan
99	1274458	315	-nan
99	1274458	316	-nan
99	1274458	317	-nan
99	1274458	318	-nan
99	1274458	319	-nan
99	1274458	320	-nan
99	1274458	321	-nan
99	1274458	322	-nan
99	1274458	323	-nan
99	1274458	324	0
99	1274458	325	0
99	1274458	326	0
99	1274458	327	0
99	1274458	328	-nan
99	1274458	329	-nan
99	1274458	330	-nan
99	1274458	331	0
99	1274458	332	-nan
99	1274458	333	-nan
99	1274458	334	-nan
99	1274458	335	-nan
99	1274458	336	-nan
99	1274458	337	-nan
99	1274458	338	-nan
99	1274458	339	0
99	1274458	340	0
99	1274458	341	0
99	1274458	342	0
99	1274458	343	-nan
99	1274458	344	-nan
99	1274458	345	0
99	1274458	346	-nan
99	1274458	347	0
99	1274458	348	0
99	1274458	349	-nan
99	1274458	350	0
99	1274458	351	-nan
99	1274458	352	0
99	1274458	353	-nan
99	1274458	354	0
99	1274458	355	0
99	1274458	356	0
99	1274458	357	0
99	1274458	358	-nan
99	1274458	359	-nan
99	1274458	360	-nan
99	1274458	361	0
99	1274458	362	-nan
99	1274458	363	0
99	1274458	364	-nan
99	1274458	365	0
99	1274458	366	0
99	1274458	367	0
99	1274458	368	0
99	1274458	369	-nan
99	1274458	370	-nan
99	1274458	371	-nan
99	1274458	372	0
99	1274458	373	-nan
99	1274458	374	0
99	1274458	375	0
99	1274458	376	-nan
99	1274458	377	-nan
99	1274458	378	-nan
99	1274458	379	0
99	1274458	380	-nan
99	1274458	381	-nan
99	1274458	382	0
99	1274458	383	-nan
99	1274458	384	0
99	1274458	385	-nan
99	1274458	386	-nan
99	1274458	387	0
99	1274458	388	0
99	1274458	389	-nan
99	1274458	390	-nan
99	1274458	391	0
99	1274458	392	-nan
99	1274458	393	-nan
99	1274458	394	-nan
99	1274458	395	-nan
99	1274458	396	-nan
99	1274458	397	-nan
99	1274458	398	0
99	1274458	399	0
99	1274458	400	-nan
99	1274458	401	0
99	1274458	402	-nan
99	1274458	403	0
99	1274458	404	0
99	1274458	405	-nan
99	1274458	406	-nan
99	1274458	407	-nan
99	1274458	408	-nan
99	1274458	409	-nan
99	1274458	410	0
99	1274458	411	-nan
99	1274458	412	-nan
99	1274458	413	-nan
99	1274458	414	0
99	1274458	415	0
99	1274458	416	-nan
99	1274458	417	-nan
99	1274458	418	0
99	1274458	419	-nan
99	1274458	420	-nan
99	1274458	421	-nan
99	1274458	422	0
99	1274458	423	0
99	1274458	424	0
99	1274458	425	-nan
99	1274458	426	0
99	1274458	427	0
99	1274458	428	0
99	1274458	429	0
99	1274458	430	0
99	1274458	431	0
99	1274458	432	-nan
99	1274458	433	-nan
99	1274458	434	-nan
99	1274458	435	0
99	1274458	436	0
99	1274458	437	-nan
99	1274458	438	-nan
99	1274458	439	-nan
99	1274458	440	0
99	1274458	441	-nan
99	1274458	442	0
99	1274458	443	-nan
99	1274458	444	0
99	1274458	445	-nan
99	1274458	446	-nan
99	1274458	447	-nan
99	1274458	448	0
99	1274458	449	-nan
99	1274458	450	0
99	1274458	451	0
99	1274458	452	-nan
99	1274458	453	0
99	1274458	454	-nan
99	1274458	455	0
99	1274458	456	0
99	1274458	457	-nan
99	1274458	458	0
99	1274458	459	0
99	1274458	460	0
99	1274458	461	0
99	1274458	462	0
99	1274458	463	0
99	1274458	464	0
99	1274458	465	0
99	1274458	466	0
99	1274458	467	-nan
99	1274458	468	0
99	1274458	469	-nan
99	1274458	470	-nan
99	1274458	471	0
99	1274458	472	-nan
99	1274458	473	-nan
99	1274458	474	-nan
99	1274458	475	0
99	1274458	476	0
99	1274458	477	-nan
99	1274458	478	-nan
99	1274458	479	-nan
99	1274458	480	-nan
99	1274458	481	0
99	1274458	482	-nan
99	1274458	483	0
99	1274458	484	-nan
99	1274458	485	0
99	1274458	486	0
99	1274458	487	0
99	1274458	488	0
99	1274458	489	-nan
99	1274458	490	-nan
99	1274458	491	-nan
99	1274458	492	-nan
99	1274458	493	-nan
99	1274458	494	0
99	1274458	495	-nan
99	1274458	496	0
99	1274458	497	-nan
99	1274458	498	0
99	1274458	499	-nan
99	1274458	500	0
99	1274458	501	-nan
99	1274458	502	-nan
99	1274458	503	0
99	1274458	504	0
99	1274458	505	0
99	1274458	506	-nan
99	1274458	507	-nan
99	1274458	508	-nan
99	1274458	509	0
99	1274458	510	0
99	1274458	511	-nan
99	1274458	512	0
99	1274458	513	0
99	1274458	514	-nan
99	1274458	515	0
99	1274458	516	0
99	1274458	517	0
99	1274458	518	-nan
99	1274458	519	0
99	1274458	520	-nan
99	1274458	521	0
99	1274458	522	-nan
99	1274458	523	0
99	1274458	524	-nan
99	1274458	525	-nan
99	1274458	526	0
99	1274458	527	0
99	1274458	528	-nan
99	1274458	529	0
99	1274458	530	-nan
99	1274458	531	0
99	1274458	532	-nan
99	1274458	533	0
99	1274458	534	0
99	1274458	535	0
99	1274458	536	0
99	1274458	537	-nan
99	1274458	538	-nan
99	1274458	539	0
99	1274458	540	-nan
99	1274458	541	0
99	1274458	542	-nan
99	1274458	543	-nan
99	1274458	544	0
99	1274458	545	-nan
99	1274458	546	0
99	1274458	547	0
99	1274458	548	0
99	1274458	549	0
99	1274458	550	0
99	1274458	551	-nan
99	1274458	552	-nan
99	1274458	553	0
99	1274458	554	0
99	1274458	555	0
99	1274458	556	0
99	1274458	557	-nan
99	1274458	558	-nan
99	1274458	559	0
99	1274458	560	0
99	1274458	561	-nan
99	1274458	562	0
99	1274458	563	-nan
99	1274458	564	-nan
99	1274458	565	-nan
99	1274458	566	-nan
99	1274458	567	-nan
99	1274458	568	-nan
99	1274458	569	-nan
99	1274458	570	-nan
99	1274458	571	-nan
99	1274458	572	-nan
99	1274458	573	-nan
99	1274458	574	0
99	1274458	575	0
99	1274458	576	-nan
99	1274458	577	-nan
99	1274458	578	-nan
99	1274458	579	-nan
99	1274458	580	0
99	1274458	581	0
99	1274458	582	-nan
99	1274458	583	0
99	1274458	584	0
99	1274458	585	-nan
99	1274458	586	0
99	1274458	587	-nan
99	1274458	588	0
99	1274458	589	-nan
99	1274458	590	0
99	1274458	591	0
99	1274458	592	-nan
99	1274458	593	0
99	1274458	594	0
99	1274458	595	0
99	1274458	596	0
99	1274458	597	0
99	1274458	598	-nan
99	1274458	599	0
99	1274458	600	-nan
99	1274458	601	0
99	1274458	602	0
99	1274458	603	-nan
99	1274458	604	-nan
99	1274458	605	-nan
99	1274458	606	-nan
99	1274458	607	0
99	1274458	608	0
99	1274458	609	-nan
99	1274458	610	0
99	1274458	611	-nan
99	1274458	612	-nan
99	1274458	613	-nan
99	1274458	614	-nan
99	1274458	615	0
99	1274458	616	0
99	1274458	617	-nan
99	1274458	618	0
99	1274458	619	0
99	1274458	620	-nan
99	1274458	621	-nan
99	1274458	622	-nan
99	1274458	623	0
99	1274458	624	0
99	1274458	625	0
99	1274458	626	-nan
99	1274458	627	-nan
99	1274458	628	0
99	1274458	629	-nan
99	1274458	630	0
99	1274458	631	0
99	1274458	632	0
99	1274458	633	-nan
99	1274458	634	-nan
99	1274458	635	0
99	1274458	636	-nan
99	1274458	637	0
99	1274458	638	-nan
99	1274458	639	0
99	1274458	640	0
99	1274458	641	-nan
99	1274458	642	0
99	1274458	643	0
99	1274458	644	0
99	1274458	645	0
99	1274458	646	0
99	1274458	647	-nan
99	1274458	648	-nan
99	1274458	649	-nan
99	1274458	650	-nan
99	1274458	651	-nan
99	1274458	652	-nan
99	1274458	653	-nan
99	1274458	654	-nan
99	1274458	655	0
99	1274458	656	0
99	1274458	657	0
99	1274458	658	0
99	1274458	659	-nan
99	1274458	660	-nan
99	1274458	661	-nan
99	1274458	662	-nan
99	1274458	663	0
99	1274458	664	-nan
99	1274458	665	0
99	1274458	666	0
99	1274458	667	-nan
99	1274458	668	-nan
99	1274458	669	-nan
99	1274458	670	0
99	1274458	671	-nan
99	1274458	672	-nan
99	1274458	673	-nan
99	1274458	674	0
99	1274458	675	-nan
99	1274458	676	-nan
99	1274458	677	-nan
99	1274458	678	-nan
99	1274458	679	-nan
99	1274458	680	0
99	1274458	681	0
99	1274458	682	-nan
99	1274458	683	0
99	1274458	684	0
99	1274458	685	0
99	1274458	686	-nan
99	1274458	687	0
99	1274458	688	-nan
99	1274458	689	0
99	1274458	690	-nan
99	1274458	691	0
99	1274458	692	-nan
99	1274458	693	-nan
99	1274458	694	0
99	1274458	695	-nan
99	1274458	696	0
99	1274458	697	0
99	1274458	698	0
99	1274458	699	-nan
99	1274458	700	0
99	1274458	701	-nan
99	1274458	702	0
99	1274458	703	-nan
99	1274458	704	-nan
99	1274458	705	0
99	1274458	706	-nan
99	1274458	707	-nan
99	1274458	708	0
99	1274458	709	-nan
99	1274458	710	-nan
99	1274458	711	-nan
99	1274458	712	-nan
99	1274458	713	-nan
99	1274458	714	0
99	1274458	715	0
99	1274458	716	-nan
99	1274458	717	-nan
99	1274458	718	-nan
99	1274458	719	-nan
99	1274458	720	0
99	1274458	721	-nan
99	1274458	722	0
99	1274458	723	0
99	1274458	724	-nan
99	1274458	725	0
99	1274458	726	-nan
99	1274458	727	0
99	1274458	728	-nan
99	1274458	729	-nan
99	1274458	730	0
99	1274458	731	-nan
99	1274458	732	-nan
99	1274458	733	0
99	1274458	734	-nan
99	1274458	735	0
99	1274458	736	0
99	1274458	737	0
99	1274458	738	0
99	1274458	739	-nan
99	1274458	740	0
99	1274458	741	0
99	1274458	742	-nan
99	1274458	743	0
99	1274458	744	0
99	1274458	745	0
99	1274458	746	-nan
99	1274458	747	0
99	1274458	748	-nan
99	1274458	749	0
99	1274458	750	0
vector 100  simple_scenario_cache_at_border_network.node[4].content_store  hit_node[4]  ETV
100	1274458	1	-nan
100	1274458	2	0
100	1274458	3	0
100	1274458	4	-nan
100	1274458	5	0
100	1274458	6	0
100	1274458	7	0
100	1274458	8	0
100	1274458	9	0
100	1274458	10	0
100	1274458	11	0
100	1274458	12	-nan
100	1274458	13	-nan
100	1274458	14	0
100	1274458	15	-nan
100	1274458	16	-nan
100	1274458	17	-nan
100	1274458	18	-nan
100	1274458	19	-nan
100	1274458	20	0
100	1274458	21	-nan
100	1274458	22	0
100	1274458	23	0
100	1274458	24	-nan
100	1274458	25	-nan
100	1274458	26	0
100	1274458	27	0
100	1274458	28	0
100	1274458	29	0
100	1274458	30	-nan
100	1274458	31	0
100	1274458	32	-nan
100	1274458	33	0
100	1274458	34	-nan
100	1274458	35	0
100	1274458	36	0
100	1274458	37	-nan
100	1274458	38	0
100	1274458	39	0
100	1274458	40	-nan
100	1274458	41	-nan
100	1274458	42	0
100	1274458	43	-nan
100	1274458	44	0
100	1274458	45	0
100	1274458	46	0
100	1274458	47	0
100	1274458	48	0
100	1274458	49	-nan
100	1274458	50	0
100	1274458	51	-nan
100	1274458	52	0
100	1274458	53	0
100	1274458	54	0
100	1274458	55	0
100	1274458	56	-nan
100	1274458	57	0
100	1274458	58	-nan
100	1274458	59	-nan
100	1274458	60	0
100	1274458	61	0
100	1274458	62	-nan
100	1274458	63	0
100	1274458	64	-nan
100	1274458	65	0
100	1274458	66	-nan
100	1274458	67	-nan
100	1274458	68	-nan
100	1274458	69	-nan
100	1274458	70	-nan
100	1274458	71	0
100	1274458	72	0
100	1274458	73	-nan
100	1274458	74	-nan
100	1274458	75	-nan
100	1274458	76	0
100	1274458	77	0
100	1274458	78	-nan
100	1274458	79	0
100	1274458	80	-nan
100	1274458	81	-nan
100	1274458	82	0
100	1274458	83	-nan
100	1274458	84	0
100	1274458	85	0
100	1274458	86	0
100	1274458	87	0
100	1274458	88	0
100	1274458	89	0
100	1274458	90	-nan
100	1274458	91	0
100	1274458	92	0
100	1274458	93	-nan
100	1274458	94	-nan
100	1274458	95	0
100	1274458	96	-nan
100	1274458	97	-nan
100	1274458	98	0
100	1274458	99	0
100	1274458	100	-nan
100	1274458	101	0
100	1274458	102	-nan
100	1274458	103	-nan
100	1274458	104	0
100	1274458	105	-nan
100	1274458	106	-nan
100	1274458	107	-nan
100	1274458	108	0
100	1274458	109	0
100	1274458	110	-nan
100	1274458	111	0
100	1274458	112	-nan
100	1274458	113	-nan
100	1274458	114	-nan
100	1274458	115	-nan
100	1274458	116	-nan
100	1274458	117	0
100	1274458	118	-nan
100	1274458	119	0
100	1274458	120	-nan
100	1274458	121	0
100	1274458	122	0
100	1274458	123	0
100	1274458	124	0
100	1274458	125	0
100	1274458	126	-nan
100	1274458	127	0
100	1274458	128	0
100	1274458	129	0
100	1274458	130	0
100	1274458	131	-nan
100	1274458	132	0
100	1274458	133	0
100	1274458	134	-nan
100	1274458	135	-nan
100	1274458	136	0
100	1274458	137	-nan
100	1274458	138	-nan
100	1274458	139	-nan
100	1274458	140	-nan
100	1274458	141	0
100	1274458	142	0
100	1274458	143	-nan
100	1274458	144	-nan
100	1274458	145	0
100	1274458	146	-nan
100	1274458	147	0
100	1274458	148	0
100	1274458	149	0
100	1274458	150	0
100	1274458	151	-nan
100	1274458	152	-nan
100	1274458	153	-nan
100	1274458	154	0
100	1274458	155	-nan
100	1274458	156	0
100	1274458	157	0
100	1274458	158	0
100	1274458	159	-nan
100	1274458	160	0
100	1274458	161	-nan
100	1274458	162	-nan
100	1274458	163	0
100	1274458	164	-nan
100	1274458	165	0
100	1274458	166	0
100	1274458	167	-nan
100	1274458	168	-nan
100	1274458	169	0
100	1274458	170	-nan
100	1274458	171	0
100	1274458	172	-nan
100	1274458	173	0
100	1274458	174	-nan
100	1274458	175	0
100	1274458	176	-nan
100	1274458	177	0
100	1274458	178	-nan
100	1274458	179	-nan
100	1274458	180	-nan
100	1274458	181	0
100	1274458	182	-nan
100	1274458	183	0
100	1274458	184	-nan
100	1274458	185	0
100	1274458	186	-nan
100	1274458	187	-nan
100	1274458	188	-nan
100	1274458	189	-nan
100	1274458	190	-nan
100	1274458	191	0
100	1274458	192	-nan
100	1274458	193	-nan
100	1274458	194	0
100	1274458	195	-nan
100	1274458	196	-nan
100	1274458	197	-nan
100	1274458	198	0
100	1274458	199	-nan
100	1274458	200	-nan
100	1274458	201	0
100	1274458	202	-nan
100	1274458	203	0
100	1274458	204	-nan
100	1274458	205	-nan
100	1274458	206	0
100	1274458	207	0
100	1274458	208	-nan
100	1274458	209	-nan
100	1274458	210	-nan
100	1274458	211	0
100	1274458	212	0
100	1274458	213	-nan
100	1274458	214	-nan
100	1274458	215	-nan
100	1274458	216	-nan
100	1274458	217	-nan
100	1274458	218	0
100	1274458	219	-nan
100	1274458	220	0
100	1274458	221	-nan
100	1274458	222	-nan
100	1274458	223	-nan
100	1274458	224	0
100	1274458	225	0
100	1274458	226	0
100	1274458	227	-nan
100	1274458	228	-nan
100	1274458	229	0
100	1274458	230	0
100	1274458	231	0
100	1274458	232	0
100	1274458	233	-nan
100	1274458	234	-nan
100	1274458	235	-nan
100	1274458	236	0
100	1274458	237	0
100	1274458	238	-nan
100	1274458	239	0
100	1274458	240	-nan
100	1274458	241	-nan
100	1274458	242	0
100	1274458	243	-nan
100	1274458	244	0
100	1274458	245	0
100	1274458	246	0
100	1274458	247	0
100	1274458	248	-nan
100	1274458	249	-nan
100	1274458	250	-nan
100	1274458	251	0
100	1274458	252	0
100	1274458	253	0
100	1274458	254	-nan
100	1274458	255	0
100	1274458	256	0
100	1274458	257	0
100	1274458	258	0
100	1274458	259	-nan
100	1274458	260	-nan
100	1274458	261	0
100	1274458	262	0
100	1274458	263	-nan
100	1274458	264	-nan
100	1274458	265	-nan
100	1274458	266	0
100	1274458	267	0
100	1274458	268	-nan
100	1274458	269	0
100	1274458	270	0
100	1274458	271	0
100	1274458	272	0
100	1274458	273	0
100	1274458	274	-nan
100	1274458	275	-nan
100	1274458	276	-nan
100	1274458	277	0
100	1274458	278	-nan
100	1274458	279	0
100	1274458	280	-nan
100	1274458	281	0
100	1274458	282	0
100	1274458	283	-nan
100	1274458	284	-nan
100	1274458	285	-nan
100	1274458	286	0
100	1274458	287	-nan
100	1274458	288	-nan
100	1274458	289	0
100	1274458	290	0
100	1274458	291	0
100	1274458	292	0
100	1274458	293	-nan
100	1274458	294	0
100	1274458	295	-nan
100	1274458	296	-nan
100	1274458	297	-nan
100	1274458	298	-nan
100	1274458	299	0
100	1274458	300	0
100	1274458	301	0
100	1274458	302	-nan
100	1274458	303	0
100	1274458	304	-nan
100	1274458	305	-nan
100	1274458	306	0
100	1274458	307	0
100	1274458	308	0
100	1274458	309	0
100	1274458	310	0
100	1274458	311	0
100	1274458	312	-nan
100	1274458	313	-nan
100	1274458	314	0
100	1274458	315	0
100	1274458	316	0
100	1274458	317	0
100	1274458	318	0
100	1274458	319	0
100	1274458	320	0
100	1274458	321	0
100	1274458	322	0
100	1274458	323	0
100	1274458	324	-nan
100	1274458	325	-nan
100	1274458	326	-nan
100	1274458	327	-nan
100	1274458	328	0
100	1274458	329	0
100	1274458	330	0
100	1274458	331	-nan
100	1274458	332	0
100	1274458	333	0
100	1274458	334	0
100	1274458	335	0
100	1274458	336	0
100	1274458	337	0
100	1274458	338	0
100	1274458	339	-nan
100	1274458	340	-nan
100	1274458	341	-nan
100	1274458	342	-nan
100	1274458	343	0
100	1274458	344	0
100	1274458	345	-nan
100	1274458	346	0
100	1274458	347	-nan
100	1274458	348	-nan
100	1274458	349	0
100	1274458	350	-nan
100	1274458	351	0
100	1274458	352	-nan
100	1274458	353	0
100	1274458	354	-nan
100	1274458	355	-nan
100	1274458	356	-nan
100	1274458	357	-nan
100	1274458	358	0
100	1274458	359	0
100	1274458	360	0
100	1274458	361	-nan
100	1274458	362	0
100	1274458	363	-nan
100	1274458	364	0
100	1274458	365	-nan
100	1274458	366	-nan
100	1274458	367	-nan
100	1274458	368	-nan
100	1274458	369	0
100	1274458	370	0
100	1274458	371	0
100	1274458	372	-nan
100	1274458	373	0
100	1274458	374	-nan
100	1274458	375	-nan
100	1274458	376	0
100	1274458	377	0
100	1274458	378	0
100	1274458	379	-nan
100	1274458	380	0
100	1274458	381	0
100	1274458	382	-nan
100	1274458	383	0
100	1274458	384	-nan
100	1274458	385	0
100	1274458	386	0
100	1274458	387	-nan
100	1274458	388	-nan
100	1274458	389	0
100	1274458	390	0
100	1274458	391	-nan
100	1274458	392	0
100	1274458	393	0
100	1274458	394	0
100	1274458	395	0
100	1274458	396	0
100	1274458	397	0
100	1274458	398	-nan
100	1274458	399	-nan
100	1274458	400	0
100	1274458	401	-nan
100	1274458	402	0
100	1274458	403	-nan
100	1274458	404	-nan
100	1274458	405	0
100	1274458	406	0
100	1274458	407	0
100	1274458	408	0
100	1274458	409	0
100	1274458	410	-nan
100	1274458	411	0
100	1274458	412	0
100	1274458	413	0
100	1274458	414	-nan
100	1274458	415	-nan
100	1274458	416	0
100	1274458	417	0
100	1274458	418	-nan
100	1274458	419	0
100	1274458	420	0
100	1274458	421	0
100	1274458	422	-nan
100	1274458	423	-nan
100	1274458	424	-nan
100	1274458	425	0
100	1274458	426	-nan
100	1274458	427	-nan
100	1274458	428	-nan
100	1274458	429	-nan
100	1274458	430	-nan
100	1274458	431	-nan
100	1274458	432	0
100	1274458	433	0
100	1274458	434	0
100	1274458	435	-nan
100	1274458	436	-nan
100	1274458	437	0
100	1274458	438	0
100	1274458	439	0
100	1274458	440	-nan
100	1274458	441	0
100	1274458	442	-nan
100	1274458	443	0
100	1274458	444	-nan
100	1274458	445	0
100	1274458	446	0
100	1274458	447	0
100	1274458	448	-nan
100	1274458	449	0
100	1274458	450	-nan
100	1274458	451	-nan
100	1274458	452	0
100	1274458	453	-nan
100	1274458	454	0
100	1274458	455	-nan
100	1274458	456	-nan
100	1274458	457	0
100	1274458	458	-nan
100	1274458	459	-nan
100	1274458	460	-nan
100	1274458	461	-nan
100	1274458	462	-nan
100	1274458	463	-nan
100	1274458	464	-nan
100	1274458	465	-nan
100	1274458	466	-nan
100	1274458	467	0
100	1274458	468	-nan
100	1274458	469	0
100	1274458	470	0
100	1274458	471	-nan
100	1274458	472	0
100	1274458	473	0
100	1274458	474	0
100	1274458	475	-nan
100	1274458	476	-nan
100	1274458	477	0
100	1274458	478	0
100	1274458	479	0
100	1274458	480	0
100	1274458	481	-nan
100	1274458	482	0
100	1274458	483	-nan
100	1274458	484	0
100	1274458	485	-nan
100	1274458	486	-nan
100	1274458	487	-nan
100	1274458	488	-nan
100	1274458	489	0
100	1274458	490	0
100	1274458	491	0
100	1274458	492	0
100	1274458	493	0
100	1274458	494	-nan
100	1274458	495	0
100	1274458	496	-nan
100	1274458	497	0
100	1274458	498	-nan
100	1274458	499	0
100	1274458	500	-nan
100	1274458	501	0
100	1274458	502	0
100	1274458	503	-nan
100	1274458	504	-nan
100	1274458	505	-nan
100	1274458	506	0
100	1274458	507	0
100	1274458	508	0
100	1274458	509	-nan
100	1274458	510	-nan
100	1274458	511	0
100	1274458	512	-nan
100	1274458	513	-nan
100	1274458	514	0
100	1274458	515	-nan
100	1274458	516	-nan
100	1274458	517	-nan
100	1274458	518	0
100	1274458	519	-nan
100	1274458	520	0
100	1274458	521	-nan
100	1274458	522	0
100	1274458	523	-nan
100	1274458	524	0
100	1274458	525	0
100	1274458	526	-nan
100	1274458	527	-nan
100	1274458	528	0
100	1274458	529	-nan
100	1274458	530	0
100	1274458	531	-nan
100	1274458	532	0
100	1274458	533	-nan
100	1274458	534	-nan
100	1274458	535	-nan
100	1274458	536	-nan
100	1274458	537	0
100	1274458	538	0
100	1274458	539	-nan
100	1274458	540	0
100	1274458	541	-nan
100	1274458	542	0
100	1274458	543	0
100	1274458	544	-nan
100	1274458	545	0
100	1274458	546	-nan
100	1274458	547	-nan
100	1274458	548	-nan
100	1274458	549	-nan
100	1274458	550	-nan
100	1274458	551	0
100	1274458	552	0
100	1274458	553	-nan
100	1274458	554	-nan
100	1274458	555	-nan
100	1274458	556	-nan
100	1274458	557	0
100	1274458	558	0
100	1274458	559	-nan
100	1274458	560	-nan
100	1274458	561	0
100	1274458	562	-nan
100	1274458	563	0
100	1274458	564	0
100	1274458	565	0
100	1274458	566	0
100	1274458	567	0
100	1274458	568	0
100	1274458	569	0
100	1274458	570	0
100	1274458	571	0
100	1274458	572	0
100	1274458	573	0
100	1274458	574	-nan
100	1274458	575	-nan
100	1274458	576	0
100	1274458	577	0
100	1274458	578	0
100	1274458	579	0
100	1274458	580	-nan
100	1274458	581	-nan
100	1274458	582	0
100	1274458	583	-nan
100	1274458	584	-nan
100	1274458	585	0
100	1274458	586	-nan
100	1274458	587	0
100	1274458	588	-nan
100	1274458	589	0
100	1274458	590	-nan
100	1274458	591	-nan
100	1274458	592	0
100	1274458	593	-nan
100	1274458	594	-nan
100	1274458	595	-nan
100	1274458	596	-nan
100	1274458	597	-nan
100	1274458	598	0
100	1274458	599	-nan
100	1274458	600	0
100	1274458	601	-nan
100	1274458	602	-nan
100	1274458	603	0
100	1274458	604	0
100	1274458	605	0
100	1274458	606	0
100	1274458	607	-nan
100	1274458	608	-nan
100	1274458	609	0
100	1274458	610	-nan
100	1274458	611	0
100	1274458	612	0
100	1274458	613	0
100	1274458	614	0
100	1274458	615	-nan
100	1274458	616	-nan
100	1274458	617	0
100	1274458	618	-nan
100	1274458	619	-nan
100	1274458	620	0
100	1274458	621	0
100	1274458	622	0
100	1274458	623	-nan
100	1274458	624	-nan
100	1274458	625	-nan
100	1274458	626	0
100	1274458	627	0
100	1274458	628	-nan
100	1274458	629	0
100	1274458	630	-nan
100	1274458	631	-nan
100	1274458	632	-nan
100	1274458	633	0
100	1274458	634	0
100	1274458	635	-nan
100	1274458	636	0
100	1274458	637	-nan
100	1274458	638	0
100	1274458	639	-nan
100	1274458	640	-nan
100	1274458	641	0
100	1274458	642	-nan
100	1274458	643	-nan
100	1274458	644	-nan
100	1274458	645	-nan
100	1274458	646	-nan
100	1274458	647	0
100	1274458	648	0
100	1274458	649	0
100	1274458	650	0
100	1274458	651	0
100	1274458	652	0
100	1274458	653	0
100	1274458	654	0
100	1274458	655	-nan
100	1274458	656	-nan
100	1274458	657	-nan
100	1274458	658	-nan
100	1274458	659	0
100	1274458	660	0
100	1274458	661	0
100	1274458	662	0
100	1274458	663	-nan
100	1274458	664	0
100	1274458	665	-nan
100	1274458	666	-nan
100	1274458	667	0
100	1274458	668	0
100	1274458	669	0
100	1274458	670	-nan
100	1274458	671	0
100	1274458	672	0
100	1274458	673	0
100	1274458	674	-nan
100	1274458	675	0
100	1274458	676	0
100	1274458	677	0
100	1274458	678	0
100	1274458	679	0
100	1274458	680	-nan
100	1274458	681	-nan
100	1274458	682	0
100	1274458	683	-nan
100	1274458	684	-nan
100	1274458	685	-nan
100	1274458	686	0
100	1274458	687	-nan
100	1274458	688	0
100	1274458	689	-nan
100	1274458	690	0
100	1274458	691	-nan
100	1274458	692	0
100	1274458	693	0
100	1274458	694	-nan
100	1274458	695	0
100	1274458	696	-nan
100	1274458	697	-nan
100	1274458	698	-nan
100	1274458	699	0
100	1274458	700	-nan
100	1274458	701	0
100	1274458	702	-nan
100	1274458	703	0
100	1274458	704	0
100	1274458	705	-nan
100	1274458	706	0
100	1274458	707	0
100	1274458	708	-nan
100	1274458	709	0
100	1274458	710	0
100	1274458	711	0
100	1274458	712	0
100	1274458	713	0
100	1274458	714	-nan
100	1274458	715	-nan
100	1274458	716	0
100	1274458	717	0
100	1274458	718	0
100	1274458	719	0
100	1274458	720	-nan
100	1274458	721	0
100	1274458	722	-nan
100	1274458	723	-nan
100	1274458	724	0
100	1274458	725	-nan
100	1274458	726	0
100	1274458	727	-nan
100	1274458	728	0
100	1274458	729	0
100	1274458	730	-nan
100	1274458	731	0
100	1274458	732	0
100	1274458	733	-nan
100	1274458	734	0
100	1274458	735	-nan
100	1274458	736	-nan
100	1274458	737	-nan
100	1274458	738	-nan
100	1274458	739	0
100	1274458	740	-nan
100	1274458	741	-nan
100	1274458	742	0
100	1274458	743	-nan
100	1274458	744	-nan
100	1274458	745	-nan
100	1274458	746	0
100	1274458	747	-nan
100	1274458	748	0
100	1274458	749	-nan
100	1274458	750	-nan
vector 101  simple_scenario_cache_at_border_network.client[0]  hdistance[0]  ETV
101	1274458	1	2.7383192961142
101	1274458	2	2.7385032630232
101	1274458	3	2.738517638481
101	1274458	4	2.7379125112513
101	1274458	5	2.7385610149555
101	1274458	6	2.7385666374969
101	1274458	7	2.7386449453389
101	1274458	8	2.7386261011695
101	1274458	9	2.7386241429607
101	1274458	10	2.7386536180791
101	1274458	11	2.7387011541222
101	1274458	12	2.7386907097444
101	1274458	13	2.7366986414621
101	1274458	14	2.7387519997373
101	1274458	15	2.736340532626
101	1274458	16	2.7361781555721
101	1274458	17	2.7387631920492
101	1274458	18	2.7360904420667
101	1274458	19	2.7388390822522
101	1274458	20	2.7389158243461
101	1274458	21	2.7353694562219
101	1274458	22	2.7389999615263
101	1274458	23	2.738962410922
101	1274458	24	2.7389320391507
101	1274458	25	2.7389769694421
101	1274458	26	2.7388388516254
101	1274458	27	2.7389014611789
101	1274458	28	2.739019182791
101	1274458	29	2.73907203969
101	1274458	30	2.7391183244536
101	1274458	31	2.7391392711021
101	1274458	32	2.7391214932757
101	1274458	33	2.7389967613498
101	1274458	34	2.7333993348087
101	1274458	35	2.7392125202924
101	1274458	36	2.7391609841886
101	1274458	37	2.732948961155
101	1274458	38	2.7393698352629
101	1274458	39	2.739168119456
101	1274458	40	2.7391980763679
101	1274458	41	2.7330044566898
101	1274458	42	2.7393214245204
101	1274458	43	2.7394026783007
101	1274458	44	2.739502778411
101	1274458	45	2.7393989716416
101	1274458	46	2.7394235479407
101	1274458	47	2.7394874678593
101	1274458	48	2.7394821012958
101	1274458	49	2.7392861610933
101	1274458	50	2.73950056532
101	1274458	51	2.7395554067536
101	1274458	52	2.7395773810827
101	1274458	53	2.7397509324251
101	1274458	54	2.739732192331
101	1274458	55	2.7395976658894
101	1274458	56	2.7394930573627
101	1274458	57	2.7394591499524
101	1274458	58	2.7306525653792
101	1274458	59	2.7398207496176
101	1274458	60	2.7396842226985
101	1274458	61	2.7397504589081
101	1274458	62	2.7399880029321
101	1274458	63	2.7398351823324
101	1274458	64	2.7395549119398
101	1274458	65	2.7396824837587
101	1274458	66	2.739937872272
101	1274458	67	2.7295521440592
101	1274458	68	2.7290712842635
101	1274458	69	2.7287762650401
101	1274458	70	2.7398149857617
101	1274458	71	2.7399909085771
101	1274458	72	2.7399301889867
101	1274458	73	2.739870580699
101	1274458	74	2.7398464084298
101	1274458	75	2.7400695868046
101	1274458	76	2.7398609812173
101	1274458	77	2.7398246075932
101	1274458	78	2.740002985585
101	1274458	79	2.7400414050847
101	1274458	80	2.7287690622641
101	1274458	81	2.7400110763312
101	1274458	82	2.7400379836107
101	1274458	83	2.740083158089
101	1274458	84	2.7399299189064
101	1274458	85	2.7401922342393
101	1274458	86	2.7399911434572
101	1274458	87	2.7401264492228
101	1274458	88	2.7401675778063
101	1274458	89	2.7402252254151
101	1274458	90	2.7401983324069
101	1274458	91	2.7403257611248
101	1274458	92	2.7402386050471
101	1274458	93	2.72370838175
101	1274458	94	2.7405832464702
101	1274458	95	2.7401118429597
101	1274458	96	2.7405226809029
101	1274458	97	2.722641896555
101	1274458	98	2.7403551099096
101	1274458	99	2.7407022071062
101	1274458	100	2.7408386863547
101	1274458	101	2.7406713679307
101	1274458	102	2.7405734344592
101	1274458	103	2.740754985174
101	1274458	104	2.7399998475413
101	1274458	105	2.7403986925904
101	1274458	106	2.7249200146459
101	1274458	107	2.740766193766
101	1274458	108	2.7405182637236
101	1274458	109	2.7405584618169
101	1274458	110	2.7405722903228
101	1274458	111	2.7405326925547
101	1274458	112	2.7408239110007
101	1274458	113	2.7409394073133
101	1274458	114	2.7404716965986
101	1274458	115	2.7407255884237
101	1274458	116	2.7408576613003
101	1274458	117	2.740782986729
101	1274458	118	2.7226531004614
101	1274458	119	2.7409095511132
101	1274458	120	2.7407996546804
101	1274458	121	2.7406567257235
101	1274458	122	2.741015378129
101	1274458	123	2.741035570971
101	1274458	124	2.7410544674892
101	1274458	125	2.7407265248256
101	1274458	126	2.7405459093072
101	1274458	127	2.7409300539481
101	1274458	128	2.7407126346087
101	1274458	129	2.7409040129581
101	1274458	130	2.7411781054478
101	1274458	131	2.740979777491
101	1274458	132	2.7408937316383
101	1274458	133	2.7409445171685
101	1274458	134	2.741188349809
101	1274458	135	2.7227174172456
101	1274458	136	2.7409322628537
101	1274458	137	2.741604459167
101	1274458	138	2.7410548435657
101	1274458	139	2.7408462058633
101	1274458	140	2.7409047211682
101	1274458	141	2.7412460149401
101	1274458	142	2.7407858271498
101	1274458	143	2.7417320416539
101	1274458	144	2.7406876673067
101	1274458	145	2.7420411915891
101	1274458	146	2.7411634222489
101	1274458	147	2.7411529739809
101	1274458	148	2.7413805566546
101	1274458	149	2.7412261389974
101	1274458	150	2.7424655744693
101	1274458	151	2.7410857596642
101	1274458	152	2.7417903834812
101	1274458	153	2.7415888697309
101	1274458	154	2.7415395598279
101	1274458	155	2.7415233919776
101	1274458	156	2.7415075248415
101	1274458	157	2.7427614065022
101	1274458	158	2.7421167552884
101	1274458	159	2.7414961808918
101	1274458	160	2.7416038607342
101	1274458	161	2.7415882182716
101	1274458	162	2.7417349047093
101	1274458	163	2.7422565227588
101	1274458	164	2.7427072982224
101	1274458	165	2.7422058257119
101	1274458	166	2.7422119826366
101	1274458	167	2.7415730985266
101	1274458	168	2.7414378469469
101	1274458	169	2.7423489884442
101	1274458	170	2.741947209962
101	1274458	171	2.743287967612
101	1274458	172	2.7425233300726
101	1274458	173	2.7422671990511
101	1274458	174	2.7419067259061
101	1274458	175	2.7423351218378
101	1274458	176	2.7415505683627
101	1274458	177	2.7419304784474
101	1274458	178	2.7425909640771
101	1274458	179	2.7435698233629
101	1274458	180	2.7426317974263
101	1274458	181	2.7427946500402
101	1274458	182	2.7422016846009
101	1274458	183	2.7423135910738
101	1274458	184	2.7421404246048
101	1274458	185	2.7425087929198
101	1274458	186	2.742427325976
101	1274458	187	2.7418661557084
101	1274458	188	2.7425072231426
101	1274458	189	2.7425043238577
101	1274458	190	2.7422662992575
101	1274458	191	2.7423113999119
101	1274458	192	2.7420165940453
101	1274458	193	2.7427006120044
101	1274458	194	2.7421087230226
101	1274458	195	2.7423480140937
101	1274458	196	2.7421195753399
101	1274458	197	2.7425840285208
101	1274458	198	2.7420725264728
101	1274458	199	2.7420708048503
101	1274458	200	2.7417665841816
101	1274458	201	2.7426390991488
101	1274458	202	2.7424065430407
101	1274458	203	2.7443633052242
101	1274458	204	2.7430757444145
101	1274458	205	2.7425199619964
101	1274458	206	2.7431435882343
101	1274458	207	2.7424181017558
101	1274458	208	2.7424010642411
101	1274458	209	2.7428335939513
101	1274458	210	2.7428104931007
101	1274458	211	2.743481625392
101	1274458	212	2.7427171749539
101	1274458	213	2.7422682113755
101	1274458	214	2.7093096808142
101	1274458	215	2.7438897234045
101	1274458	216	2.742653433985
101	1274458	217	2.7433920763006
101	1274458	218	2.7422706405313
101	1274458	219	2.7428854850936
101	1274458	220	2.744083093934
101	1274458	221	2.7454013185395
101	1274458	222	2.7436150997319
101	1274458	223	2.7434936511881
101	1274458	224	2.7422947451865
101	1274458	225	2.7431091734669
101	1274458	226	2.7422000815959
101	1274458	227	2.7435071794386
101	1274458	228	2.7429284084276
101	1274458	229	2.7428957388471
101	1274458	230	2.7431100497571
101	1274458	231	2.7440375365675
101	1274458	232	2.7438654081892
101	1274458	233	2.7436337361606
101	1274458	234	2.7429036429071
101	1274458	235	2.7423198730056
101	1274458	236	2.743068530229
101	1274458	237	2.7434862592463
101	1274458	238	2.7422407585806
101	1274458	239	2.7430871222917
101	1274458	240	2.6988202675977
101	1274458	241	2.7428132566072
101	1274458	242	2.7427344220024
101	1274458	243	2.7444897624802
101	1274458	244	2.743617135447
101	1274458	245	2.7429712834297
101	1274458	246	2.7428000340444
101	1274458	247	2.7423464829163
101	1274458	248	2.7429761235122
101	1274458	249	2.7437036628448
101	1274458	250	2.7438438406819
101	1274458	251	2.7434430348781
101	1274458	252	2.7438444035329
101	1274458	253	2.7438152626355
101	1274458	254	2.7038360155383
101	1274458	255	2.7430234595289
101	1274458	256	2.7441821540242
101	1274458	257	2.7440491502205
101	1274458	258	2.7442834721321
101	1274458	259	2.7435876671495
101	1274458	260	2.6977127215366
101	1274458	261	2.7439480089109
101	1274458	262	2.7439126470177
101	1274458	263	2.7458498703541
101	1274458	264	2.7430105049657
101	1274458	265	2.7430929758137
101	1274458	266	2.7455290710034
101	1274458	267	2.7434919630373
101	1274458	268	2.7448927218301
101	1274458	269	2.7443042489634
101	1274458	270	2.7431681490788
101	1274458	271	2.7442499286776
101	1274458	272	2.7444836947268
101	1274458	273	2.7438366373182
101	1274458	274	2.7439402516951
101	1274458	275	2.7452499447728
101	1274458	276	2.7434263403982
101	1274458	277	2.744032600783
101	1274458	278	2.7446251434099
101	1274458	279	2.7441539311583
101	1274458	280	2.7451129304597
101	1274458	281	2.7443910204237
101	1274458	282	2.7439009293401
101	1274458	283	2.7428605160814
101	1274458	284	2.7440585537678
101	1274458	285	2.7448545584271
101	1274458	286	2.745997676554
101	1274458	287	2.7463726595817
101	1274458	288	2.7433777462979
101	1274458	289	2.7455382876484
101	1274458	290	2.7439066375603
101	1274458	291	2.7441330481407
101	1274458	292	2.7438896698238
101	1274458	293	2.7446306257274
101	1274458	294	2.7442821476372
101	1274458	295	2.7443872838594
101	1274458	296	2.7446206429555
101	1274458	297	2.7452633850955
101	1274458	298	2.7439697983856
101	1274458	299	2.7463675600108
101	1274458	300	2.7450222457258
101	1274458	301	2.743824394254
101	1274458	302	2.7441331235777
101	1274458	303	2.7441393749066
101	1274458	304	2.7454762034834
101	1274458	305	2.7450754793469
101	1274458	306	2.7460280242073
101	1274458	307	2.7435387212967
101	1274458	308	2.7450180967169
101	1274458	309	2.74724308223
101	1274458	310	2.7451928273441
101	1274458	311	2.746376606445
101	1274458	312	2.7453223807543
101	1274458	313	2.7443677267714
101	1274458	314	2.7443760792914
101	1274458	315	2.7448340521698
101	1274458	316	2.7451543852573
101	1274458	317	2.7450504118266
101	1274458	318	2.7456822758612
101	1274458	319	2.7445034817279
101	1274458	320	2.7448786575582
101	1274458	321	2.7458213520438
101	1274458	322	2.7441347624432
101	1274458	323	2.7455114874039
101	1274458	324	2.7464896214896
101	1274458	325	2.7469338154807
101	1274458	326	2.7444992811102
101	1274458	327	2.682061028892
101	1274458	328	2.7436166354217
101	1274458	329	2.7454357312952
101	1274458	330	2.7446965774395
101	1274458	331	2.7477009725175
101	1274458	332	2.745627652543
101	1274458	333	2.7465264113927
101	1274458	334	2.7445888723058
101	1274458	335	2.7454484508931
101	1274458	336	2.7448211255062
101	1274458	337	2.7450676209032
101	1274458	338	2.7462011487534
101	1274458	339	2.7435699514536
101	1274458	340	2.7438814417438
101	1274458	341	2.7455415948931
101	1274458	342	2.7452907729618
101	1274458	343	2.7452165899715
101	1274458	344	2.7467911081878
101	1274458	345	2.7479535871964
101	1274458	346	2.7485203807756
101	1274458	347	2.7463734325039
101	1274458	348	2.7453245557944
101	1274458	349	2.7462396618968
101	1274458	350	2.7462395522388
101	1274458	351	2.7450185850784
101	1274458	352	2.6959518887677
101	1274458	353	2.7446091523419
101	1274458	354	2.7470881651867
101	1274458	355	2.7468916974419
101	1274458	356	2.7462392542809
101	1274458	357	2.7443117107532
101	1274458	358	2.7448379383242
101	1274458	359	2.7431306412226
101	1274458	360	2.7466852493254
101	1274458	361	2.7446997162291
101	1274458	362	2.7477762791312
101	1274458	363	2.7445787966609
101	1274458	364	2.7459550500982
101	1274458	365	2.7442603094203
101	1274458	366	2.745149155642
101	1274458	367	2.7457576511416
101	1274458	368	2.7458264162267
101	1274458	369	2.745973008584
101	1274458	370	2.7451861971658
101	1274458	371	2.7466195261565
101	1274458	372	2.7454305993078
101	1274458	373	2.7446898706886
101	1274458	374	2.7509051103823
101	1274458	375	2.7471629793968
101	1274458	376	2.7475155847754
101	1274458	377	2.7493090826889
101	1274458	378	2.7446611370708
101	1274458	379	2.7438052924137
101	1274458	380	2.7478308686904
101	1274458	381	2.7441840113022
101	1274458	382	2.7459100036209
101	1274458	383	2.7454455854143
101	1274458	384	2.7448918799647
101	1274458	385	2.7472935155379
101	1274458	386	2.7472427382539
101	1274458	387	2.6852467216525
101	1274458	388	2.7455961345167
101	1274458	389	2.7450818362757
101	1274458	390	2.7464207134001
101	1274458	391	2.7466209985416
101	1274458	392	2.7473928057055
101	1274458	393	2.7459469469191
101	1274458	394	2.745353847114
101	1274458	395	2.7470177396196
101	1274458	396	2.7472681448665
101	1274458	397	2.7465177018859
101	1274458	398	2.7466867080916
101	1274458	399	2.7471394355232
101	1274458	400	2.7460494899067
101	1274458	401	2.6913481456398
101	1274458	402	2.7487857511384
101	1274458	403	2.7438007930496
101	1274458	404	2.746928751045
101	1274458	405	2.7457167642594
101	1274458	406	2.7470327657146
101	1274458	407	2.746720689787
101	1274458	408	2.7479046291012
101	1274458	409	2.7491240602295
101	1274458	410	2.7473405745928
101	1274458	411	2.7488718143485
101	1274458	412	2.7457672937192
101	1274458	413	2.7470689365589
101	1274458	414	2.7486654760021
101	1274458	415	2.7457082525725
101	1274458	416	2.7454289045718
101	1274458	417	2.7493948800256
101	1274458	418	2.7484615123005
101	1274458	419	2.7481214139259
101	1274458	420	2.7488660102338
101	1274458	421	2.7497675870446
101	1274458	422	2.7477771851155
101	1274458	423	2.7467588138666
101	1274458	424	2.747078904992
101	1274458	425	2.7466584966864
101	1274458	426	2.7481964748366
101	1274458	427	2.7466796461262
101	1274458	428	2.7453613150164
101	1274458	429	2.7483800944315
101	1274458	430	2.7469217309062
101	1274458	431	2.7485012957319
101	1274458	432	2.7479132299148
101	1274458	433	2.7480996465048
101	1274458	434	2.7450720256395
101	1274458	435	2.7458693776628
101	1274458	436	2.7492918596456
101	1274458	437	2.7472677859116
101	1274458	438	2.7450542586047
101	1274458	439	2.7475590463699
101	1274458	440	2.7473453973949
101	1274458	441	2.7483657555207
101	1274458	442	2.7480939696005
101	1274458	443	2.7513853140694
101	1274458	444	2.7508952054508
101	1274458	445	2.7470438477932
101	1274458	446	2.7467496544194
101	1274458	447	2.7461800293175
101	1274458	448	2.748415791162
101	1274458	449	2.7472212150456
101	1274458	450	2.7488786907537
101	1274458	451	2.747214752209
101	1274458	452	2.7496568841223
101	1274458	453	2.7476568898842
101	1274458	454	2.7513566619964
101	1274458	455	2.7510745153002
101	1274458	456	2.7473799335458
101	1274458	457	2.7461287660918
101	1274458	458	2.7455317403331
101	1274458	459	2.7475019811874
101	1274458	460	2.7457579003058
101	1274458	461	2.7480517180305
101	1274458	462	2.7494233625711
101	1274458	463	2.7471812400732
101	1274458	464	2.6925109963172
101	1274458	465	2.7509937397074
101	1274458	466	2.7477366758413
101	1274458	467	2.7511068896229
101	1274458	468	2.7468938566527
101	1274458	469	2.7529020999549
101	1274458	470	2.7483681973592
101	1274458	471	2.7470332016039
101	1274458	472	2.7457437341412
101	1274458	473	2.748418850988
101	1274458	474	2.744583400791
101	1274458	475	2.7514403430778
101	1274458	476	2.7570018042035
101	1274458	477	2.7521990349358
101	1274458	478	2.7453948005441
101	1274458	479	2.7508239764038
101	1274458	480	2.7494278248991
101	1274458	481	2.7496638190978
101	1274458	482	2.7478016201057
101	1274458	483	2.7554415502647
101	1274458	484	2.7470854440302
101	1274458	485	2.7480561525417
101	1274458	486	2.7464204349903
101	1274458	487	2.7509131437087
101	1274458	488	2.7457199641327
101	1274458	489	2.7473120925392
101	1274458	490	2.7473499657954
101	1274458	491	2.7501955508276
101	1274458	492	2.7468404923271
101	1274458	493	2.7465398968826
101	1274458	494	2.748362392854
101	1274458	495	2.747258913201
101	1274458	496	2.7481345888958
101	1274458	497	2.7485515755828
101	1274458	498	2.7524909552858
101	1274458	499	2.748607233613
101	1274458	500	2.7501622204887
101	1274458	501	2.7445230330654
101	1274458	502	2.7498727725917
101	1274458	503	2.747619454029
101	1274458	504	2.7480169527492
101	1274458	505	2.7520722697504
101	1274458	506	2.7501529997414
101	1274458	507	2.7470073221523
101	1274458	508	2.7517598762066
101	1274458	509	2.6824004600929
101	1274458	510	2.747952771911
101	1274458	511	2.7517582773543
101	1274458	512	2.7494305889708
101	1274458	513	2.7472725945467
101	1274458	514	2.7499458852621
101	1274458	515	2.7475769496971
101	1274458	516	2.7487767695917
101	1274458	517	2.7496558892378
101	1274458	518	2.7537414480715
101	1274458	519	2.7496912229041
101	1274458	520	2.7478186751546
101	1274458	521	2.7498338405019
101	1274458	522	2.7517751799662
101	1274458	523	2.7521122027668
101	1274458	524	2.7496960512367
101	1274458	525	2.749369891556
101	1274458	526	2.7485012107413
101	1274458	527	2.7494320670424
101	1274458	528	2.7470429455084
101	1274458	529	2.7492730352132
101	1274458	530	2.7470875366092
101	1274458	531	2.7514436605707
101	1274458	532	2.7461755876971
101	1274458	533	2.7485569398504
101	1274458	534	2.675958322168
101	1274458	535	2.7492716788746
101	1274458	536	2.7517780156824
101	1274458	537	2.7466455206582
101	1274458	538	2.7528952013823
101	1274458	539	2.74971219248
101	1274458	540	2.7478576208001
101	1274458	541	2.7536503114144
101	1274458	542	2.750738386452
101	1274458	543	2.7455314293824
101	1274458	544	2.7484134444735
101	1274458	545	2.7493290467929
101	1274458	546	2.7519042955633
101	1274458	547	2.7529291653393
101	1274458	548	2.7480103980948
101	1274458	549	2.7467731483099
101	1274458	550	2.7505090139523
101	1274458	551	2.7477974076295
101	1274458	552	2.7484741647296
101	1274458	553	2.7545917314439
101	1274458	554	2.7502772968995
101	1274458	555	2.7557573507072
101	1274458	556	2.7472847080813
101	1274458	557	2.7496539489398
101	1274458	558	2.7529214515852
101	1274458	559	2.747756322181
101	1274458	560	2.7514219375053
101	1274458	561	2.7478841355566
101	1274458	562	2.7483496220365
101	1274458	563	2.7488100666884
101	1274458	564	2.7484594940447
101	1274458	565	2.7509536900492
101	1274458	566	2.7522411181402
101	1274458	567	2.7516762220229
101	1274458	568	2.7499025989151
101	1274458	569	2.7520320178014
101	1274458	570	2.7507691911585
101	1274458	571	2.7546878765968
101	1274458	572	2.7510398524742
101	1274458	573	2.7494957169814
101	1274458	574	2.7473836338418
101	1274458	575	2.7509167330311
101	1274458	576	2.7533305794196
101	1274458	577	2.7533331336518
101	1274458	578	2.7480418517957
101	1274458	579	2.7486855607976
101	1274458	580	2.7493430834701
101	1274458	581	2.7504895661347
101	1274458	582	2.7533120061888
101	1274458	583	2.7474161494279
101	1274458	584	2.7480064320884
101	1274458	585	2.7475351148649
101	1274458	586	2.7504139666571
101	1274458	587	2.7477049168749
101	1274458	588	2.7466293049694
101	1274458	589	2.7478104567951
101	1274458	590	2.7501901390215
101	1274458	591	2.7528538619059
101	1274458	592	2.7476337926324
101	1274458	593	2.7545867811248
101	1274458	594	2.7488311055456
101	1274458	595	2.754345135849
101	1274458	596	2.7493316575984
101	1274458	597	2.7492223950233
101	1274458	598	2.749730048387
101	1274458	599	2.7497182351082
101	1274458	600	2.7507210447463
101	1274458	601	2.7581661259892
101	1274458	602	2.7537659708472
101	1274458	603	2.7504632573427
101	1274458	604	2.7553151621846
101	1274458	605	2.7542950753474
101	1274458	606	2.7478748819646
101	1274458	607	2.7499997385176
101	1274458	608	2.7563621848355
101	1274458	609	2.7501137694426
101	1274458	610	2.7507680426993
101	1274458	611	2.7502045324704
101	1274458	612	2.7545639401557
101	1274458	613	2.762974971994
101	1274458	614	2.7559174858505
101	1274458	615	2.7510240160695
101	1274458	616	2.7476149281836
101	1274458	617	2.7532433498217
101	1274458	618	2.7502530721329
101	1274458	619	2.7521068826456
101	1274458	620	2.7483804430765
101	1274458	621	2.7543132908065
101	1274458	622	2.7480698334845
101	1274458	623	2.7512608660703
101	1274458	624	2.752117167441
101	1274458	625	2.7536985586971
101	1274458	626	2.754622834928
101	1274458	627	2.7513510922104
101	1274458	628	2.7502139930187
101	1274458	629	2.7495156982542
101	1274458	630	2.7492663964607
101	1274458	631	2.7493608685857
101	1274458	632	2.749593960712
101	1274458	633	2.7489118638769
101	1274458	634	2.7508855964132
101	1274458	635	2.7497009583955
101	1274458	636	2.7508282985773
101	1274458	637	2.7491456873432
101	1274458	638	2.7514866035258
101	1274458	639	2.7599186252619
101	1274458	640	2.7533463931105
101	1274458	641	2.7554969092337
101	1274458	642	2.7496066743785
101	1274458	643	2.7493298563424
101	1274458	644	2.7537124163117
101	1274458	645	2.7497967896339
101	1274458	646	2.7537156613287
101	1274458	647	2.7583485633608
101	1274458	648	2.7510196290336
101	1274458	649	2.748831809412
101	1274458	650	2.7524681900033
101	1274458	651	2.7514682327817
101	1274458	652	2.7501902646863
101	1274458	653	2.7470959685445
101	1274458	654	2.7567787766765
101	1274458	655	2.7570493331118
101	1274458	656	2.7484149419971
101	1274458	657	2.7530074773828
101	1274458	658	2.7517780193224
101	1274458	659	2.7537205926042
101	1274458	660	2.7469973606317
101	1274458	661	2.7564833130521
101	1274458	662	2.7520712735566
101	1274458	663	2.7495303648689
101	1274458	664	2.7492138541048
101	1274458	665	2.7558299377144
101	1274458	666	2.7555375834202
101	1274458	667	2.74932772143
101	1274458	668	2.7600472079011
101	1274458	669	2.748698316506
101	1274458	670	2.7497205177981
101	1274458	671	2.7513511964794
101	1274458	672	2.7474566211123
101	1274458	673	2.7487555053665
101	1274458	674	2.7509649352001
101	1274458	675	2.7499402751658
101	1274458	676	2.7646102992733
101	1274458	677	2.7540606440106
101	1274458	678	2.7512168135185
101	1274458	679	2.7470188991326
101	1274458	680	2.7558176865726
101	1274458	681	2.7602236238107
101	1274458	682	2.7527230387593
101	1274458	683	2.7516767138309
101	1274458	684	2.7585645544788
101	1274458	685	2.7498179163855
101	1274458	686	2.7504065196661
101	1274458	687	2.7510856576608
101	1274458	688	2.7569090441048
101	1274458	689	2.7534593705355
101	1274458	690	2.7537835933542
101	1274458	691	2.7503268246551
101	1274458	692	2.7497538445601
101	1274458	693	2.7544469389518
101	1274458	694	2.7502171962457
101	1274458	695	2.7524988846878
101	1274458	696	2.7553708286966
101	1274458	697	2.7514434163941
101	1274458	698	2.7543223431894
101	1274458	699	2.7483290236951
101	1274458	700	2.7492261060235
101	1274458	701	2.7543184452719
101	1274458	702	2.7508173232023
101	1274458	703	2.7521385198299
101	1274458	704	2.7509971182254
101	1274458	705	2.7537988978831
101	1274458	706	2.7537868140948
101	1274458	707	2.7521070392517
101	1274458	708	2.7588953617886
101	1274458	709	2.7525317930165
101	1274458	710	2.7528309190708
101	1274458	711	2.752030174213
101	1274458	712	2.7584756834723
101	1274458	713	2.7512244153106
101	1274458	714	2.7525430163356
101	1274458	715	2.7498726705996
101	1274458	716	2.7528514030704
101	1274458	717	2.7558044100818
101	1274458	718	2.7514208313662
101	1274458	719	2.7566716309349
101	1274458	720	2.7475927962618
101	1274458	721	2.7581252542817
101	1274458	722	2.7525158670316
101	1274458	723	2.7570226173754
101	1274458	724	2.7595351100606
101	1274458	725	2.7525369558605
101	1274458	726	2.7537218116373
101	1274458	727	2.7506657380174
101	1274458	728	2.7598649206246
101	1274458	729	2.7616282699632
101	1274458	730	2.7521163823181
101	1274458	731	2.7559348242645
101	1274458	732	2.7559434672316
101	1274458	733	2.7642608685258
101	1274458	734	2.7598957962871
101	1274458	735	2.7542418359338
101	1274458	736	2.7537201973731
101	1274458	737	2.7480379272665
101	1274458	738	2.7519698315717
101	1274458	739	2.752705616894
101	1274458	740	2.7543933169074
101	1274458	741	2.7564291607027
101	1274458	742	2.7563910163767
101	1274458	743	2.7510801708316
101	1274458	744	2.7537570054184
101	1274458	745	2.7528140306329
101	1274458	746	2.7516762659195
101	1274458	747	2.7513017991875
101	1274458	748	2.7542909872757
101	1274458	749	2.7552910852011
101	1274458	750	2.7516781785251
