version 2
run General-17-20150311-18:59:41-28972
attr D lcd
attr F spr
attr R lru
attr a 0.9
attr configname General
attr datetime 20150311-18:59:41
attr experiment General
attr inifile omnetpp.ini
attr iterationvars "$net=abilene, $rep=0, $a=0.9, $F=spr, $ttl=1000, $D=lcd, $R=lru"
attr iterationvars2 "$net=abilene, $rep=0, $a=0.9, $F=spr, $ttl=1000, $D=lcd, $R=lru, $repetition=0"
attr measurement "$net=abilene, $rep=0, $a=0.9, $F=spr, $ttl=1000, $D=lcd, $R=lru"
attr net abilene
attr network networks.${net=abilene}_network
attr processid 28972
attr rep 0
attr repetition 0
attr replication #0
attr resultdir results
attr runnumber 17
attr seedset 0
attr ttl 1000

vector 0  abilene_network.node[0].content_store  hit_node[0]  ETV
0	942752	1	1
0	942752	2	1
0	942752	3	1
0	942752	4	1
0	942752	5	1
0	942752	6	1
0	942752	7	1
0	942752	8	1
0	942752	9	1
0	942752	10	1
0	942752	11	1
0	942752	12	1
0	942752	13	1
0	942752	14	1
0	942752	15	1
0	942752	16	1
0	942752	17	1
0	942752	18	1
0	942752	19	1
0	942752	20	1
0	942752	21	1
0	942752	22	0.66666666666667
0	942752	23	1
0	942752	24	1
0	942752	25	1
0	942752	26	1
0	942752	27	0.75
0	942752	28	1
0	942752	29	1
0	942752	30	1
0	942752	31	1
0	942752	32	0.85714285714286
0	942752	33	0.66666666666667
0	942752	34	1
0	942752	35	1
0	942752	36	0.5
0	942752	37	1
0	942752	38	1
0	942752	39	0.5
0	942752	40	1
0	942752	41	1
0	942752	42	1
0	942752	43	1
0	942752	44	0.66666666666667
0	942752	45	0.5
0	942752	46	0.5
0	942752	47	1
0	942752	48	1
0	942752	49	1
0	942752	50	0.5
0	942752	51	0.8
0	942752	52	0.5
0	942752	53	0.5
0	942752	54	1
0	942752	55	1
0	942752	56	1
0	942752	57	0
0	942752	58	1
0	942752	59	1
0	942752	60	0
0	942752	61	0.66666666666667
0	942752	62	1
0	942752	63	0.66666666666667
0	942752	64	0
0	942752	65	0.2
0	942752	66	1
0	942752	67	0.85714285714286
0	942752	68	0.5
0	942752	69	1
0	942752	70	1
0	942752	71	0
0	942752	72	0
0	942752	73	0
0	942752	74	0
0	942752	75	1
0	942752	76	0
0	942752	77	0
0	942752	78	0.5
0	942752	79	-nan
0	942752	80	0
0	942752	81	-nan
0	942752	82	1
0	942752	83	0
0	942752	84	1
0	942752	85	-nan
0	942752	86	0
0	942752	87	0
0	942752	88	0
0	942752	89	1
0	942752	90	0.33333333333333
0	942752	91	-nan
0	942752	92	0.66666666666667
0	942752	93	0
0	942752	94	0
0	942752	95	0
0	942752	96	0.16666666666667
0	942752	97	0
0	942752	98	0.5
0	942752	99	1
0	942752	100	-nan
0	942752	101	0
0	942752	102	0
0	942752	103	0
0	942752	104	0.5
0	942752	105	0
0	942752	106	0
0	942752	107	-nan
0	942752	108	1
0	942752	109	1
0	942752	110	-nan
0	942752	111	0
0	942752	112	0.66666666666667
0	942752	113	0.8
0	942752	114	0
0	942752	115	1
0	942752	116	0.8
0	942752	117	0
0	942752	118	1
0	942752	119	0
0	942752	120	-nan
0	942752	121	-nan
0	942752	122	0
0	942752	123	0
0	942752	124	0
0	942752	125	-nan
0	942752	126	0
0	942752	127	0
0	942752	128	0
0	942752	129	0
0	942752	130	0
0	942752	131	0
0	942752	132	0
0	942752	133	-nan
0	942752	134	0
0	942752	135	0
0	942752	136	0
0	942752	137	-nan
0	942752	138	0.5
0	942752	139	0
0	942752	140	0
0	942752	141	-nan
0	942752	142	0
0	942752	143	0
0	942752	144	0
0	942752	145	0
0	942752	146	0.33333333333333
0	942752	147	-nan
0	942752	148	0
0	942752	149	-nan
0	942752	150	0
0	942752	151	1
0	942752	152	0
0	942752	153	-nan
0	942752	154	0
0	942752	155	1
0	942752	156	0
0	942752	157	-nan
0	942752	158	0
0	942752	159	0
0	942752	160	-nan
0	942752	161	0
0	942752	162	0
0	942752	163	-nan
0	942752	164	0
0	942752	165	-nan
0	942752	166	0.66666666666667
0	942752	167	0
0	942752	168	-nan
0	942752	169	0.66666666666667
0	942752	170	0
0	942752	171	-nan
0	942752	172	1
0	942752	173	-nan
0	942752	174	-nan
0	942752	175	0
0	942752	176	-nan
0	942752	177	-nan
0	942752	178	0.66666666666667
0	942752	179	-nan
0	942752	180	-nan
0	942752	181	-nan
0	942752	182	-nan
0	942752	183	-nan
0	942752	184	-nan
0	942752	185	0
0	942752	186	0
0	942752	187	1
0	942752	188	0
0	942752	189	0
0	942752	190	-nan
0	942752	191	0
0	942752	192	-nan
0	942752	193	0
0	942752	194	-nan
0	942752	195	-nan
0	942752	196	0
0	942752	197	-nan
0	942752	198	0
0	942752	199	0
0	942752	200	-nan
0	942752	201	0
0	942752	202	-nan
0	942752	203	0
0	942752	204	0
0	942752	205	0
0	942752	206	0
0	942752	207	-nan
0	942752	208	0
0	942752	209	-nan
0	942752	210	0
0	942752	211	-nan
0	942752	212	-nan
0	942752	213	0
0	942752	214	0
0	942752	215	0
0	942752	216	-nan
0	942752	217	0
0	942752	218	0
0	942752	219	-nan
0	942752	220	0
0	942752	221	0
0	942752	222	-nan
0	942752	223	0
0	942752	224	0
0	942752	225	0
0	942752	226	-nan
0	942752	227	0
0	942752	228	-nan
0	942752	229	0
0	942752	230	-nan
0	942752	231	0
0	942752	232	0
0	942752	233	0
0	942752	234	0
0	942752	235	-nan
0	942752	236	-nan
0	942752	237	-nan
0	942752	238	-nan
vector 1  abilene_network.node[1].content_store  hit_node[1]  ETV
1	942752	1	1
1	942752	2	1
1	942752	3	1
1	942752	4	1
1	942752	5	1
1	942752	6	1
1	942752	7	1
1	942752	8	1
1	942752	9	1
1	942752	10	1
1	942752	11	1
1	942752	12	1
1	942752	13	1
1	942752	14	1
1	942752	15	1
1	942752	16	1
1	942752	17	1
1	942752	18	1
1	942752	19	1
1	942752	20	1
1	942752	21	1
1	942752	22	0.875
1	942752	23	1
1	942752	24	1
1	942752	25	0.83333333333333
1	942752	26	1
1	942752	27	1
1	942752	28	0.66666666666667
1	942752	29	0.8
1	942752	30	0.33333333333333
1	942752	31	0.875
1	942752	32	0.5
1	942752	33	1
1	942752	34	0.5
1	942752	35	0.66666666666667
1	942752	36	0.8
1	942752	37	0.66666666666667
1	942752	38	1
1	942752	39	0
1	942752	40	0.5
1	942752	41	0.83333333333333
1	942752	42	1
1	942752	43	0
1	942752	44	1
1	942752	45	0.5
1	942752	46	0.66666666666667
1	942752	47	1
1	942752	48	0.33333333333333
1	942752	49	0.25
1	942752	50	0.33333333333333
1	942752	51	1
1	942752	52	0.66666666666667
1	942752	53	1
1	942752	54	1
1	942752	55	0.16666666666667
1	942752	56	1
1	942752	57	0
1	942752	58	0
1	942752	59	0
1	942752	60	0
1	942752	61	0.33333333333333
1	942752	62	0.66666666666667
1	942752	63	0.6
1	942752	64	0.75
1	942752	65	0.25
1	942752	66	0
1	942752	67	1
1	942752	68	0.75
1	942752	69	0.75
1	942752	70	0
1	942752	71	1
1	942752	72	0.16666666666667
1	942752	73	0.66666666666667
1	942752	74	0
1	942752	75	0.66666666666667
1	942752	76	0.125
1	942752	77	0
1	942752	78	1
1	942752	79	0
1	942752	80	0
1	942752	81	0.5
1	942752	82	0
1	942752	83	0
1	942752	84	0.66666666666667
1	942752	85	0
1	942752	86	0.33333333333333
1	942752	87	0.625
1	942752	88	0.42857142857143
1	942752	89	0.42857142857143
1	942752	90	0.6
1	942752	91	0
1	942752	92	0.66666666666667
1	942752	93	0
1	942752	94	0.75
1	942752	95	0
1	942752	96	0.16666666666667
1	942752	97	0
1	942752	98	0.75
1	942752	99	0
1	942752	100	1
1	942752	101	0.4
1	942752	102	0.16666666666667
1	942752	103	0.6
1	942752	104	0.75
1	942752	105	0
1	942752	106	0
1	942752	107	0
1	942752	108	0
1	942752	109	0
1	942752	110	0
1	942752	111	0.25
1	942752	112	1
1	942752	113	0.66666666666667
1	942752	114	0
1	942752	115	0
1	942752	116	0.5
1	942752	117	0
1	942752	118	0
1	942752	119	0.6
1	942752	120	0.33333333333333
1	942752	121	0
1	942752	122	0
1	942752	123	0.33333333333333
1	942752	124	0
1	942752	125	0
1	942752	126	0
1	942752	127	0
1	942752	128	0.5
1	942752	129	0.75
1	942752	130	0
1	942752	131	0
1	942752	132	0
1	942752	133	-nan
1	942752	134	0
1	942752	135	0
1	942752	136	0
1	942752	137	0
1	942752	138	0.5
1	942752	139	0
1	942752	140	0.2
1	942752	141	0
1	942752	142	0.33333333333333
1	942752	143	0
1	942752	144	0
1	942752	145	0
1	942752	146	0.4
1	942752	147	0
1	942752	148	0.42857142857143
1	942752	149	0
1	942752	150	1
1	942752	151	0
1	942752	152	0
1	942752	153	0
1	942752	154	0.28571428571429
1	942752	155	-nan
1	942752	156	0
1	942752	157	-nan
1	942752	158	0
1	942752	159	0
1	942752	160	0
1	942752	161	0
1	942752	162	1
1	942752	163	-nan
1	942752	164	0
1	942752	165	0
1	942752	166	0.5
1	942752	167	0
1	942752	168	0.5
1	942752	169	1
1	942752	170	0
1	942752	171	0
1	942752	172	0
1	942752	173	0
1	942752	174	0
1	942752	175	0.33333333333333
1	942752	176	0
1	942752	177	-nan
1	942752	178	0.28571428571429
1	942752	179	0.5
1	942752	180	0
1	942752	181	0
1	942752	182	1
1	942752	183	1
1	942752	184	0
1	942752	185	0
1	942752	186	0
1	942752	187	0
1	942752	188	0
1	942752	189	0
1	942752	190	0
1	942752	191	0
1	942752	192	0
1	942752	193	0
1	942752	194	0
1	942752	195	0.25
1	942752	196	0
1	942752	197	0
1	942752	198	0
1	942752	199	0
1	942752	200	0
1	942752	201	0
1	942752	202	0
1	942752	203	0
1	942752	204	0
1	942752	205	0
1	942752	206	0
1	942752	207	0
1	942752	208	0
1	942752	209	-nan
1	942752	210	0
1	942752	211	0
1	942752	212	-nan
1	942752	213	0
1	942752	214	0
1	942752	215	0
1	942752	216	0
1	942752	217	0
1	942752	218	0
1	942752	219	0
1	942752	220	0
1	942752	221	0
1	942752	222	1
1	942752	223	0
1	942752	224	0.75
1	942752	225	0
1	942752	226	0
1	942752	227	0
1	942752	228	0
1	942752	229	0
1	942752	230	0
1	942752	231	0
1	942752	232	0
1	942752	233	0
1	942752	234	0
1	942752	235	0
1	942752	236	0
1	942752	237	0
1	942752	238	0
vector 2  abilene_network.node[2].content_store  hit_node[2]  ETV
2	942752	1	1
2	942752	2	1
2	942752	3	1
2	942752	4	1
2	942752	5	1
2	942752	6	1
2	942752	7	1
2	942752	8	1
2	942752	9	1
2	942752	10	1
2	942752	11	1
2	942752	12	1
2	942752	13	0.91666666666667
2	942752	14	1
2	942752	15	0.83333333333333
2	942752	16	1
2	942752	17	1
2	942752	18	0.90909090909091
2	942752	19	1
2	942752	20	1
2	942752	21	0.83333333333333
2	942752	22	1
2	942752	23	0.9
2	942752	24	1
2	942752	25	1
2	942752	26	0.83333333333333
2	942752	27	0.66666666666667
2	942752	28	1
2	942752	29	0.875
2	942752	30	1
2	942752	31	1
2	942752	32	1
2	942752	33	1
2	942752	34	1
2	942752	35	0.85714285714286
2	942752	36	0
2	942752	37	0.7
2	942752	38	0
2	942752	39	0.16666666666667
2	942752	40	0.8
2	942752	41	0.83333333333333
2	942752	42	0
2	942752	43	0.85714285714286
2	942752	44	1
2	942752	45	0.71428571428571
2	942752	46	0.8
2	942752	47	0.33333333333333
2	942752	48	0.5
2	942752	49	0
2	942752	50	0.6
2	942752	51	0
2	942752	52	0.5
2	942752	53	-nan
2	942752	54	1
2	942752	55	0.16666666666667
2	942752	56	0
2	942752	57	0.2
2	942752	58	0.66666666666667
2	942752	59	0.4
2	942752	60	0
2	942752	61	0.6
2	942752	62	1
2	942752	63	1
2	942752	64	0.66666666666667
2	942752	65	0.14285714285714
2	942752	66	0
2	942752	67	0
2	942752	68	0.5
2	942752	69	1
2	942752	70	0
2	942752	71	0.66666666666667
2	942752	72	0.45454545454545
2	942752	73	1
2	942752	74	0
2	942752	75	0.66666666666667
2	942752	76	0.33333333333333
2	942752	77	0.28571428571429
2	942752	78	-nan
2	942752	79	0.16666666666667
2	942752	80	0
2	942752	81	1
2	942752	82	0.33333333333333
2	942752	83	0.4
2	942752	84	0
2	942752	85	0
2	942752	86	0.75
2	942752	87	0.33333333333333
2	942752	88	0.33333333333333
2	942752	89	0.33333333333333
2	942752	90	0.66666666666667
2	942752	91	0
2	942752	92	0.66666666666667
2	942752	93	0
2	942752	94	1
2	942752	95	0.25
2	942752	96	0.375
2	942752	97	0.4
2	942752	98	1
2	942752	99	0
2	942752	100	1
2	942752	101	0.16666666666667
2	942752	102	0.18181818181818
2	942752	103	0.6
2	942752	104	0.5
2	942752	105	0
2	942752	106	0
2	942752	107	0
2	942752	108	0
2	942752	109	0.25
2	942752	110	0.25
2	942752	111	0.6
2	942752	112	0.33333333333333
2	942752	113	1
2	942752	114	0.375
2	942752	115	0
2	942752	116	0
2	942752	117	0.16666666666667
2	942752	118	0.2
2	942752	119	0.25
2	942752	120	0.4
2	942752	121	0
2	942752	122	0
2	942752	123	1
2	942752	124	0
2	942752	125	0
2	942752	126	0
2	942752	127	0
2	942752	128	0
2	942752	129	0.66666666666667
2	942752	130	0
2	942752	131	0.2
2	942752	132	0.16666666666667
2	942752	133	-nan
2	942752	134	0.375
2	942752	135	0
2	942752	136	0
2	942752	137	0
2	942752	138	0.5
2	942752	139	0
2	942752	140	0.5
2	942752	141	0
2	942752	142	0.75
2	942752	143	0
2	942752	144	0
2	942752	145	0
2	942752	146	0.33333333333333
2	942752	147	0
2	942752	148	0.4
2	942752	149	0
2	942752	150	1
2	942752	151	0
2	942752	152	0.5
2	942752	153	0
2	942752	154	0.2
2	942752	155	0
2	942752	156	0
2	942752	157	0
2	942752	158	0.14285714285714
2	942752	159	0
2	942752	160	0
2	942752	161	0
2	942752	162	0
2	942752	163	0.33333333333333
2	942752	164	0
2	942752	165	0
2	942752	166	0
2	942752	167	0
2	942752	168	1
2	942752	169	0
2	942752	170	0.4
2	942752	171	0
2	942752	172	0
2	942752	173	0
2	942752	174	0
2	942752	175	0.57142857142857
2	942752	176	0
2	942752	177	0
2	942752	178	0.28571428571429
2	942752	179	1
2	942752	180	0
2	942752	181	0
2	942752	182	0
2	942752	183	0
2	942752	184	0
2	942752	185	0
2	942752	186	0
2	942752	187	0
2	942752	188	0
2	942752	189	0.14285714285714
2	942752	190	0
2	942752	191	0
2	942752	192	0
2	942752	193	0
2	942752	194	0
2	942752	195	0.2
2	942752	196	0
2	942752	197	0
2	942752	198	0
2	942752	199	0
2	942752	200	0
2	942752	201	0.8
2	942752	202	0
2	942752	203	0
2	942752	204	0
2	942752	205	0
2	942752	206	0.33333333333333
2	942752	207	1
2	942752	208	0
2	942752	209	0
2	942752	210	0
2	942752	211	0
2	942752	212	-nan
2	942752	213	0
2	942752	214	0
2	942752	215	0.14285714285714
2	942752	216	0
2	942752	217	0
2	942752	218	0
2	942752	219	0
2	942752	220	0
2	942752	221	0
2	942752	222	-nan
2	942752	223	0.25
2	942752	224	1
2	942752	225	0
2	942752	226	0
2	942752	227	0
2	942752	228	0
2	942752	229	0
2	942752	230	0
2	942752	231	0
2	942752	232	0
2	942752	233	0.33333333333333
2	942752	234	0.5
2	942752	235	0
2	942752	236	0
2	942752	237	0
2	942752	238	0
vector 3  abilene_network.node[3].content_store  hit_node[3]  ETV
3	942752	1	1
3	942752	2	1
3	942752	3	1
3	942752	4	1
3	942752	5	1
3	942752	6	1
3	942752	7	1
3	942752	8	1
3	942752	9	0.90909090909091
3	942752	10	1
3	942752	11	1
3	942752	12	1
3	942752	13	1
3	942752	14	1
3	942752	15	1
3	942752	16	1
3	942752	17	1
3	942752	18	0.9
3	942752	19	0.875
3	942752	20	1
3	942752	21	0.85714285714286
3	942752	22	1
3	942752	23	1
3	942752	24	0.8
3	942752	25	0.2
3	942752	26	0.88888888888889
3	942752	27	0.375
3	942752	28	0.8
3	942752	29	1
3	942752	30	1
3	942752	31	0.875
3	942752	32	0.25
3	942752	33	0.33333333333333
3	942752	34	0.5
3	942752	35	0.63636363636364
3	942752	36	0
3	942752	37	0.6
3	942752	38	0
3	942752	39	0.5
3	942752	40	0.875
3	942752	41	1
3	942752	42	0
3	942752	43	0
3	942752	44	0
3	942752	45	0.83333333333333
3	942752	46	0.66666666666667
3	942752	47	0.25
3	942752	48	0
3	942752	49	0
3	942752	50	0.33333333333333
3	942752	51	0
3	942752	52	0.33333333333333
3	942752	53	0
3	942752	54	0.8
3	942752	55	0.18181818181818
3	942752	56	0.5
3	942752	57	0.5
3	942752	58	1
3	942752	59	0.57142857142857
3	942752	60	0
3	942752	61	0
3	942752	62	0
3	942752	63	0
3	942752	64	0
3	942752	65	0.14285714285714
3	942752	66	0.5
3	942752	67	0.16666666666667
3	942752	68	1
3	942752	69	1
3	942752	70	0
3	942752	71	0
3	942752	72	0.1
3	942752	73	0
3	942752	74	0.27272727272727
3	942752	75	1
3	942752	76	0.14285714285714
3	942752	77	0.28571428571429
3	942752	78	0.33333333333333
3	942752	79	0.5
3	942752	80	0
3	942752	81	1
3	942752	82	0.28571428571429
3	942752	83	0.42857142857143
3	942752	84	0.25
3	942752	85	0
3	942752	86	1
3	942752	87	0.5
3	942752	88	0.375
3	942752	89	0.33333333333333
3	942752	90	0.5
3	942752	91	0
3	942752	92	0.33333333333333
3	942752	93	0
3	942752	94	-nan
3	942752	95	0.25
3	942752	96	0.42857142857143
3	942752	97	0.33333333333333
3	942752	98	0
3	942752	99	0
3	942752	100	0.5
3	942752	101	0.63636363636364
3	942752	102	0.2
3	942752	103	0.5
3	942752	104	0.8
3	942752	105	0
3	942752	106	0
3	942752	107	0.4
3	942752	108	0
3	942752	109	0.83333333333333
3	942752	110	0.5
3	942752	111	0.2
3	942752	112	0
3	942752	113	0
3	942752	114	0.28571428571429
3	942752	115	0
3	942752	116	0.375
3	942752	117	0.16666666666667
3	942752	118	0.4
3	942752	119	0.25
3	942752	120	0.6
3	942752	121	0.25
3	942752	122	0
3	942752	123	0
3	942752	124	0.16666666666667
3	942752	125	0
3	942752	126	0.090909090909091
3	942752	127	0
3	942752	128	0
3	942752	129	0
3	942752	130	0
3	942752	131	0.33333333333333
3	942752	132	0.5
3	942752	133	0
3	942752	134	0.28571428571429
3	942752	135	0
3	942752	136	0
3	942752	137	0
3	942752	138	0.5
3	942752	139	0
3	942752	140	0.33333333333333
3	942752	141	0
3	942752	142	0.8
3	942752	143	0
3	942752	144	0
3	942752	145	0
3	942752	146	0.5
3	942752	147	0
3	942752	148	0.25
3	942752	149	0
3	942752	150	0
3	942752	151	0
3	942752	152	0.5
3	942752	153	0
3	942752	154	0.2
3	942752	155	0.4
3	942752	156	0
3	942752	157	0
3	942752	158	0.11111111111111
3	942752	159	0
3	942752	160	0
3	942752	161	0
3	942752	162	0
3	942752	163	0.25
3	942752	164	0
3	942752	165	0
3	942752	166	0
3	942752	167	0
3	942752	168	0
3	942752	169	0
3	942752	170	0.33333333333333
3	942752	171	0
3	942752	172	0
3	942752	173	0
3	942752	174	0
3	942752	175	0.5
3	942752	176	0
3	942752	177	0
3	942752	178	0.625
3	942752	179	0
3	942752	180	0
3	942752	181	0
3	942752	182	0
3	942752	183	0
3	942752	184	0
3	942752	185	0
3	942752	186	0
3	942752	187	0
3	942752	188	0
3	942752	189	0.16666666666667
3	942752	190	0
3	942752	191	0
3	942752	192	0
3	942752	193	0
3	942752	194	0
3	942752	195	0.2
3	942752	196	0
3	942752	197	0
3	942752	198	0
3	942752	199	0
3	942752	200	0
3	942752	201	0
3	942752	202	0
3	942752	203	0
3	942752	204	0
3	942752	205	0
3	942752	206	0.33333333333333
3	942752	207	0
3	942752	208	0
3	942752	209	0
3	942752	210	0
3	942752	211	0
3	942752	212	0
3	942752	213	0
3	942752	214	0
3	942752	215	0.16666666666667
3	942752	216	0
3	942752	217	0
3	942752	218	0
3	942752	219	0
3	942752	220	0
3	942752	221	0.16666666666667
3	942752	222	-nan
3	942752	223	0.25
3	942752	224	0
3	942752	225	0
3	942752	226	0
3	942752	227	0.16666666666667
3	942752	228	0
3	942752	229	0
3	942752	230	0
3	942752	231	0
3	942752	232	0
3	942752	233	0.5
3	942752	234	0
3	942752	235	0
3	942752	236	0
3	942752	237	0
3	942752	238	0
vector 4  abilene_network.node[4].content_store  hit_node[4]  ETV
4	942752	1	1
4	942752	2	1
4	942752	3	1
4	942752	4	1
4	942752	5	1
4	942752	6	1
4	942752	7	1
4	942752	8	1
4	942752	9	1
4	942752	10	1
4	942752	11	1
4	942752	12	0.73333333333333
4	942752	13	1
4	942752	14	0.66666666666667
4	942752	15	0.44444444444444
4	942752	16	1
4	942752	17	0
4	942752	18	1
4	942752	19	1
4	942752	20	0.11111111111111
4	942752	21	0.375
4	942752	22	0
4	942752	23	0.75
4	942752	24	0.42857142857143
4	942752	25	0.44444444444444
4	942752	26	0.54545454545455
4	942752	27	0.3
4	942752	28	0.5
4	942752	29	0.28571428571429
4	942752	30	0
4	942752	31	0.8
4	942752	32	0
4	942752	33	0.4
4	942752	34	0.57142857142857
4	942752	35	0.25
4	942752	36	0
4	942752	37	0.66666666666667
4	942752	38	0.14285714285714
4	942752	39	0.375
4	942752	40	1
4	942752	41	0.8
4	942752	42	0
4	942752	43	0.88888888888889
4	942752	44	0
4	942752	45	0.6
4	942752	46	0
4	942752	47	0
4	942752	48	0
4	942752	49	0
4	942752	50	0.16666666666667
4	942752	51	0
4	942752	52	0.3
4	942752	53	0
4	942752	54	0
4	942752	55	0.2
4	942752	56	0.6
4	942752	57	0.6
4	942752	58	-nan
4	942752	59	0.14285714285714
4	942752	60	0
4	942752	61	0
4	942752	62	0
4	942752	63	0
4	942752	64	0.14285714285714
4	942752	65	0.11111111111111
4	942752	66	0.25
4	942752	67	0.5
4	942752	68	0
4	942752	69	0
4	942752	70	0
4	942752	71	0
4	942752	72	0.090909090909091
4	942752	73	0
4	942752	74	0.2
4	942752	75	0
4	942752	76	0.28571428571429
4	942752	77	0.33333333333333
4	942752	78	0.4
4	942752	79	0.25
4	942752	80	0
4	942752	81	0
4	942752	82	0.2
4	942752	83	0.33333333333333
4	942752	84	0.4
4	942752	85	0.11111111111111
4	942752	86	0
4	942752	87	0.5
4	942752	88	0.25
4	942752	89	0.16666666666667
4	942752	90	0.33333333333333
4	942752	91	0.1
4	942752	92	0
4	942752	93	0.1
4	942752	94	0
4	942752	95	0
4	942752	96	0.375
4	942752	97	0.4
4	942752	98	0
4	942752	99	0.18181818181818
4	942752	100	0
4	942752	101	0.14285714285714
4	942752	102	0.1
4	942752	103	0.5
4	942752	104	0
4	942752	105	0
4	942752	106	0.4
4	942752	107	0.25
4	942752	108	0
4	942752	109	1
4	942752	110	0.25
4	942752	111	0.16666666666667
4	942752	112	0
4	942752	113	0
4	942752	114	0.125
4	942752	115	0.2
4	942752	116	0
4	942752	117	0.25
4	942752	118	0.25
4	942752	119	0.25
4	942752	120	0.25
4	942752	121	0.16666666666667
4	942752	122	0
4	942752	123	0
4	942752	124	0.2
4	942752	125	0
4	942752	126	0.23076923076923
4	942752	127	0
4	942752	128	0
4	942752	129	0.4
4	942752	130	0
4	942752	131	0.25
4	942752	132	0.2
4	942752	133	0
4	942752	134	0.44444444444444
4	942752	135	0
4	942752	136	0.11111111111111
4	942752	137	0
4	942752	138	0
4	942752	139	0
4	942752	140	0.75
4	942752	141	0
4	942752	142	1
4	942752	143	0
4	942752	144	0
4	942752	145	0
4	942752	146	0
4	942752	147	0
4	942752	148	0
4	942752	149	0
4	942752	150	0
4	942752	151	0
4	942752	152	0.66666666666667
4	942752	153	0
4	942752	154	0.16666666666667
4	942752	155	0.25
4	942752	156	0
4	942752	157	0
4	942752	158	0.11111111111111
4	942752	159	0.1
4	942752	160	0.14285714285714
4	942752	161	0
4	942752	162	0
4	942752	163	0
4	942752	164	0
4	942752	165	0
4	942752	166	0
4	942752	167	0
4	942752	168	0
4	942752	169	0
4	942752	170	0.25
4	942752	171	0
4	942752	172	0
4	942752	173	0
4	942752	174	0
4	942752	175	0.16666666666667
4	942752	176	0
4	942752	177	0
4	942752	178	0.33333333333333
4	942752	179	0
4	942752	180	0
4	942752	181	0
4	942752	182	0
4	942752	183	0
4	942752	184	0
4	942752	185	0
4	942752	186	0
4	942752	187	0
4	942752	188	0.33333333333333
4	942752	189	0.14285714285714
4	942752	190	0
4	942752	191	0
4	942752	192	0
4	942752	193	0
4	942752	194	0
4	942752	195	0.2
4	942752	196	0
4	942752	197	0
4	942752	198	0
4	942752	199	0
4	942752	200	0
4	942752	201	0
4	942752	202	0
4	942752	203	0
4	942752	204	0
4	942752	205	0
4	942752	206	0.33333333333333
4	942752	207	0
4	942752	208	0
4	942752	209	0
4	942752	210	0
4	942752	211	0
4	942752	212	0
4	942752	213	0.14285714285714
4	942752	214	0
4	942752	215	0.16666666666667
4	942752	216	0
4	942752	217	0
4	942752	218	0
4	942752	219	0
4	942752	220	0
4	942752	221	0.16666666666667
4	942752	222	-nan
4	942752	223	0
4	942752	224	0
4	942752	225	0
4	942752	226	0
4	942752	227	0.2
4	942752	228	0
4	942752	229	0
4	942752	230	0
4	942752	231	0
4	942752	232	0
4	942752	233	0.4
4	942752	234	0
4	942752	235	0
4	942752	236	0
4	942752	237	0
4	942752	238	0
vector 5  abilene_network.node[5].content_store  hit_node[5]  ETV
5	942752	1	0.58415841584158
5	942752	2	0.35593220338983
5	942752	3	0.15625
5	942752	4	0.33333333333333
5	942752	5	0.1
5	942752	6	0.1304347826087
5	942752	7	0.16666666666667
5	942752	8	0.1
5	942752	9	0.11764705882353
5	942752	10	0.066666666666667
5	942752	11	0.083333333333333
5	942752	12	0.11764705882353
5	942752	13	0.071428571428571
5	942752	14	0.066666666666667
5	942752	15	0.13636363636364
5	942752	16	0.14285714285714
5	942752	17	0.2
5	942752	18	0.2
5	942752	19	0.1
5	942752	20	0
5	942752	21	0.22222222222222
5	942752	22	0
5	942752	23	0.13333333333333
5	942752	24	0
5	942752	25	0.22222222222222
5	942752	26	0.14285714285714
5	942752	27	0.24
5	942752	28	0.090909090909091
5	942752	29	0.27777777777778
5	942752	30	0
5	942752	31	0.076923076923077
5	942752	32	0.15384615384615
5	942752	33	0.11111111111111
5	942752	34	0.15384615384615
5	942752	35	0.2
5	942752	36	0.14285714285714
5	942752	37	0.14285714285714
5	942752	38	0.11111111111111
5	942752	39	0.15384615384615
5	942752	40	0
5	942752	41	0
5	942752	42	0
5	942752	43	0.18181818181818
5	942752	44	0
5	942752	45	0.11111111111111
5	942752	46	0
5	942752	47	0.076923076923077
5	942752	48	0.066666666666667
5	942752	49	0.043478260869565
5	942752	50	0
5	942752	51	0.047619047619048
5	942752	52	0.23076923076923
5	942752	53	0.083333333333333
5	942752	54	0.16666666666667
5	942752	55	0.0625
5	942752	56	0.23076923076923
5	942752	57	0.076923076923077
5	942752	58	0.25
5	942752	59	0.13333333333333
5	942752	60	0
5	942752	61	0.066666666666667
5	942752	62	0.15384615384615
5	942752	63	0
5	942752	64	0
5	942752	65	0.11111111111111
5	942752	66	0.1875
5	942752	67	0.27272727272727
5	942752	68	0
5	942752	69	0
5	942752	70	0.090909090909091
5	942752	71	0.076923076923077
5	942752	72	0.058823529411765
5	942752	73	0.090909090909091
5	942752	74	0.076923076923077
5	942752	75	0.11111111111111
5	942752	76	0.076923076923077
5	942752	77	0.16666666666667
5	942752	78	0.14285714285714
5	942752	79	0.30769230769231
5	942752	80	0
5	942752	81	0.1
5	942752	82	0.090909090909091
5	942752	83	0.16666666666667
5	942752	84	0.071428571428571
5	942752	85	0.043478260869565
5	942752	86	0
5	942752	87	0.1
5	942752	88	0.2
5	942752	89	0.22222222222222
5	942752	90	0.125
5	942752	91	0.076923076923077
5	942752	92	0.16666666666667
5	942752	93	0.15789473684211
5	942752	94	0
5	942752	95	0.1
5	942752	96	0.30769230769231
5	942752	97	0.083333333333333
5	942752	98	0.14285714285714
5	942752	99	0.0625
5	942752	100	0.1
5	942752	101	0.066666666666667
5	942752	102	0.076923076923077
5	942752	103	0
5	942752	104	0.16666666666667
5	942752	105	0
5	942752	106	0.27272727272727
5	942752	107	0.125
5	942752	108	0.090909090909091
5	942752	109	0.25
5	942752	110	0.1
5	942752	111	0.2
5	942752	112	0.14285714285714
5	942752	113	0.2
5	942752	114	0.090909090909091
5	942752	115	0.14285714285714
5	942752	116	0.076923076923077
5	942752	117	0.16666666666667
5	942752	118	0.11111111111111
5	942752	119	0.16666666666667
5	942752	120	0.33333333333333
5	942752	121	0.083333333333333
5	942752	122	0.071428571428571
5	942752	123	0
5	942752	124	0.14285714285714
5	942752	125	0
5	942752	126	0.058823529411765
5	942752	127	0.083333333333333
5	942752	128	0.090909090909091
5	942752	129	0
5	942752	130	0
5	942752	131	0.25
5	942752	132	0.076923076923077
5	942752	133	0.2
5	942752	134	0.14285714285714
5	942752	135	0.11111111111111
5	942752	136	0.090909090909091
5	942752	137	0.1
5	942752	138	0
5	942752	139	0
5	942752	140	0.14285714285714
5	942752	141	0
5	942752	142	0
5	942752	143	0.125
5	942752	144	0
5	942752	145	0
5	942752	146	0.2
5	942752	147	0.1
5	942752	148	0.090909090909091
5	942752	149	0.083333333333333
5	942752	150	0
5	942752	151	0
5	942752	152	0
5	942752	153	0
5	942752	154	0.2
5	942752	155	0.125
5	942752	156	0
5	942752	157	0.25
5	942752	158	0.083333333333333
5	942752	159	0.15384615384615
5	942752	160	0.11111111111111
5	942752	161	0
5	942752	162	0
5	942752	163	0
5	942752	164	0.076923076923077
5	942752	165	0.11111111111111
5	942752	166	0
5	942752	167	0
5	942752	168	0.16666666666667
5	942752	169	0.090909090909091
5	942752	170	0.083333333333333
5	942752	171	0.18181818181818
5	942752	172	0.1
5	942752	173	0
5	942752	174	0.16666666666667
5	942752	175	0.1
5	942752	176	0.15384615384615
5	942752	177	0
5	942752	178	0.1
5	942752	179	0
5	942752	180	0.15789473684211
5	942752	181	0.14285714285714
5	942752	182	0
5	942752	183	0
5	942752	184	0
5	942752	185	0
5	942752	186	0.18181818181818
5	942752	187	0
5	942752	188	0.14285714285714
5	942752	189	0.3
5	942752	190	0.11111111111111
5	942752	191	0
5	942752	192	0
5	942752	193	0
5	942752	194	0
5	942752	195	0.125
5	942752	196	0.25
5	942752	197	0
5	942752	198	0
5	942752	199	0
5	942752	200	0.25
5	942752	201	0.083333333333333
5	942752	202	0.16666666666667
5	942752	203	0
5	942752	204	0
5	942752	205	0.076923076923077
5	942752	206	0.28571428571429
5	942752	207	0.14285714285714
5	942752	208	0
5	942752	209	0
5	942752	210	0.1
5	942752	211	0
5	942752	212	0
5	942752	213	0.25
5	942752	214	0
5	942752	215	0.125
5	942752	216	0
5	942752	217	0
5	942752	218	0
5	942752	219	0
5	942752	220	0
5	942752	221	0.3
5	942752	222	0
5	942752	223	0
5	942752	224	0
5	942752	225	0.16666666666667
5	942752	226	0
5	942752	227	0.16666666666667
5	942752	228	0
5	942752	229	0
5	942752	230	0
5	942752	231	0
5	942752	232	0
5	942752	233	0.14285714285714
5	942752	234	0
5	942752	235	0.1
5	942752	236	0.2
5	942752	237	0.33333333333333
5	942752	238	0
vector 6  abilene_network.node[6].content_store  hit_node[6]  ETV
6	942752	1	1
6	942752	2	1
6	942752	3	1
6	942752	4	1
6	942752	5	1
6	942752	6	1
6	942752	7	1
6	942752	8	1
6	942752	9	1
6	942752	10	1
6	942752	11	1
6	942752	12	1
6	942752	13	1
6	942752	14	1
6	942752	15	0.16666666666667
6	942752	16	0
6	942752	17	1
6	942752	18	1
6	942752	19	1
6	942752	20	0.25
6	942752	21	0.54545454545455
6	942752	22	0.6
6	942752	23	0.45454545454545
6	942752	24	1
6	942752	25	0.42857142857143
6	942752	26	0.55555555555556
6	942752	27	0.11111111111111
6	942752	28	0
6	942752	29	0.75
6	942752	30	1
6	942752	31	0.33333333333333
6	942752	32	1
6	942752	33	1
6	942752	34	0
6	942752	35	0.26666666666667
6	942752	36	0.75
6	942752	37	0
6	942752	38	0
6	942752	39	1
6	942752	40	0
6	942752	41	0
6	942752	42	0.4
6	942752	43	0.125
6	942752	44	0
6	942752	45	0.25
6	942752	46	0
6	942752	47	0
6	942752	48	0.5
6	942752	49	0.25
6	942752	50	0
6	942752	51	0
6	942752	52	0.33333333333333
6	942752	53	0
6	942752	54	0.14285714285714
6	942752	55	0
6	942752	56	0.16666666666667
6	942752	57	0
6	942752	58	0
6	942752	59	0
6	942752	60	0.8
6	942752	61	0
6	942752	62	0.5
6	942752	63	0.5
6	942752	64	-nan
6	942752	65	1
6	942752	66	0.125
6	942752	67	0.25
6	942752	68	0
6	942752	69	1
6	942752	70	0.6
6	942752	71	0.45454545454545
6	942752	72	0
6	942752	73	0.33333333333333
6	942752	74	0.5
6	942752	75	0
6	942752	76	0
6	942752	77	0
6	942752	78	0
6	942752	79	0.4
6	942752	80	0
6	942752	81	0.16666666666667
6	942752	82	0
6	942752	83	0.66666666666667
6	942752	84	0
6	942752	85	0
6	942752	86	0
6	942752	87	0
6	942752	88	0
6	942752	89	0.71428571428571
6	942752	90	0
6	942752	91	0
6	942752	92	0.5
6	942752	93	0.16666666666667
6	942752	94	0
6	942752	95	0.75
6	942752	96	0.14285714285714
6	942752	97	0
6	942752	98	0
6	942752	99	0
6	942752	100	0.5
6	942752	101	0
6	942752	102	0.66666666666667
6	942752	103	0
6	942752	104	0.5
6	942752	105	1
6	942752	106	0
6	942752	107	0
6	942752	108	0.4
6	942752	109	0.6
6	942752	110	0
6	942752	111	0
6	942752	112	0.66666666666667
6	942752	113	0.6
6	942752	114	0
6	942752	115	-nan
6	942752	116	0
6	942752	117	0
6	942752	118	0
6	942752	119	0
6	942752	120	0.5
6	942752	121	0
6	942752	122	0
6	942752	123	0
6	942752	124	0
6	942752	125	0
6	942752	126	0
6	942752	127	0.5
6	942752	128	0
6	942752	129	0
6	942752	130	0
6	942752	131	0.2
6	942752	132	0
6	942752	133	0.33333333333333
6	942752	134	0
6	942752	135	0.5
6	942752	136	0.5
6	942752	137	0.5
6	942752	138	0
6	942752	139	0
6	942752	140	0
6	942752	141	0
6	942752	142	0
6	942752	143	0
6	942752	144	0
6	942752	145	0
6	942752	146	0.55555555555556
6	942752	147	0
6	942752	148	0.2
6	942752	149	0.25
6	942752	150	0
6	942752	151	0.33333333333333
6	942752	152	0
6	942752	153	0.5
6	942752	154	0
6	942752	155	0
6	942752	156	0
6	942752	157	0.5
6	942752	158	0
6	942752	159	0.2
6	942752	160	0
6	942752	161	0
6	942752	162	0
6	942752	163	0
6	942752	164	0
6	942752	165	0
6	942752	166	0
6	942752	167	0
6	942752	168	0
6	942752	169	0
6	942752	170	0
6	942752	171	0
6	942752	172	0
6	942752	173	0
6	942752	174	0.25
6	942752	175	0
6	942752	176	0.14285714285714
6	942752	177	0
6	942752	178	0
6	942752	179	-nan
6	942752	180	0
6	942752	181	1
6	942752	182	0
6	942752	183	0
6	942752	184	0
6	942752	185	0
6	942752	186	0.25
6	942752	187	0.66666666666667
6	942752	188	0
6	942752	189	0.25
6	942752	190	0.66666666666667
6	942752	191	0
6	942752	192	1
6	942752	193	0
6	942752	194	0
6	942752	195	0
6	942752	196	0.5
6	942752	197	0
6	942752	198	0
6	942752	199	0
6	942752	200	0
6	942752	201	0
6	942752	202	0.5
6	942752	203	0
6	942752	204	0
6	942752	205	0
6	942752	206	0
6	942752	207	0.2
6	942752	208	0
6	942752	209	1
6	942752	210	0.6
6	942752	211	0
6	942752	212	0
6	942752	213	0
6	942752	214	0
6	942752	215	0
6	942752	216	0
6	942752	217	0
6	942752	218	0
6	942752	219	0
6	942752	220	0
6	942752	221	0
6	942752	222	0
6	942752	223	0
6	942752	224	0
6	942752	225	0
6	942752	226	0
6	942752	227	0
6	942752	228	0
6	942752	229	0
6	942752	230	0
6	942752	231	0
6	942752	232	0
6	942752	233	0
6	942752	234	0
6	942752	235	0.33333333333333
6	942752	236	0.5
6	942752	237	0
6	942752	238	0
vector 7  abilene_network.node[7].content_store  hit_node[7]  ETV
7	942752	1	1
7	942752	2	1
7	942752	3	1
7	942752	4	1
7	942752	5	1
7	942752	6	1
7	942752	7	1
7	942752	8	1
7	942752	9	1
7	942752	10	1
7	942752	11	1
7	942752	12	1
7	942752	13	0.91666666666667
7	942752	14	1
7	942752	15	1
7	942752	16	1
7	942752	17	1
7	942752	18	1
7	942752	19	1
7	942752	20	1
7	942752	21	0.75
7	942752	22	0.83333333333333
7	942752	23	1
7	942752	24	1
7	942752	25	0.5
7	942752	26	0.7
7	942752	27	0.71428571428571
7	942752	28	1
7	942752	29	0.33333333333333
7	942752	30	1
7	942752	31	0
7	942752	32	1
7	942752	33	0.66666666666667
7	942752	34	1
7	942752	35	0
7	942752	36	0.8
7	942752	37	0.33333333333333
7	942752	38	0
7	942752	39	0.8
7	942752	40	0
7	942752	41	1
7	942752	42	0.5
7	942752	43	0
7	942752	44	0
7	942752	45	1
7	942752	46	1
7	942752	47	1
7	942752	48	1
7	942752	49	1
7	942752	50	0.6
7	942752	51	0
7	942752	52	0.66666666666667
7	942752	53	0
7	942752	54	0
7	942752	55	0
7	942752	56	0
7	942752	57	0
7	942752	58	1
7	942752	59	1
7	942752	60	0.83333333333333
7	942752	61	1
7	942752	62	0.14285714285714
7	942752	63	1
7	942752	64	1
7	942752	65	1
7	942752	66	0
7	942752	67	0.2
7	942752	68	0.33333333333333
7	942752	69	1
7	942752	70	0.5
7	942752	71	0.2
7	942752	72	0
7	942752	73	0.25
7	942752	74	0.66666666666667
7	942752	75	0.5
7	942752	76	0.2
7	942752	77	0
7	942752	78	1
7	942752	79	0.42857142857143
7	942752	80	0
7	942752	81	0
7	942752	82	0
7	942752	83	1
7	942752	84	0
7	942752	85	0
7	942752	86	0
7	942752	87	0
7	942752	88	-nan
7	942752	89	0.5
7	942752	90	0
7	942752	91	0
7	942752	92	0.25
7	942752	93	0.42857142857143
7	942752	94	0
7	942752	95	0.33333333333333
7	942752	96	0.2
7	942752	97	0
7	942752	98	0
7	942752	99	0
7	942752	100	0.5
7	942752	101	0
7	942752	102	0.33333333333333
7	942752	103	0.5
7	942752	104	0.25
7	942752	105	0.8
7	942752	106	0
7	942752	107	0
7	942752	108	0.4
7	942752	109	0.33333333333333
7	942752	110	0
7	942752	111	0.33333333333333
7	942752	112	0.8
7	942752	113	0.5
7	942752	114	0
7	942752	115	-nan
7	942752	116	1
7	942752	117	0
7	942752	118	0
7	942752	119	0
7	942752	120	0.5
7	942752	121	0
7	942752	122	0
7	942752	123	1
7	942752	124	-nan
7	942752	125	1
7	942752	126	0
7	942752	127	0.5
7	942752	128	0
7	942752	129	0
7	942752	130	0
7	942752	131	0
7	942752	132	0
7	942752	133	0
7	942752	134	0
7	942752	135	0.66666666666667
7	942752	136	0.66666666666667
7	942752	137	0.33333333333333
7	942752	138	0
7	942752	139	0
7	942752	140	0
7	942752	141	0
7	942752	142	0
7	942752	143	0
7	942752	144	0
7	942752	145	0
7	942752	146	0.42857142857143
7	942752	147	0
7	942752	148	0
7	942752	149	0.25
7	942752	150	0
7	942752	151	0
7	942752	152	0
7	942752	153	0
7	942752	154	0
7	942752	155	0
7	942752	156	0
7	942752	157	0.33333333333333
7	942752	158	0
7	942752	159	0.25
7	942752	160	0
7	942752	161	0
7	942752	162	0
7	942752	163	-nan
7	942752	164	0
7	942752	165	0
7	942752	166	0
7	942752	167	0
7	942752	168	0
7	942752	169	0
7	942752	170	0
7	942752	171	0
7	942752	172	0
7	942752	173	0
7	942752	174	0.2
7	942752	175	0
7	942752	176	0.25
7	942752	177	0
7	942752	178	0
7	942752	179	-nan
7	942752	180	0
7	942752	181	0.5
7	942752	182	0
7	942752	183	1
7	942752	184	0
7	942752	185	0
7	942752	186	0.25
7	942752	187	1
7	942752	188	0
7	942752	189	0
7	942752	190	0
7	942752	191	-nan
7	942752	192	0.5
7	942752	193	-nan
7	942752	194	0
7	942752	195	0
7	942752	196	0
7	942752	197	0
7	942752	198	0
7	942752	199	0
7	942752	200	0
7	942752	201	0
7	942752	202	0.66666666666667
7	942752	203	0
7	942752	204	0
7	942752	205	0
7	942752	206	0
7	942752	207	0.25
7	942752	208	0
7	942752	209	0.5
7	942752	210	0.33333333333333
7	942752	211	0
7	942752	212	0.33333333333333
7	942752	213	0
7	942752	214	0
7	942752	215	0
7	942752	216	-nan
7	942752	217	0
7	942752	218	0
7	942752	219	0
7	942752	220	0
7	942752	221	0
7	942752	222	0
7	942752	223	0
7	942752	224	0
7	942752	225	-nan
7	942752	226	0
7	942752	227	0
7	942752	228	0.33333333333333
7	942752	229	0
7	942752	230	0
7	942752	231	0
7	942752	232	0
7	942752	233	0
7	942752	234	0
7	942752	235	0.2
7	942752	236	0.33333333333333
7	942752	237	0
7	942752	238	0
vector 8  abilene_network.node[8].content_store  hit_node[8]  ETV
8	942752	1	1
8	942752	2	1
8	942752	3	1
8	942752	4	1
8	942752	5	1
8	942752	6	1
8	942752	7	1
8	942752	8	1
8	942752	9	1
8	942752	10	1
8	942752	11	1
8	942752	12	1
8	942752	13	1
8	942752	14	1
8	942752	15	1
8	942752	16	1
8	942752	17	1
8	942752	18	1
8	942752	19	1
8	942752	20	1
8	942752	21	0.71428571428571
8	942752	22	1
8	942752	23	1
8	942752	24	1
8	942752	25	1
8	942752	26	1
8	942752	27	1
8	942752	28	0.85714285714286
8	942752	29	1
8	942752	30	1
8	942752	31	0.33333333333333
8	942752	32	1
8	942752	33	1
8	942752	34	1
8	942752	35	0
8	942752	36	0.85714285714286
8	942752	37	0.83333333333333
8	942752	38	1
8	942752	39	0.66666666666667
8	942752	40	0.2
8	942752	41	0.66666666666667
8	942752	42	1
8	942752	43	0.33333333333333
8	942752	44	0
8	942752	45	0.8
8	942752	46	1
8	942752	47	1
8	942752	48	1
8	942752	49	0.83333333333333
8	942752	50	0.5
8	942752	51	-nan
8	942752	52	1
8	942752	53	1
8	942752	54	0
8	942752	55	1
8	942752	56	0.5
8	942752	57	0
8	942752	58	1
8	942752	59	1
8	942752	60	0.6
8	942752	61	0.33333333333333
8	942752	62	0
8	942752	63	0.5
8	942752	64	0.75
8	942752	65	1
8	942752	66	1
8	942752	67	0
8	942752	68	0.75
8	942752	69	0.5
8	942752	70	1
8	942752	71	0.4
8	942752	72	0
8	942752	73	0
8	942752	74	1
8	942752	75	0.66666666666667
8	942752	76	0
8	942752	77	0.4
8	942752	78	0.5
8	942752	79	0
8	942752	80	0
8	942752	81	1
8	942752	82	0
8	942752	83	0.75
8	942752	84	0
8	942752	85	0
8	942752	86	0
8	942752	87	0
8	942752	88	-nan
8	942752	89	0.25
8	942752	90	0
8	942752	91	-nan
8	942752	92	0.33333333333333
8	942752	93	0
8	942752	94	1
8	942752	95	0.6
8	942752	96	0
8	942752	97	0.6
8	942752	98	0
8	942752	99	0
8	942752	100	0.75
8	942752	101	0
8	942752	102	0.33333333333333
8	942752	103	0.5
8	942752	104	0.25
8	942752	105	0.66666666666667
8	942752	106	1
8	942752	107	0
8	942752	108	0
8	942752	109	0
8	942752	110	0
8	942752	111	0
8	942752	112	0.5
8	942752	113	0
8	942752	114	0
8	942752	115	1
8	942752	116	0.5
8	942752	117	0
8	942752	118	-nan
8	942752	119	0
8	942752	120	0
8	942752	121	-nan
8	942752	122	0
8	942752	123	0.66666666666667
8	942752	124	1
8	942752	125	-nan
8	942752	126	0
8	942752	127	0
8	942752	128	0
8	942752	129	0
8	942752	130	0
8	942752	131	0
8	942752	132	0
8	942752	133	0
8	942752	134	0
8	942752	135	0
8	942752	136	0
8	942752	137	0.25
8	942752	138	0
8	942752	139	0
8	942752	140	-nan
8	942752	141	1
8	942752	142	0
8	942752	143	0
8	942752	144	0
8	942752	145	0
8	942752	146	0.33333333333333
8	942752	147	0
8	942752	148	0
8	942752	149	0
8	942752	150	0
8	942752	151	0
8	942752	152	0
8	942752	153	0
8	942752	154	0
8	942752	155	0
8	942752	156	-nan
8	942752	157	0.33333333333333
8	942752	158	0
8	942752	159	0
8	942752	160	0
8	942752	161	0
8	942752	162	0
8	942752	163	-nan
8	942752	164	0
8	942752	165	0
8	942752	166	0
8	942752	167	0
8	942752	168	0
8	942752	169	0
8	942752	170	0
8	942752	171	0
8	942752	172	0
8	942752	173	0
8	942752	174	0
8	942752	175	0
8	942752	176	0.2
8	942752	177	0
8	942752	178	0
8	942752	179	-nan
8	942752	180	0
8	942752	181	0.33333333333333
8	942752	182	0
8	942752	183	0.5
8	942752	184	0
8	942752	185	0
8	942752	186	0
8	942752	187	0
8	942752	188	0
8	942752	189	0
8	942752	190	0
8	942752	191	-nan
8	942752	192	0.66666666666667
8	942752	193	-nan
8	942752	194	0
8	942752	195	-nan
8	942752	196	0
8	942752	197	0
8	942752	198	0
8	942752	199	0
8	942752	200	1
8	942752	201	0
8	942752	202	0.33333333333333
8	942752	203	0
8	942752	204	-nan
8	942752	205	0
8	942752	206	0
8	942752	207	0
8	942752	208	0
8	942752	209	-nan
8	942752	210	-nan
8	942752	211	0
8	942752	212	1
8	942752	213	0
8	942752	214	0
8	942752	215	0
8	942752	216	-nan
8	942752	217	0
8	942752	218	0
8	942752	219	0
8	942752	220	0
8	942752	221	0
8	942752	222	-nan
8	942752	223	0
8	942752	224	0
8	942752	225	1
8	942752	226	0
8	942752	227	0
8	942752	228	0
8	942752	229	0
8	942752	230	0
8	942752	231	0
8	942752	232	0
8	942752	233	0
8	942752	234	-nan
8	942752	235	0
8	942752	236	0
8	942752	237	0
8	942752	238	0
vector 9  abilene_network.node[9].content_store  hit_node[9]  ETV
9	942752	1	1
9	942752	2	1
9	942752	3	1
9	942752	4	1
9	942752	5	1
9	942752	6	1
9	942752	7	1
9	942752	8	1
9	942752	9	1
9	942752	10	1
9	942752	11	1
9	942752	12	1
9	942752	13	1
9	942752	14	1
9	942752	15	1
9	942752	16	1
9	942752	17	1
9	942752	18	1
9	942752	19	1
9	942752	20	1
9	942752	21	1
9	942752	22	1
9	942752	23	1
9	942752	24	1
9	942752	25	1
9	942752	26	1
9	942752	27	1
9	942752	28	1
9	942752	29	1
9	942752	30	1
9	942752	31	1
9	942752	32	1
9	942752	33	1
9	942752	34	1
9	942752	35	1
9	942752	36	1
9	942752	37	1
9	942752	38	1
9	942752	39	1
9	942752	40	1
9	942752	41	1
9	942752	42	1
9	942752	43	1
9	942752	44	1
9	942752	45	1
9	942752	46	0.5
9	942752	47	1
9	942752	48	0.88888888888889
9	942752	49	0.5
9	942752	50	1
9	942752	51	1
9	942752	52	0.8
9	942752	53	1
9	942752	54	1
9	942752	55	0
9	942752	56	0.5
9	942752	57	1
9	942752	58	0.66666666666667
9	942752	59	1
9	942752	60	0.5
9	942752	61	0.33333333333333
9	942752	62	0
9	942752	63	0
9	942752	64	0.8
9	942752	65	0.8
9	942752	66	1
9	942752	67	1
9	942752	68	0
9	942752	69	0
9	942752	70	1
9	942752	71	0
9	942752	72	0
9	942752	73	0
9	942752	74	0
9	942752	75	0.8
9	942752	76	0
9	942752	77	0
9	942752	78	0
9	942752	79	0
9	942752	80	1
9	942752	81	0
9	942752	82	0
9	942752	83	0.5
9	942752	84	0
9	942752	85	0
9	942752	86	1
9	942752	87	1
9	942752	88	1
9	942752	89	0
9	942752	90	0.5
9	942752	91	-nan
9	942752	92	0
9	942752	93	0
9	942752	94	0.5
9	942752	95	0.4
9	942752	96	0
9	942752	97	0
9	942752	98	0
9	942752	99	0.5
9	942752	100	0
9	942752	101	0
9	942752	102	0.33333333333333
9	942752	103	1
9	942752	104	0
9	942752	105	0
9	942752	106	0.5
9	942752	107	-nan
9	942752	108	0
9	942752	109	0
9	942752	110	0
9	942752	111	0
9	942752	112	0
9	942752	113	0
9	942752	114	0.5
9	942752	115	0.66666666666667
9	942752	116	0.5
9	942752	117	0
9	942752	118	1
9	942752	119	1
9	942752	120	0
9	942752	121	-nan
9	942752	122	1
9	942752	123	0
9	942752	124	-nan
9	942752	125	1
9	942752	126	0
9	942752	127	0
9	942752	128	0
9	942752	129	0
9	942752	130	0
9	942752	131	0
9	942752	132	0
9	942752	133	0
9	942752	134	0
9	942752	135	-nan
9	942752	136	-nan
9	942752	137	0
9	942752	138	0
9	942752	139	0
9	942752	140	-nan
9	942752	141	0
9	942752	142	0
9	942752	143	0
9	942752	144	0
9	942752	145	0
9	942752	146	0
9	942752	147	0
9	942752	148	0
9	942752	149	0
9	942752	150	0
9	942752	151	0
9	942752	152	0.5
9	942752	153	-nan
9	942752	154	-nan
9	942752	155	-nan
9	942752	156	-nan
9	942752	157	0
9	942752	158	0
9	942752	159	1
9	942752	160	0
9	942752	161	0
9	942752	162	0
9	942752	163	-nan
9	942752	164	-nan
9	942752	165	-nan
9	942752	166	0
9	942752	167	0
9	942752	168	-nan
9	942752	169	0
9	942752	170	-nan
9	942752	171	-nan
9	942752	172	0
9	942752	173	0
9	942752	174	0
9	942752	175	0
9	942752	176	0.16666666666667
9	942752	177	0
9	942752	178	-nan
9	942752	179	-nan
9	942752	180	-nan
9	942752	181	0
9	942752	182	0
9	942752	183	-nan
9	942752	184	0
9	942752	185	0
9	942752	186	0
9	942752	187	-nan
9	942752	188	-nan
9	942752	189	0
9	942752	190	-nan
9	942752	191	-nan
9	942752	192	0.5
9	942752	193	-nan
9	942752	194	-nan
9	942752	195	-nan
9	942752	196	-nan
9	942752	197	0
9	942752	198	-nan
9	942752	199	0
9	942752	200	0
9	942752	201	0
9	942752	202	0
9	942752	203	0
9	942752	204	-nan
9	942752	205	-nan
9	942752	206	-nan
9	942752	207	0
9	942752	208	0
9	942752	209	-nan
9	942752	210	-nan
9	942752	211	-nan
9	942752	212	0
9	942752	213	-nan
9	942752	214	0
9	942752	215	-nan
9	942752	216	-nan
9	942752	217	0
9	942752	218	0
9	942752	219	0
9	942752	220	-nan
9	942752	221	0
9	942752	222	-nan
9	942752	223	0
9	942752	224	0
9	942752	225	-nan
9	942752	226	0
9	942752	227	0
9	942752	228	0
9	942752	229	-nan
9	942752	230	0
9	942752	231	-nan
9	942752	232	0
9	942752	233	0
9	942752	234	-nan
9	942752	235	0
9	942752	236	-nan
9	942752	237	1
9	942752	238	-nan
vector 10  abilene_network.node[10].content_store  hit_node[10]  ETV
10	942752	1	1
10	942752	2	1
10	942752	3	1
10	942752	4	1
10	942752	5	1
10	942752	6	1
10	942752	7	1
10	942752	8	1
10	942752	9	1
10	942752	10	1
10	942752	11	1
10	942752	12	1
10	942752	13	1
10	942752	14	1
10	942752	15	1
10	942752	16	1
10	942752	17	1
10	942752	18	1
10	942752	19	1
10	942752	20	1
10	942752	21	1
10	942752	22	1
10	942752	23	1
10	942752	24	1
10	942752	25	1
10	942752	26	1
10	942752	27	1
10	942752	28	1
10	942752	29	1
10	942752	30	1
10	942752	31	1
10	942752	32	1
10	942752	33	1
10	942752	34	1
10	942752	35	1
10	942752	36	1
10	942752	37	1
10	942752	38	1
10	942752	39	1
10	942752	40	0.5
10	942752	41	0.8
10	942752	42	0.75
10	942752	43	1
10	942752	44	0.5
10	942752	45	1
10	942752	46	1
10	942752	47	1
10	942752	48	-nan
10	942752	49	1
10	942752	50	1
10	942752	51	0.83333333333333
10	942752	52	1
10	942752	53	1
10	942752	54	0.75
10	942752	55	1
10	942752	56	1
10	942752	57	1
10	942752	58	0
10	942752	59	1
10	942752	60	0
10	942752	61	1
10	942752	62	1
10	942752	63	0
10	942752	64	0.66666666666667
10	942752	65	0
10	942752	66	1
10	942752	67	0.75
10	942752	68	1
10	942752	69	1
10	942752	70	1
10	942752	71	0.66666666666667
10	942752	72	0
10	942752	73	0
10	942752	74	0
10	942752	75	-nan
10	942752	76	1
10	942752	77	0
10	942752	78	1
10	942752	79	-nan
10	942752	80	0
10	942752	81	0
10	942752	82	0
10	942752	83	-nan
10	942752	84	0
10	942752	85	-nan
10	942752	86	1
10	942752	87	0
10	942752	88	1
10	942752	89	0
10	942752	90	0
10	942752	91	0
10	942752	92	0
10	942752	93	1
10	942752	94	-nan
10	942752	95	-nan
10	942752	96	1
10	942752	97	0
10	942752	98	1
10	942752	99	0
10	942752	100	1
10	942752	101	0
10	942752	102	0
10	942752	103	0.66666666666667
10	942752	104	0.5
10	942752	105	-nan
10	942752	106	0
10	942752	107	0
10	942752	108	1
10	942752	109	-nan
10	942752	110	-nan
10	942752	111	1
10	942752	112	0.75
10	942752	113	0
10	942752	114	0
10	942752	115	-nan
10	942752	116	0
10	942752	117	0
10	942752	118	0
10	942752	119	0
10	942752	120	0
10	942752	121	-nan
10	942752	122	0
10	942752	123	0
10	942752	124	0
10	942752	125	1
10	942752	126	0
10	942752	127	-nan
10	942752	128	-nan
10	942752	129	0
10	942752	130	0
10	942752	131	0
10	942752	132	0
10	942752	133	-nan
10	942752	134	0
10	942752	135	-nan
10	942752	136	-nan
10	942752	137	0
10	942752	138	-nan
10	942752	139	0
10	942752	140	0.5
10	942752	141	0
10	942752	142	0
10	942752	143	-nan
10	942752	144	-nan
10	942752	145	0
10	942752	146	-nan
10	942752	147	-nan
10	942752	148	0.5
10	942752	149	0
10	942752	150	0
10	942752	151	0
10	942752	152	-nan
10	942752	153	0
10	942752	154	0
10	942752	155	-nan
10	942752	156	0
10	942752	157	-nan
10	942752	158	0
10	942752	159	0
10	942752	160	1
10	942752	161	0
10	942752	162	0
10	942752	163	-nan
10	942752	164	0
10	942752	165	0
10	942752	166	1
10	942752	167	0
10	942752	168	0
10	942752	169	0.5
10	942752	170	0
10	942752	171	0
10	942752	172	0
10	942752	173	0
10	942752	174	-nan
10	942752	175	0
10	942752	176	-nan
10	942752	177	1
10	942752	178	0
10	942752	179	0.5
10	942752	180	0
10	942752	181	0
10	942752	182	-nan
10	942752	183	0
10	942752	184	-nan
10	942752	185	-nan
10	942752	186	-nan
10	942752	187	0
10	942752	188	0
10	942752	189	0
10	942752	190	-nan
10	942752	191	-nan
10	942752	192	-nan
10	942752	193	-nan
10	942752	194	0
10	942752	195	0
10	942752	196	-nan
10	942752	197	-nan
10	942752	198	-nan
10	942752	199	0
10	942752	200	-nan
10	942752	201	0
10	942752	202	0
10	942752	203	-nan
10	942752	204	-nan
10	942752	205	0
10	942752	206	0
10	942752	207	0
10	942752	208	0
10	942752	209	-nan
10	942752	210	0
10	942752	211	0
10	942752	212	-nan
10	942752	213	0
10	942752	214	0
10	942752	215	0
10	942752	216	-nan
10	942752	217	-nan
10	942752	218	-nan
10	942752	219	0
10	942752	220	0
10	942752	221	-nan
10	942752	222	-nan
10	942752	223	-nan
10	942752	224	0
10	942752	225	-nan
10	942752	226	1
10	942752	227	-nan
10	942752	228	0
10	942752	229	0
10	942752	230	-nan
10	942752	231	0
10	942752	232	-nan
10	942752	233	0
10	942752	234	1
10	942752	235	-nan
10	942752	236	-nan
10	942752	237	0
10	942752	238	0
vector 11  abilene_network.client[0]  hdistance[0]  ETV
11	942752	1	0
11	942752	2	0
11	942752	3	0
11	942752	4	0
11	942752	5	0
11	942752	6	0
11	942752	7	0
11	942752	8	0
11	942752	9	0
11	942752	10	0
11	942752	11	0
11	942752	12	0
11	942752	13	0
11	942752	14	0
11	942752	15	0
11	942752	16	0
11	942752	17	0
11	942752	18	0
11	942752	19	0
11	942752	20	0
11	942752	21	0
11	942752	22	0.33333333333333
11	942752	23	0
11	942752	24	0
11	942752	25	0
11	942752	26	0
11	942752	27	0.25
11	942752	28	0
11	942752	29	0
11	942752	30	0
11	942752	31	0
11	942752	32	0.14285714285714
11	942752	33	0.33333333333333
11	942752	34	0
11	942752	35	0
11	942752	36	3
11	942752	37	0
11	942752	38	0
11	942752	39	1.25
11	942752	40	0
11	942752	41	0
11	942752	42	0
11	942752	43	0
11	942752	44	0.33333333333333
11	942752	45	0.5
11	942752	46	0.5
11	942752	47	0
11	942752	48	0
11	942752	49	0
11	942752	50	0.5
11	942752	51	0.2
11	942752	52	0.5
11	942752	53	0.5
11	942752	54	0
11	942752	55	0
11	942752	56	0
11	942752	57	3
11	942752	58	0
11	942752	59	0
11	942752	60	6
11	942752	61	0.33333333333333
11	942752	62	0
11	942752	63	0.33333333333333
11	942752	64	1
11	942752	65	3
11	942752	66	0
11	942752	67	0.14285714285714
11	942752	68	0.5
11	942752	69	0
11	942752	70	0
11	942752	71	1
11	942752	72	6
11	942752	73	2
11	942752	74	4.5
11	942752	75	0
11	942752	76	4.3333333333333
11	942752	77	5
11	942752	78	0.5
11	942752	79	0
11	942752	80	6
11	942752	81	0
11	942752	82	0
11	942752	83	3.3333333333333
11	942752	84	0
11	942752	85	0
11	942752	86	1.5
11	942752	87	1
11	942752	88	1
11	942752	89	0
11	942752	90	1
11	942752	91	0
11	942752	92	0.33333333333333
11	942752	93	5
11	942752	94	1
11	942752	95	4.6666666666667
11	942752	96	3.5
11	942752	97	6
11	942752	98	0.5
11	942752	99	0
11	942752	100	0
11	942752	101	2.5
11	942752	102	2.6666666666667
11	942752	103	1
11	942752	104	0.5
11	942752	105	6
11	942752	106	5
11	942752	107	0
11	942752	108	0
11	942752	109	0
11	942752	110	0
11	942752	111	4
11	942752	112	0.33333333333333
11	942752	113	0.2
11	942752	114	5
11	942752	115	0
11	942752	116	0.2
11	942752	117	4.6666666666667
11	942752	118	0
11	942752	119	1
11	942752	120	0
11	942752	121	0
11	942752	122	6
11	942752	123	1
11	942752	124	5.6666666666667
11	942752	125	0
11	942752	126	4.8
11	942752	127	6
11	942752	128	6
11	942752	129	3.5
11	942752	130	6
11	942752	131	6
11	942752	132	4
11	942752	133	0
11	942752	134	6
11	942752	135	6
11	942752	136	5
11	942752	137	0
11	942752	138	0.5
11	942752	139	6
11	942752	140	3
11	942752	141	0
11	942752	142	2
11	942752	143	6
11	942752	144	6
11	942752	145	6
11	942752	146	1.3333333333333
11	942752	147	0
11	942752	148	1
11	942752	149	0
11	942752	150	1
11	942752	151	0
11	942752	152	2
11	942752	153	0
11	942752	154	3
11	942752	155	0
11	942752	156	6
11	942752	157	0
11	942752	158	6
11	942752	159	6
11	942752	160	0
11	942752	161	6
11	942752	162	1
11	942752	163	0
11	942752	164	6
11	942752	165	0
11	942752	166	0.33333333333333
11	942752	167	6
11	942752	168	0
11	942752	169	0.33333333333333
11	942752	170	4
11	942752	171	0
11	942752	172	0
11	942752	173	0
11	942752	174	0
11	942752	175	2
11	942752	176	0
11	942752	177	0
11	942752	178	0.33333333333333
11	942752	179	0
11	942752	180	0
11	942752	181	0
11	942752	182	0
11	942752	183	0
11	942752	184	0
11	942752	185	6
11	942752	186	6
11	942752	187	0
11	942752	188	5
11	942752	189	4.25
11	942752	190	0
11	942752	191	6
11	942752	192	0
11	942752	193	6
11	942752	194	0
11	942752	195	0
11	942752	196	6
11	942752	197	0
11	942752	198	6
11	942752	199	6
11	942752	200	0
11	942752	201	6
11	942752	202	0
11	942752	203	6
11	942752	204	6
11	942752	205	6
11	942752	206	2
11	942752	207	0
11	942752	208	6
11	942752	209	0
11	942752	210	6
11	942752	211	0
11	942752	212	0
11	942752	213	6
11	942752	214	6
11	942752	215	6
11	942752	216	0
11	942752	217	6
11	942752	218	6
11	942752	219	0
11	942752	220	6
11	942752	221	4.5
11	942752	222	0
11	942752	223	6
11	942752	224	1
11	942752	225	6
11	942752	226	0
11	942752	227	4
11	942752	228	0
11	942752	229	6
11	942752	230	0
11	942752	231	6
11	942752	232	6
11	942752	233	3.5
11	942752	234	6
11	942752	235	0
11	942752	236	0
11	942752	237	0
11	942752	238	0
vector 12  abilene_network.client[1]  hdistance[1]  ETV
12	942752	1	0
12	942752	2	0
12	942752	3	0
12	942752	4	0
12	942752	5	0
12	942752	6	0
12	942752	7	0
12	942752	8	0
12	942752	9	0
12	942752	10	0
12	942752	11	0
12	942752	12	0
12	942752	13	0
12	942752	14	0
12	942752	15	0
12	942752	16	0
12	942752	17	0
12	942752	18	0
12	942752	19	0
12	942752	20	0
12	942752	21	0
12	942752	22	0.14285714285714
12	942752	23	0
12	942752	24	0
12	942752	25	0.16666666666667
12	942752	26	0
12	942752	27	0
12	942752	28	0.33333333333333
12	942752	29	0.2
12	942752	30	0.66666666666667
12	942752	31	0.125
12	942752	32	0.66666666666667
12	942752	33	0
12	942752	34	0.5
12	942752	35	0.33333333333333
12	942752	36	0
12	942752	37	0.33333333333333
12	942752	38	0
12	942752	39	4
12	942752	40	0
12	942752	41	0.2
12	942752	42	0
12	942752	43	2
12	942752	44	0
12	942752	45	0.8
12	942752	46	0.6
12	942752	47	0
12	942752	48	2.6666666666667
12	942752	49	3.75
12	942752	50	3
12	942752	51	0
12	942752	52	0.5
12	942752	53	0
12	942752	54	0
12	942752	55	3
12	942752	56	0
12	942752	57	2
12	942752	58	1.6666666666667
12	942752	59	2
12	942752	60	5
12	942752	61	3
12	942752	62	0.33333333333333
12	942752	63	0
12	942752	64	2.5
12	942752	65	5
12	942752	66	2
12	942752	67	0
12	942752	68	0.33333333333333
12	942752	69	0.25
12	942752	70	5
12	942752	71	0
12	942752	72	3.5
12	942752	73	0
12	942752	74	0
12	942752	75	0.33333333333333
12	942752	76	2.5
12	942752	77	3
12	942752	78	0
12	942752	79	2
12	942752	80	5
12	942752	81	0.5
12	942752	82	3
12	942752	83	5
12	942752	84	2.5
12	942752	85	5
12	942752	86	2
12	942752	87	0
12	942752	88	2
12	942752	89	0.75
12	942752	90	0
12	942752	91	4
12	942752	92	1
12	942752	93	5
12	942752	94	0.33333333333333
12	942752	95	0
12	942752	96	1
12	942752	97	2
12	942752	98	0.33333333333333
12	942752	99	5
12	942752	100	0
12	942752	101	1.3333333333333
12	942752	102	5
12	942752	103	1.3333333333333
12	942752	104	0.5
12	942752	105	5
12	942752	106	0
12	942752	107	4
12	942752	108	5
12	942752	109	3
12	942752	110	3
12	942752	111	1
12	942752	112	0
12	942752	113	1
12	942752	114	0
12	942752	115	5
12	942752	116	1.3333333333333
12	942752	117	2
12	942752	118	0
12	942752	119	0.33333333333333
12	942752	120	2
12	942752	121	4
12	942752	122	5
12	942752	123	1
12	942752	124	0
12	942752	125	5
12	942752	126	5
12	942752	127	5
12	942752	128	0
12	942752	129	0
12	942752	130	0
12	942752	131	3
12	942752	132	4
12	942752	133	0
12	942752	134	5
12	942752	135	5
12	942752	136	5
12	942752	137	5
12	942752	138	1
12	942752	139	5
12	942752	140	5
12	942752	141	5
12	942752	142	0
12	942752	143	0
12	942752	144	5
12	942752	145	5
12	942752	146	2
12	942752	147	5
12	942752	148	2.75
12	942752	149	5
12	942752	150	0
12	942752	151	5
12	942752	152	0
12	942752	153	5
12	942752	154	2.5
12	942752	155	0
12	942752	156	5
12	942752	157	0
12	942752	158	5
12	942752	159	0
12	942752	160	3
12	942752	161	0
12	942752	162	0
12	942752	163	0
12	942752	164	5
12	942752	165	0
12	942752	166	5
12	942752	167	5
12	942752	168	0
12	942752	169	0
12	942752	170	0
12	942752	171	0
12	942752	172	5
12	942752	173	5
12	942752	174	5
12	942752	175	0
12	942752	176	5
12	942752	177	0
12	942752	178	2.5
12	942752	179	1
12	942752	180	5
12	942752	181	0
12	942752	182	0
12	942752	183	0
12	942752	184	5
12	942752	185	0
12	942752	186	0
12	942752	187	0
12	942752	188	0
12	942752	189	3
12	942752	190	5
12	942752	191	5
12	942752	192	5
12	942752	193	0
12	942752	194	0
12	942752	195	1
12	942752	196	0
12	942752	197	5
12	942752	198	0
12	942752	199	5
12	942752	200	5
12	942752	201	0
12	942752	202	0
12	942752	203	0
12	942752	204	0
12	942752	205	5
12	942752	206	0
12	942752	207	0
12	942752	208	0
12	942752	209	0
12	942752	210	5
12	942752	211	0
12	942752	212	0
12	942752	213	3
12	942752	214	5
12	942752	215	0
12	942752	216	5
12	942752	217	0
12	942752	218	5
12	942752	219	5
12	942752	220	0
12	942752	221	2
12	942752	222	0
12	942752	223	0
12	942752	224	0
12	942752	225	0
12	942752	226	5
12	942752	227	5
12	942752	228	5
12	942752	229	0
12	942752	230	5
12	942752	231	5
12	942752	232	5
12	942752	233	1
12	942752	234	0
12	942752	235	5
12	942752	236	5
12	942752	237	0
12	942752	238	5
vector 13  abilene_network.client[2]  hdistance[2]  ETV
13	942752	1	0
13	942752	2	0
13	942752	3	0
13	942752	4	0
13	942752	5	0
13	942752	6	0
13	942752	7	0
13	942752	8	0
13	942752	9	0
13	942752	10	0
13	942752	11	0
13	942752	12	0
13	942752	13	0.083333333333333
13	942752	14	0
13	942752	15	0.16666666666667
13	942752	16	0
13	942752	17	0
13	942752	18	0.090909090909091
13	942752	19	0
13	942752	20	0
13	942752	21	0.25
13	942752	22	0
13	942752	23	0.1
13	942752	24	0
13	942752	25	0
13	942752	26	0.16666666666667
13	942752	27	0.66666666666667
13	942752	28	0
13	942752	29	0.14285714285714
13	942752	30	0
13	942752	31	0
13	942752	32	0
13	942752	33	0
13	942752	34	0
13	942752	35	0.16666666666667
13	942752	36	4
13	942752	37	0.66666666666667
13	942752	38	4
13	942752	39	4
13	942752	40	0.25
13	942752	41	0.2
13	942752	42	4
13	942752	43	0
13	942752	44	0
13	942752	45	0.5
13	942752	46	0
13	942752	47	2.6666666666667
13	942752	48	1
13	942752	49	4
13	942752	50	1.3333333333333
13	942752	51	4
13	942752	52	1
13	942752	53	0
13	942752	54	0
13	942752	55	4
13	942752	56	2.5
13	942752	57	3.5
13	942752	58	0
13	942752	59	0
13	942752	60	0
13	942752	61	1.3333333333333
13	942752	62	0
13	942752	63	0
13	942752	64	0
13	942752	65	4
13	942752	66	4
13	942752	67	2.75
13	942752	68	1
13	942752	69	0
13	942752	70	4
13	942752	71	1.3333333333333
13	942752	72	0.83333333333333
13	942752	73	0
13	942752	74	3.3333333333333
13	942752	75	0.5
13	942752	76	0
13	942752	77	0.5
13	942752	78	0
13	942752	79	2.25
13	942752	80	4
13	942752	81	0
13	942752	82	1.25
13	942752	83	0
13	942752	84	2.5
13	942752	85	3.5
13	942752	86	0
13	942752	87	0
13	942752	88	2
13	942752	89	2
13	942752	90	0
13	942752	91	4
13	942752	92	0.5
13	942752	93	4
13	942752	94	0
13	942752	95	4
13	942752	96	0.66666666666667
13	942752	97	0
13	942752	98	0
13	942752	99	4
13	942752	100	0
13	942752	101	0
13	942752	102	2.5
13	942752	103	0.33333333333333
13	942752	104	1
13	942752	105	4
13	942752	106	0
13	942752	107	0
13	942752	108	4
13	942752	109	0.66666666666667
13	942752	110	1
13	942752	111	0
13	942752	112	2.6666666666667
13	942752	113	0
13	942752	114	1.3333333333333
13	942752	115	3
13	942752	116	4
13	942752	117	3
13	942752	118	3
13	942752	119	3.5
13	942752	120	1.6666666666667
13	942752	121	4
13	942752	122	4
13	942752	123	0
13	942752	124	4
13	942752	125	0
13	942752	126	4
13	942752	127	4
13	942752	128	4
13	942752	129	0
13	942752	130	4
13	942752	131	2
13	942752	132	1
13	942752	133	0
13	942752	134	1.25
13	942752	135	4
13	942752	136	4
13	942752	137	0
13	942752	138	0
13	942752	139	4
13	942752	140	0
13	942752	141	4
13	942752	142	0
13	942752	143	4
13	942752	144	4
13	942752	145	0
13	942752	146	0
13	942752	147	4
13	942752	148	0
13	942752	149	4
13	942752	150	0
13	942752	151	4
13	942752	152	1.5
13	942752	153	4
13	942752	154	0
13	942752	155	2
13	942752	156	4
13	942752	157	4
13	942752	158	1
13	942752	159	4
13	942752	160	4
13	942752	161	4
13	942752	162	4
13	942752	163	2.6666666666667
13	942752	164	0
13	942752	165	4
13	942752	166	4
13	942752	167	4
13	942752	168	0
13	942752	169	3
13	942752	170	1
13	942752	171	0
13	942752	172	0
13	942752	173	4
13	942752	174	4
13	942752	175	0.6
13	942752	176	4
13	942752	177	4
13	942752	178	2.5
13	942752	179	0
13	942752	180	0
13	942752	181	0
13	942752	182	4
13	942752	183	4
13	942752	184	4
13	942752	185	0
13	942752	186	4
13	942752	187	4
13	942752	188	0
13	942752	189	4
13	942752	190	4
13	942752	191	4
13	942752	192	0
13	942752	193	4
13	942752	194	4
13	942752	195	3.5
13	942752	196	0
13	942752	197	0
13	942752	198	0
13	942752	199	4
13	942752	200	0
13	942752	201	0
13	942752	202	4
13	942752	203	0
13	942752	204	4
13	942752	205	4
13	942752	206	3
13	942752	207	0
13	942752	208	4
13	942752	209	4
13	942752	210	4
13	942752	211	4
13	942752	212	0
13	942752	213	3.5
13	942752	214	0
13	942752	215	2
13	942752	216	0
13	942752	217	0
13	942752	218	4
13	942752	219	4
13	942752	220	4
13	942752	221	3.5
13	942752	222	0
13	942752	223	0.5
13	942752	224	0
13	942752	225	4
13	942752	226	0
13	942752	227	3.3333333333333
13	942752	228	0
13	942752	229	0
13	942752	230	0
13	942752	231	4
13	942752	232	0
13	942752	233	2
13	942752	234	0
13	942752	235	4
13	942752	236	4
13	942752	237	0
13	942752	238	0
vector 14  abilene_network.client[3]  hdistance[3]  ETV
14	942752	1	0
14	942752	2	0
14	942752	3	0
14	942752	4	0
14	942752	5	0
14	942752	6	0
14	942752	7	0
14	942752	8	0
14	942752	9	0.090909090909091
14	942752	10	0
14	942752	11	0
14	942752	12	0
14	942752	13	0
14	942752	14	0
14	942752	15	0
14	942752	16	0
14	942752	17	0
14	942752	18	0.11111111111111
14	942752	19	0.125
14	942752	20	0
14	942752	21	0
14	942752	22	0
14	942752	23	0
14	942752	24	0.6
14	942752	25	1.8
14	942752	26	0.125
14	942752	27	1.6666666666667
14	942752	28	0.2
14	942752	29	0
14	942752	30	0
14	942752	31	0.125
14	942752	32	2.25
14	942752	33	1.3333333333333
14	942752	34	0.5
14	942752	35	0.9
14	942752	36	3
14	942752	37	0
14	942752	38	2.6666666666667
14	942752	39	0.6
14	942752	40	0.14285714285714
14	942752	41	0
14	942752	42	3
14	942752	43	1.5
14	942752	44	3
14	942752	45	0
14	942752	46	1.5
14	942752	47	1.5
14	942752	48	3
14	942752	49	3
14	942752	50	0
14	942752	51	3
14	942752	52	2
14	942752	53	3
14	942752	54	0.6
14	942752	55	2
14	942752	56	0.75
14	942752	57	0
14	942752	58	0
14	942752	59	1.5
14	942752	60	3
14	942752	61	3
14	942752	62	2.5
14	942752	63	3
14	942752	64	3
14	942752	65	3
14	942752	66	0.75
14	942752	67	1.5
14	942752	68	0
14	942752	69	0
14	942752	70	3
14	942752	71	3
14	942752	72	2.5
14	942752	73	3
14	942752	74	1.5
14	942752	75	0
14	942752	76	3
14	942752	77	0.5
14	942752	78	1.3333333333333
14	942752	79	0
14	942752	80	3
14	942752	81	0
14	942752	82	2
14	942752	83	1
14	942752	84	0
14	942752	85	2.5
14	942752	86	0
14	942752	87	1
14	942752	88	1
14	942752	89	1.5
14	942752	90	1.6666666666667
14	942752	91	3
14	942752	92	3
14	942752	93	3
14	942752	94	0
14	942752	95	0
14	942752	96	0
14	942752	97	1.3333333333333
14	942752	98	3
14	942752	99	1
14	942752	100	1.5
14	942752	101	0
14	942752	102	0
14	942752	103	0
14	942752	104	0.75
14	942752	105	3
14	942752	106	2.5
14	942752	107	1
14	942752	108	0
14	942752	109	0
14	942752	110	0
14	942752	111	2.6666666666667
14	942752	112	3
14	942752	113	3
14	942752	114	1.5
14	942752	115	2
14	942752	116	0.75
14	942752	117	3
14	942752	118	0
14	942752	119	1
14	942752	120	0
14	942752	121	0
14	942752	122	0
14	942752	123	3
14	942752	124	0
14	942752	125	3
14	942752	126	3
14	942752	127	3
14	942752	128	2.5
14	942752	129	3
14	942752	130	0
14	942752	131	1.5
14	942752	132	0
14	942752	133	3
14	942752	134	0.5
14	942752	135	0
14	942752	136	2.5
14	942752	137	3
14	942752	138	2
14	942752	139	3
14	942752	140	1
14	942752	141	0
14	942752	142	0.25
14	942752	143	3
14	942752	144	3
14	942752	145	3
14	942752	146	1.5
14	942752	147	0
14	942752	148	3
14	942752	149	3
14	942752	150	3
14	942752	151	3
14	942752	152	0
14	942752	153	3
14	942752	154	3
14	942752	155	1.5
14	942752	156	3
14	942752	157	0
14	942752	158	2.6666666666667
14	942752	159	2
14	942752	160	2.6666666666667
14	942752	161	3
14	942752	162	3
14	942752	163	1.5
14	942752	164	0
14	942752	165	3
14	942752	166	3
14	942752	167	0
14	942752	168	3
14	942752	169	3
14	942752	170	0
14	942752	171	3
14	942752	172	0
14	942752	173	3
14	942752	174	0
14	942752	175	1
14	942752	176	3
14	942752	177	3
14	942752	178	0
14	942752	179	3
14	942752	180	0
14	942752	181	3
14	942752	182	3
14	942752	183	0
14	942752	184	0
14	942752	185	3
14	942752	186	3
14	942752	187	3
14	942752	188	0
14	942752	189	0
14	942752	190	3
14	942752	191	3
14	942752	192	3
14	942752	193	0
14	942752	194	0
14	942752	195	3
14	942752	196	2
14	942752	197	0
14	942752	198	3
14	942752	199	3
14	942752	200	3
14	942752	201	2.75
14	942752	202	0
14	942752	203	3
14	942752	204	0
14	942752	205	3
14	942752	206	1
14	942752	207	3
14	942752	208	3
14	942752	209	3
14	942752	210	0
14	942752	211	0
14	942752	212	3
14	942752	213	3
14	942752	214	3
14	942752	215	0
14	942752	216	0
14	942752	217	0
14	942752	218	0
14	942752	219	0
14	942752	220	0
14	942752	221	3
14	942752	222	0
14	942752	223	3
14	942752	224	3
14	942752	225	3
14	942752	226	3
14	942752	227	0
14	942752	228	0
14	942752	229	3
14	942752	230	0
14	942752	231	0
14	942752	232	3
14	942752	233	0
14	942752	234	3
14	942752	235	3
14	942752	236	3
14	942752	237	0
14	942752	238	3
vector 15  abilene_network.client[4]  hdistance[4]  ETV
15	942752	1	0
15	942752	2	0
15	942752	3	0
15	942752	4	0
15	942752	5	0
15	942752	6	0
15	942752	7	0
15	942752	8	0
15	942752	9	0
15	942752	10	0
15	942752	11	0
15	942752	12	0.46666666666667
15	942752	13	0
15	942752	14	0.66666666666667
15	942752	15	1.1111111111111
15	942752	16	0
15	942752	17	2
15	942752	18	0
15	942752	19	0
15	942752	20	1.7777777777778
15	942752	21	1.2857142857143
15	942752	22	2
15	942752	23	0.25
15	942752	24	1
15	942752	25	0.8
15	942752	26	1
15	942752	27	1.2
15	942752	28	1
15	942752	29	1.2857142857143
15	942752	30	2
15	942752	31	0.44444444444444
15	942752	32	2
15	942752	33	1.125
15	942752	34	0.83333333333333
15	942752	35	0
15	942752	36	1.8333333333333
15	942752	37	0.57142857142857
15	942752	38	1
15	942752	39	0.66666666666667
15	942752	40	0
15	942752	41	0.4
15	942752	42	2
15	942752	43	0
15	942752	44	2
15	942752	45	1
15	942752	46	2
15	942752	47	2
15	942752	48	2
15	942752	49	2
15	942752	50	1.5
15	942752	51	2
15	942752	52	1.3333333333333
15	942752	53	2
15	942752	54	1.5
15	942752	55	1.3333333333333
15	942752	56	0
15	942752	57	0
15	942752	58	0
15	942752	59	1.75
15	942752	60	2
15	942752	61	2
15	942752	62	0
15	942752	63	2
15	942752	64	1.5
15	942752	65	1.6666666666667
15	942752	66	1
15	942752	67	0
15	942752	68	2
15	942752	69	2
15	942752	70	2
15	942752	71	2
15	942752	72	2
15	942752	73	2
15	942752	74	1
15	942752	75	1.5
15	942752	76	0
15	942752	77	0
15	942752	78	1
15	942752	79	2
15	942752	80	2
15	942752	81	2
15	942752	82	0
15	942752	83	1
15	942752	84	1
15	942752	85	2
15	942752	86	2
15	942752	87	0
15	942752	88	1.3333333333333
15	942752	89	2
15	942752	90	0
15	942752	91	1.5
15	942752	92	2
15	942752	93	1.5
15	942752	94	2
15	942752	95	2
15	942752	96	0.75
15	942752	97	0
15	942752	98	2
15	942752	99	1.6666666666667
15	942752	100	2
15	942752	101	2
15	942752	102	2
15	942752	103	2
15	942752	104	2
15	942752	105	2
15	942752	106	0
15	942752	107	2
15	942752	108	2
15	942752	109	0
15	942752	110	2
15	942752	111	2
15	942752	112	2
15	942752	113	0
15	942752	114	2
15	942752	115	0
15	942752	116	2
15	942752	117	1.3333333333333
15	942752	118	2
15	942752	119	2
15	942752	120	1.5
15	942752	121	1.6666666666667
15	942752	122	0
15	942752	123	2
15	942752	124	0
15	942752	125	2
15	942752	126	0.66666666666667
15	942752	127	2
15	942752	128	0
15	942752	129	0
15	942752	130	0
15	942752	131	0
15	942752	132	1
15	942752	133	2
15	942752	134	0.5
15	942752	135	2
15	942752	136	2
15	942752	137	2
15	942752	138	0
15	942752	139	2
15	942752	140	0
15	942752	141	0
15	942752	142	0
15	942752	143	2
15	942752	144	2
15	942752	145	0
15	942752	146	1.75
15	942752	147	0
15	942752	148	0
15	942752	149	0
15	942752	150	2
15	942752	151	2
15	942752	152	1
15	942752	153	2
15	942752	154	2
15	942752	155	1
15	942752	156	2
15	942752	157	2
15	942752	158	2
15	942752	159	1.6666666666667
15	942752	160	2
15	942752	161	2
15	942752	162	2
15	942752	163	2
15	942752	164	1.6666666666667
15	942752	165	2
15	942752	166	2
15	942752	167	2
15	942752	168	2
15	942752	169	0
15	942752	170	2
15	942752	171	2
15	942752	172	0
15	942752	173	0
15	942752	174	0
15	942752	175	2
15	942752	176	2
15	942752	177	0
15	942752	178	0
15	942752	179	0
15	942752	180	2
15	942752	181	2
15	942752	182	2
15	942752	183	0
15	942752	184	2
15	942752	185	2
15	942752	186	2
15	942752	187	2
15	942752	188	0
15	942752	189	2
15	942752	190	0
15	942752	191	2
15	942752	192	0
15	942752	193	2
15	942752	194	0
15	942752	195	2
15	942752	196	2
15	942752	197	2
15	942752	198	2
15	942752	199	0
15	942752	200	2
15	942752	201	2
15	942752	202	2
15	942752	203	0
15	942752	204	0
15	942752	205	2
15	942752	206	2
15	942752	207	0
15	942752	208	2
15	942752	209	2
15	942752	210	2
15	942752	211	0
15	942752	212	2
15	942752	213	0
15	942752	214	2
15	942752	215	2
15	942752	216	0
15	942752	217	0
15	942752	218	2
15	942752	219	0
15	942752	220	2
15	942752	221	2
15	942752	222	0
15	942752	223	2
15	942752	224	0
15	942752	225	0
15	942752	226	2
15	942752	227	0
15	942752	228	2
15	942752	229	2
15	942752	230	2
15	942752	231	0
15	942752	232	2
15	942752	233	1
15	942752	234	2
15	942752	235	0
15	942752	236	2
15	942752	237	0
15	942752	238	0
vector 16  abilene_network.client[5]  hdistance[5]  ETV
16	942752	1	0.41584158415842
16	942752	2	0.64406779661017
16	942752	3	0.84375
16	942752	4	0.66666666666667
16	942752	5	0.9
16	942752	6	0.8695652173913
16	942752	7	0.83333333333333
16	942752	8	0.9
16	942752	9	0.88235294117647
16	942752	10	0.93333333333333
16	942752	11	0.91666666666667
16	942752	12	0.92307692307692
16	942752	13	0.92857142857143
16	942752	14	0.92307692307692
16	942752	15	0.83333333333333
16	942752	16	0.76923076923077
16	942752	17	0.63636363636364
16	942752	18	0.8
16	942752	19	0.9
16	942752	20	1
16	942752	21	0.75
16	942752	22	1
16	942752	23	1
16	942752	24	1
16	942752	25	0.77777777777778
16	942752	26	0.8
16	942752	27	0.6
16	942752	28	1
16	942752	29	0.72727272727273
16	942752	30	1
16	942752	31	1
16	942752	32	0.66666666666667
16	942752	33	1
16	942752	34	0.875
16	942752	35	0.66666666666667
16	942752	36	1
16	942752	37	0.8
16	942752	38	0.75
16	942752	39	0.875
16	942752	40	1
16	942752	41	1
16	942752	42	1
16	942752	43	1
16	942752	44	1
16	942752	45	1
16	942752	46	1
16	942752	47	1
16	942752	48	1
16	942752	49	1
16	942752	50	1
16	942752	51	0.85714285714286
16	942752	52	0.5
16	942752	53	1
16	942752	54	1
16	942752	55	1
16	942752	56	0.83333333333333
16	942752	57	1
16	942752	58	1
16	942752	59	0.83333333333333
16	942752	60	1
16	942752	61	0.8
16	942752	62	1
16	942752	63	1
16	942752	64	1
16	942752	65	1
16	942752	66	1
16	942752	67	0.8
16	942752	68	0
16	942752	69	1
16	942752	70	0
16	942752	71	1
16	942752	72	1
16	942752	73	0
16	942752	74	1
16	942752	75	1
16	942752	76	1
16	942752	77	0
16	942752	78	1
16	942752	79	0.5
16	942752	80	1
16	942752	81	1
16	942752	82	1
16	942752	83	1
16	942752	84	1
16	942752	85	1
16	942752	86	0
16	942752	87	1
16	942752	88	1
16	942752	89	1
16	942752	90	1
16	942752	91	1
16	942752	92	1
16	942752	93	0.8
16	942752	94	1
16	942752	95	1
16	942752	96	0.5
16	942752	97	1
16	942752	98	0
16	942752	99	1
16	942752	100	0.75
16	942752	101	1
16	942752	102	1
16	942752	103	1
16	942752	104	1
16	942752	105	0
16	942752	106	0
16	942752	107	1
16	942752	108	1
16	942752	109	0
16	942752	110	1
16	942752	111	0.5
16	942752	112	0
16	942752	113	1
16	942752	114	1
16	942752	115	1
16	942752	116	1
16	942752	117	0.5
16	942752	118	1
16	942752	119	1
16	942752	120	1
16	942752	121	1
16	942752	122	1
16	942752	123	1
16	942752	124	0
16	942752	125	1
16	942752	126	1
16	942752	127	1
16	942752	128	1
16	942752	129	1
16	942752	130	1
16	942752	131	1
16	942752	132	1
16	942752	133	1
16	942752	134	0
16	942752	135	0
16	942752	136	1
16	942752	137	0
16	942752	138	1
16	942752	139	1
16	942752	140	1
16	942752	141	1
16	942752	142	1
16	942752	143	1
16	942752	144	0
16	942752	145	0
16	942752	146	0
16	942752	147	0
16	942752	148	1
16	942752	149	1
16	942752	150	1
16	942752	151	1
16	942752	152	1
16	942752	153	0
16	942752	154	1
16	942752	155	0
16	942752	156	1
16	942752	157	1
16	942752	158	0
16	942752	159	0
16	942752	160	0
16	942752	161	0
16	942752	162	1
16	942752	163	1
16	942752	164	1
16	942752	165	1
16	942752	166	0
16	942752	167	1
16	942752	168	1
16	942752	169	0
16	942752	170	1
16	942752	171	1
16	942752	172	0
16	942752	173	1
16	942752	174	1
16	942752	175	1
16	942752	176	0.5
16	942752	177	0
16	942752	178	1
16	942752	179	0
16	942752	180	0.5
16	942752	181	0.5
16	942752	182	1
16	942752	183	1
16	942752	184	1
16	942752	185	1
16	942752	186	1
16	942752	187	1
16	942752	188	0
16	942752	189	0
16	942752	190	1
16	942752	191	1
16	942752	192	0
16	942752	193	1
16	942752	194	1
16	942752	195	1
16	942752	196	1
16	942752	197	0
16	942752	198	0
16	942752	199	1
16	942752	200	1
16	942752	201	1
16	942752	202	0
16	942752	203	1
16	942752	204	1
16	942752	205	0
16	942752	206	0.5
16	942752	207	1
16	942752	208	1
16	942752	209	1
16	942752	210	1
16	942752	211	1
16	942752	212	1
16	942752	213	0
16	942752	214	0
16	942752	215	1
16	942752	216	0
16	942752	217	0
16	942752	218	0
16	942752	219	1
16	942752	220	0
16	942752	221	0.5
16	942752	222	0
16	942752	223	1
16	942752	224	1
16	942752	225	0
16	942752	226	0
16	942752	227	0
16	942752	228	1
16	942752	229	1
16	942752	230	1
16	942752	231	1
16	942752	232	1
16	942752	233	1
16	942752	234	0
16	942752	235	1
16	942752	236	0
16	942752	237	1
16	942752	238	1
vector 17  abilene_network.client[6]  hdistance[6]  ETV
17	942752	1	0
17	942752	2	0
17	942752	3	0
17	942752	4	0
17	942752	5	0
17	942752	6	0
17	942752	7	0
17	942752	8	0
17	942752	9	0
17	942752	10	0
17	942752	11	0
17	942752	12	0
17	942752	13	0
17	942752	14	0
17	942752	15	1.5
17	942752	16	2
17	942752	17	0
17	942752	18	0
17	942752	19	0
17	942752	20	1.5
17	942752	21	0.75
17	942752	22	1
17	942752	23	1
17	942752	24	0
17	942752	25	1
17	942752	26	0.66666666666667
17	942752	27	1.7142857142857
17	942752	28	2
17	942752	29	0.16666666666667
17	942752	30	0
17	942752	31	0.66666666666667
17	942752	32	0
17	942752	33	0
17	942752	34	2
17	942752	35	1.1428571428571
17	942752	36	0.33333333333333
17	942752	37	2
17	942752	38	2
17	942752	39	0
17	942752	40	2
17	942752	41	2
17	942752	42	1
17	942752	43	1.3333333333333
17	942752	44	2
17	942752	45	1.25
17	942752	46	2
17	942752	47	1.8571428571429
17	942752	48	0.83333333333333
17	942752	49	1.25
17	942752	50	2
17	942752	51	2
17	942752	52	1
17	942752	53	1.5
17	942752	54	1
17	942752	55	0
17	942752	56	1.75
17	942752	57	2
17	942752	58	1.6666666666667
17	942752	59	2
17	942752	60	0.5
17	942752	61	2
17	942752	62	0.375
17	942752	63	1
17	942752	64	0
17	942752	65	0
17	942752	66	1.4
17	942752	67	0
17	942752	68	2
17	942752	69	0
17	942752	70	0.75
17	942752	71	0.85714285714286
17	942752	72	0
17	942752	73	0.33333333333333
17	942752	74	1.3333333333333
17	942752	75	2
17	942752	76	2
17	942752	77	2
17	942752	78	2
17	942752	79	0.83333333333333
17	942752	80	0
17	942752	81	1.4
17	942752	82	2
17	942752	83	0.66666666666667
17	942752	84	2
17	942752	85	2
17	942752	86	2
17	942752	87	2
17	942752	88	1.5
17	942752	89	0
17	942752	90	0
17	942752	91	2
17	942752	92	0
17	942752	93	2
17	942752	94	2
17	942752	95	0
17	942752	96	1.6666666666667
17	942752	97	2
17	942752	98	2
17	942752	99	0
17	942752	100	0
17	942752	101	2
17	942752	102	0
17	942752	103	2
17	942752	104	0
17	942752	105	0
17	942752	106	2
17	942752	107	2
17	942752	108	0.5
17	942752	109	0.625
17	942752	110	2
17	942752	111	2
17	942752	112	1
17	942752	113	0
17	942752	114	2
17	942752	115	0
17	942752	116	2
17	942752	117	2
17	942752	118	2
17	942752	119	0
17	942752	120	0
17	942752	121	2
17	942752	122	2
17	942752	123	2
17	942752	124	2
17	942752	125	2
17	942752	126	2
17	942752	127	1
17	942752	128	2
17	942752	129	0
17	942752	130	0
17	942752	131	0.5
17	942752	132	0
17	942752	133	1
17	942752	134	2
17	942752	135	1
17	942752	136	0
17	942752	137	1
17	942752	138	2
17	942752	139	2
17	942752	140	0
17	942752	141	0
17	942752	142	2
17	942752	143	1
17	942752	144	2
17	942752	145	0
17	942752	146	0.4
17	942752	147	2
17	942752	148	1.5
17	942752	149	2
17	942752	150	2
17	942752	151	0
17	942752	152	0
17	942752	153	1
17	942752	154	2
17	942752	155	2
17	942752	156	0
17	942752	157	0
17	942752	158	2
17	942752	159	2
17	942752	160	0
17	942752	161	0
17	942752	162	2
17	942752	163	2
17	942752	164	0
17	942752	165	2
17	942752	166	0
17	942752	167	0
17	942752	168	0
17	942752	169	2
17	942752	170	2
17	942752	171	2
17	942752	172	0
17	942752	173	2
17	942752	174	0
17	942752	175	2
17	942752	176	2
17	942752	177	2
17	942752	178	0
17	942752	179	0
17	942752	180	1.5
17	942752	181	0
17	942752	182	0
17	942752	183	2
17	942752	184	2
17	942752	185	0
17	942752	186	1
17	942752	187	0.66666666666667
17	942752	188	2
17	942752	189	2
17	942752	190	0
17	942752	191	2
17	942752	192	0
17	942752	193	2
17	942752	194	2
17	942752	195	2
17	942752	196	0
17	942752	197	2
17	942752	198	2
17	942752	199	0
17	942752	200	1.5
17	942752	201	2
17	942752	202	1
17	942752	203	0
17	942752	204	0
17	942752	205	1
17	942752	206	2
17	942752	207	2
17	942752	208	2
17	942752	209	0
17	942752	210	0.33333333333333
17	942752	211	2
17	942752	212	0
17	942752	213	0
17	942752	214	0
17	942752	215	0
17	942752	216	2
17	942752	217	2
17	942752	218	0
17	942752	219	0
17	942752	220	0
17	942752	221	2
17	942752	222	2
17	942752	223	2
17	942752	224	2
17	942752	225	1.5
17	942752	226	2
17	942752	227	0
17	942752	228	0
17	942752	229	2
17	942752	230	2
17	942752	231	2
17	942752	232	2
17	942752	233	2
17	942752	234	2
17	942752	235	1
17	942752	236	0
17	942752	237	0
17	942752	238	2
vector 18  abilene_network.client[7]  hdistance[7]  ETV
18	942752	1	0
18	942752	2	0
18	942752	3	0
18	942752	4	0
18	942752	5	0
18	942752	6	0
18	942752	7	0
18	942752	8	0
18	942752	9	0
18	942752	10	0
18	942752	11	0
18	942752	12	0
18	942752	13	0.083333333333333
18	942752	14	0
18	942752	15	0
18	942752	16	0
18	942752	17	0
18	942752	18	0
18	942752	19	0
18	942752	20	0
18	942752	21	0.3
18	942752	22	0.16666666666667
18	942752	23	0
18	942752	24	0
18	942752	25	1
18	942752	26	0.6
18	942752	27	0.71428571428571
18	942752	28	0
18	942752	29	1.3333333333333
18	942752	30	0
18	942752	31	3
18	942752	32	0
18	942752	33	0.33333333333333
18	942752	34	0
18	942752	35	2.4
18	942752	36	0.25
18	942752	37	2.4
18	942752	38	3
18	942752	39	0.25
18	942752	40	3
18	942752	41	0
18	942752	42	1.5
18	942752	43	3
18	942752	44	3
18	942752	45	0
18	942752	46	0
18	942752	47	0
18	942752	48	0
18	942752	49	0
18	942752	50	0.75
18	942752	51	3
18	942752	52	1
18	942752	53	3
18	942752	54	2.5
18	942752	55	3
18	942752	56	0
18	942752	57	3
18	942752	58	0
18	942752	59	0
18	942752	60	0
18	942752	61	0
18	942752	62	3
18	942752	63	0
18	942752	64	0
18	942752	65	0
18	942752	66	3
18	942752	67	2.6666666666667
18	942752	68	3
18	942752	69	0
18	942752	70	0.5
18	942752	71	2
18	942752	72	3
18	942752	73	1.5
18	942752	74	0.33333333333333
18	942752	75	0
18	942752	76	2
18	942752	77	3
18	942752	78	0
18	942752	79	0
18	942752	80	3
18	942752	81	3
18	942752	82	3
18	942752	83	0
18	942752	84	0
18	942752	85	3
18	942752	86	3
18	942752	87	3
18	942752	88	0
18	942752	89	1
18	942752	90	3
18	942752	91	3
18	942752	92	0
18	942752	93	0.66666666666667
18	942752	94	3
18	942752	95	2
18	942752	96	3
18	942752	97	3
18	942752	98	0
18	942752	99	3
18	942752	100	1.3333333333333
18	942752	101	3
18	942752	102	3
18	942752	103	0
18	942752	104	1
18	942752	105	0.25
18	942752	106	3
18	942752	107	0
18	942752	108	1.5
18	942752	109	3
18	942752	110	3
18	942752	111	1.5
18	942752	112	0.25
18	942752	113	0.75
18	942752	114	0
18	942752	115	0
18	942752	116	0
18	942752	117	0
18	942752	118	3
18	942752	119	3
18	942752	120	0
18	942752	121	3
18	942752	122	3
18	942752	123	0
18	942752	124	0
18	942752	125	0
18	942752	126	3
18	942752	127	0
18	942752	128	0
18	942752	129	3
18	942752	130	3
18	942752	131	3
18	942752	132	3
18	942752	133	0
18	942752	134	3
18	942752	135	0
18	942752	136	0
18	942752	137	0
18	942752	138	3
18	942752	139	0
18	942752	140	3
18	942752	141	3
18	942752	142	3
18	942752	143	3
18	942752	144	0
18	942752	145	3
18	942752	146	1.6
18	942752	147	3
18	942752	148	0
18	942752	149	2.5
18	942752	150	3
18	942752	151	3
18	942752	152	0
18	942752	153	3
18	942752	154	0
18	942752	155	3
18	942752	156	3
18	942752	157	2
18	942752	158	3
18	942752	159	1.5
18	942752	160	0
18	942752	161	0
18	942752	162	3
18	942752	163	0
18	942752	164	0
18	942752	165	0
18	942752	166	3
18	942752	167	3
18	942752	168	2
18	942752	169	0
18	942752	170	3
18	942752	171	0
18	942752	172	3
18	942752	173	0
18	942752	174	3
18	942752	175	0
18	942752	176	2
18	942752	177	3
18	942752	178	3
18	942752	179	0
18	942752	180	3
18	942752	181	0
18	942752	182	0
18	942752	183	0
18	942752	184	3
18	942752	185	0
18	942752	186	1.5
18	942752	187	0
18	942752	188	3
18	942752	189	0
18	942752	190	2
18	942752	191	0
18	942752	192	1
18	942752	193	0
18	942752	194	0
18	942752	195	3
18	942752	196	0
18	942752	197	0
18	942752	198	0
18	942752	199	3
18	942752	200	2
18	942752	201	3
18	942752	202	0
18	942752	203	0
18	942752	204	3
18	942752	205	3
18	942752	206	0
18	942752	207	2
18	942752	208	3
18	942752	209	0.5
18	942752	210	1.3333333333333
18	942752	211	3
18	942752	212	2
18	942752	213	3
18	942752	214	3
18	942752	215	0
18	942752	216	0
18	942752	217	3
18	942752	218	0
18	942752	219	0
18	942752	220	3
18	942752	221	0
18	942752	222	3
18	942752	223	0
18	942752	224	0
18	942752	225	0
18	942752	226	3
18	942752	227	0
18	942752	228	3
18	942752	229	3
18	942752	230	0
18	942752	231	3
18	942752	232	3
18	942752	233	0
18	942752	234	3
18	942752	235	0
18	942752	236	0
18	942752	237	3
18	942752	238	3
vector 19  abilene_network.client[8]  hdistance[8]  ETV
19	942752	1	0
19	942752	2	0
19	942752	3	0
19	942752	4	0
19	942752	5	0
19	942752	6	0
19	942752	7	0
19	942752	8	0
19	942752	9	0
19	942752	10	0
19	942752	11	0
19	942752	12	0
19	942752	13	0
19	942752	14	0
19	942752	15	0
19	942752	16	0
19	942752	17	0
19	942752	18	0
19	942752	19	0
19	942752	20	0
19	942752	21	0.71428571428571
19	942752	22	0
19	942752	23	0
19	942752	24	0
19	942752	25	0
19	942752	26	0
19	942752	27	0
19	942752	28	0.14285714285714
19	942752	29	0
19	942752	30	0
19	942752	31	2.3333333333333
19	942752	32	0
19	942752	33	0
19	942752	34	0
19	942752	35	4
19	942752	36	0.14285714285714
19	942752	37	0.16666666666667
19	942752	38	0
19	942752	39	0.33333333333333
19	942752	40	3.2
19	942752	41	0.33333333333333
19	942752	42	0
19	942752	43	2.3333333333333
19	942752	44	4
19	942752	45	0.2
19	942752	46	0
19	942752	47	0
19	942752	48	0
19	942752	49	0.2
19	942752	50	2
19	942752	51	0
19	942752	52	0
19	942752	53	0
19	942752	54	4
19	942752	55	0
19	942752	56	2
19	942752	57	4
19	942752	58	0
19	942752	59	0
19	942752	60	0.66666666666667
19	942752	61	1
19	942752	62	2.3333333333333
19	942752	63	0
19	942752	64	0.33333333333333
19	942752	65	0
19	942752	66	0
19	942752	67	1.5
19	942752	68	0.33333333333333
19	942752	69	0
19	942752	70	0
19	942752	71	2.3333333333333
19	942752	72	4
19	942752	73	3
19	942752	74	0
19	942752	75	2
19	942752	76	0
19	942752	77	2
19	942752	78	0
19	942752	79	3
19	942752	80	4
19	942752	81	0
19	942752	82	4
19	942752	83	0.33333333333333
19	942752	84	4
19	942752	85	4
19	942752	86	4
19	942752	87	4
19	942752	88	0
19	942752	89	1
19	942752	90	4
19	942752	91	0
19	942752	92	1.5
19	942752	93	0
19	942752	94	0
19	942752	95	0
19	942752	96	4
19	942752	97	2
19	942752	98	0
19	942752	99	4
19	942752	100	0
19	942752	101	4
19	942752	102	1
19	942752	103	2
19	942752	104	0
19	942752	105	0.5
19	942752	106	0
19	942752	107	4
19	942752	108	1
19	942752	109	2
19	942752	110	0
19	942752	111	0
19	942752	112	1
19	942752	113	4
19	942752	114	4
19	942752	115	0
19	942752	116	1
19	942752	117	4
19	942752	118	0
19	942752	119	4
19	942752	120	1
19	942752	121	0
19	942752	122	4
19	942752	123	0
19	942752	124	0
19	942752	125	0
19	942752	126	0
19	942752	127	1
19	942752	128	0
19	942752	129	4
19	942752	130	4
19	942752	131	0
19	942752	132	4
19	942752	133	0
19	942752	134	4
19	942752	135	1.5
19	942752	136	4
19	942752	137	2
19	942752	138	4
19	942752	139	4
19	942752	140	0
19	942752	141	0
19	942752	142	0
19	942752	143	0
19	942752	144	4
19	942752	145	0
19	942752	146	2
19	942752	147	0
19	942752	148	3
19	942752	149	0
19	942752	150	4
19	942752	151	0
19	942752	152	0
19	942752	153	2
19	942752	154	3.5
19	942752	155	4
19	942752	156	0
19	942752	157	0.5
19	942752	158	4
19	942752	159	2.5
19	942752	160	4
19	942752	161	4
19	942752	162	0
19	942752	163	0
19	942752	164	4
19	942752	165	3
19	942752	166	0
19	942752	167	4
19	942752	168	4
19	942752	169	4
19	942752	170	4
19	942752	171	4
19	942752	172	4
19	942752	173	4
19	942752	174	3.5
19	942752	175	0
19	942752	176	0
19	942752	177	4
19	942752	178	4
19	942752	179	0
19	942752	180	4
19	942752	181	1
19	942752	182	4
19	942752	183	0.5
19	942752	184	0
19	942752	185	4
19	942752	186	1
19	942752	187	1
19	942752	188	4
19	942752	189	4
19	942752	190	2
19	942752	191	0
19	942752	192	0
19	942752	193	0
19	942752	194	4
19	942752	195	0
19	942752	196	2.5
19	942752	197	0
19	942752	198	4
19	942752	199	4
19	942752	200	0
19	942752	201	0
19	942752	202	0
19	942752	203	0
19	942752	204	0
19	942752	205	4
19	942752	206	4
19	942752	207	2
19	942752	208	0
19	942752	209	0
19	942752	210	0
19	942752	211	4
19	942752	212	0
19	942752	213	4
19	942752	214	4
19	942752	215	4
19	942752	216	0
19	942752	217	4
19	942752	218	4
19	942752	219	0
19	942752	220	4
19	942752	221	0
19	942752	222	0
19	942752	223	4
19	942752	224	0
19	942752	225	0
19	942752	226	0
19	942752	227	4
19	942752	228	1
19	942752	229	4
19	942752	230	4
19	942752	231	4
19	942752	232	0
19	942752	233	0
19	942752	234	0
19	942752	235	3.25
19	942752	236	2
19	942752	237	3
19	942752	238	4
vector 20  abilene_network.client[9]  hdistance[9]  ETV
20	942752	1	0
20	942752	2	0
20	942752	3	0
20	942752	4	0
20	942752	5	0
20	942752	6	0
20	942752	7	0
20	942752	8	0
20	942752	9	0
20	942752	10	0
20	942752	11	0
20	942752	12	0
20	942752	13	0
20	942752	14	0
20	942752	15	0
20	942752	16	0
20	942752	17	0
20	942752	18	0
20	942752	19	0
20	942752	20	0
20	942752	21	0
20	942752	22	0
20	942752	23	0
20	942752	24	0
20	942752	25	0
20	942752	26	0
20	942752	27	0
20	942752	28	0
20	942752	29	0
20	942752	30	0
20	942752	31	0
20	942752	32	0
20	942752	33	0
20	942752	34	0
20	942752	35	0
20	942752	36	0
20	942752	37	0
20	942752	38	0
20	942752	39	0
20	942752	40	0
20	942752	41	0
20	942752	42	0
20	942752	43	0
20	942752	44	0
20	942752	45	0
20	942752	46	0.5
20	942752	47	0
20	942752	48	0.11111111111111
20	942752	49	0.5
20	942752	50	0
20	942752	51	0
20	942752	52	0.2
20	942752	53	0
20	942752	54	0
20	942752	55	1
20	942752	56	0.5
20	942752	57	0
20	942752	58	0.33333333333333
20	942752	59	0
20	942752	60	0.75
20	942752	61	1
20	942752	62	5
20	942752	63	1.5
20	942752	64	0.2
20	942752	65	0.2
20	942752	66	0
20	942752	67	0
20	942752	68	1
20	942752	69	1.5
20	942752	70	0
20	942752	71	1.5
20	942752	72	5
20	942752	73	4.25
20	942752	74	1
20	942752	75	0.2
20	942752	76	5
20	942752	77	5
20	942752	78	1.5
20	942752	79	5
20	942752	80	0
20	942752	81	1
20	942752	82	5
20	942752	83	0.5
20	942752	84	5
20	942752	85	5
20	942752	86	0
20	942752	87	0
20	942752	88	0
20	942752	89	4
20	942752	90	2.5
20	942752	91	0
20	942752	92	2.75
20	942752	93	3.75
20	942752	94	0.5
20	942752	95	1.2
20	942752	96	3.3333333333333
20	942752	97	1
20	942752	98	5
20	942752	99	2.5
20	942752	100	1.5
20	942752	101	5
20	942752	102	1.3333333333333
20	942752	103	0
20	942752	104	3
20	942752	105	1
20	942752	106	0.5
20	942752	107	0
20	942752	108	4
20	942752	109	2
20	942752	110	5
20	942752	111	5
20	942752	112	1
20	942752	113	2
20	942752	114	2.5
20	942752	115	0.33333333333333
20	942752	116	0.5
20	942752	117	5
20	942752	118	0
20	942752	119	0
20	942752	120	3.5
20	942752	121	0
20	942752	122	0
20	942752	123	1.5
20	942752	124	0
20	942752	125	0
20	942752	126	5
20	942752	127	3.5
20	942752	128	5
20	942752	129	5
20	942752	130	5
20	942752	131	5
20	942752	132	5
20	942752	133	4
20	942752	134	5
20	942752	135	0
20	942752	136	0
20	942752	137	1
20	942752	138	5
20	942752	139	5
20	942752	140	0
20	942752	141	1
20	942752	142	5
20	942752	143	5
20	942752	144	5
20	942752	145	5
20	942752	146	1.5
20	942752	147	5
20	942752	148	5
20	942752	149	2.5
20	942752	150	5
20	942752	151	5
20	942752	152	2.5
20	942752	153	0
20	942752	154	0
20	942752	155	0
20	942752	156	0
20	942752	157	3
20	942752	158	5
20	942752	159	0
20	942752	160	5
20	942752	161	5
20	942752	162	5
20	942752	163	0
20	942752	164	0
20	942752	165	0
20	942752	166	5
20	942752	167	5
20	942752	168	0
20	942752	169	5
20	942752	170	0
20	942752	171	0
20	942752	172	5
20	942752	173	5
20	942752	174	2.5
20	942752	175	5
20	942752	176	2.6666666666667
20	942752	177	5
20	942752	178	0
20	942752	179	0
20	942752	180	0
20	942752	181	2
20	942752	182	5
20	942752	183	0
20	942752	184	5
20	942752	185	5
20	942752	186	5
20	942752	187	0
20	942752	188	0
20	942752	189	3.5
20	942752	190	0
20	942752	191	0
20	942752	192	0.75
20	942752	193	0
20	942752	194	0
20	942752	195	0
20	942752	196	0
20	942752	197	5
20	942752	198	0
20	942752	199	5
20	942752	200	1
20	942752	201	5
20	942752	202	2
20	942752	203	5
20	942752	204	0
20	942752	205	0
20	942752	206	0
20	942752	207	3.5
20	942752	208	5
20	942752	209	0
20	942752	210	0
20	942752	211	0
20	942752	212	1
20	942752	213	0
20	942752	214	5
20	942752	215	0
20	942752	216	0
20	942752	217	5
20	942752	218	5
20	942752	219	5
20	942752	220	0
20	942752	221	5
20	942752	222	0
20	942752	223	5
20	942752	224	5
20	942752	225	0
20	942752	226	5
20	942752	227	5
20	942752	228	5
20	942752	229	0
20	942752	230	5
20	942752	231	0
20	942752	232	5
20	942752	233	5
20	942752	234	0
20	942752	235	2
20	942752	236	0
20	942752	237	0
20	942752	238	0
vector 21  abilene_network.client[10]  hdistance[10]  ETV
21	942752	1	0
21	942752	2	0
21	942752	3	0
21	942752	4	0
21	942752	5	0
21	942752	6	0
21	942752	7	0
21	942752	8	0
21	942752	9	0
21	942752	10	0
21	942752	11	0
21	942752	12	0
21	942752	13	0
21	942752	14	0
21	942752	15	0
21	942752	16	0
21	942752	17	0
21	942752	18	0
21	942752	19	0
21	942752	20	0
21	942752	21	0
21	942752	22	0
21	942752	23	0
21	942752	24	0
21	942752	25	0
21	942752	26	0
21	942752	27	0
21	942752	28	0
21	942752	29	0
21	942752	30	0
21	942752	31	0
21	942752	32	0
21	942752	33	0
21	942752	34	0
21	942752	35	0
21	942752	36	0
21	942752	37	0
21	942752	38	0
21	942752	39	0
21	942752	40	0.75
21	942752	41	0.2
21	942752	42	0.25
21	942752	43	0
21	942752	44	0.5
21	942752	45	0
21	942752	46	0
21	942752	47	0
21	942752	48	0
21	942752	49	0
21	942752	50	0
21	942752	51	0.16666666666667
21	942752	52	0
21	942752	53	0
21	942752	54	0.25
21	942752	55	0
21	942752	56	0
21	942752	57	0
21	942752	58	2
21	942752	59	0
21	942752	60	6
21	942752	61	0
21	942752	62	0
21	942752	63	1.6666666666667
21	942752	64	0.33333333333333
21	942752	65	2.6666666666667
21	942752	66	0
21	942752	67	0.25
21	942752	68	0
21	942752	69	0
21	942752	70	0
21	942752	71	0.33333333333333
21	942752	72	2
21	942752	73	1
21	942752	74	5.5
21	942752	75	0
21	942752	76	0
21	942752	77	6
21	942752	78	0
21	942752	79	0
21	942752	80	6
21	942752	81	1.5
21	942752	82	5
21	942752	83	0
21	942752	84	1
21	942752	85	0
21	942752	86	0
21	942752	87	3
21	942752	88	0
21	942752	89	3.3333333333333
21	942752	90	2
21	942752	91	6
21	942752	92	1
21	942752	93	0
21	942752	94	0
21	942752	95	0
21	942752	96	0
21	942752	97	3.5
21	942752	98	0
21	942752	99	5.5
21	942752	100	0
21	942752	101	5.5
21	942752	102	6
21	942752	103	0.33333333333333
21	942752	104	0.5
21	942752	105	0
21	942752	106	4
21	942752	107	3
21	942752	108	0
21	942752	109	0
21	942752	110	0
21	942752	111	0
21	942752	112	0.25
21	942752	113	1
21	942752	114	3.75
21	942752	115	0
21	942752	116	6
21	942752	117	4
21	942752	118	3.3333333333333
21	942752	119	3
21	942752	120	1
21	942752	121	0
21	942752	122	5.6666666666667
21	942752	123	2
21	942752	124	3.5
21	942752	125	0
21	942752	126	6
21	942752	127	0
21	942752	128	0
21	942752	129	1
21	942752	130	6
21	942752	131	2
21	942752	132	6
21	942752	133	0
21	942752	134	3.5
21	942752	135	0
21	942752	136	0
21	942752	137	6
21	942752	138	0
21	942752	139	6
21	942752	140	0.5
21	942752	141	6
21	942752	142	3
21	942752	143	0
21	942752	144	0
21	942752	145	6
21	942752	146	0
21	942752	147	0
21	942752	148	1
21	942752	149	6
21	942752	150	1
21	942752	151	6
21	942752	152	0
21	942752	153	6
21	942752	154	3
21	942752	155	0
21	942752	156	6
21	942752	157	0
21	942752	158	6
21	942752	159	6
21	942752	160	0
21	942752	161	6
21	942752	162	1
21	942752	163	0
21	942752	164	6
21	942752	165	6
21	942752	166	0
21	942752	167	6
21	942752	168	1.5
21	942752	169	0.5
21	942752	170	2
21	942752	171	5
21	942752	172	6
21	942752	173	6
21	942752	174	0
21	942752	175	5
21	942752	176	0
21	942752	177	0
21	942752	178	2.5
21	942752	179	0.5
21	942752	180	6
21	942752	181	6
21	942752	182	0
21	942752	183	1
21	942752	184	0
21	942752	185	0
21	942752	186	0
21	942752	187	6
21	942752	188	6
21	942752	189	5
21	942752	190	0
21	942752	191	0
21	942752	192	0
21	942752	193	0
21	942752	194	6
21	942752	195	3
21	942752	196	0
21	942752	197	0
21	942752	198	0
21	942752	199	6
21	942752	200	0
21	942752	201	2
21	942752	202	6
21	942752	203	0
21	942752	204	0
21	942752	205	6
21	942752	206	3
21	942752	207	2
21	942752	208	6
21	942752	209	0
21	942752	210	6
21	942752	211	6
21	942752	212	0
21	942752	213	5.5
21	942752	214	6
21	942752	215	5
21	942752	216	0
21	942752	217	0
21	942752	218	0
21	942752	219	6
21	942752	220	6
21	942752	221	0
21	942752	222	0
21	942752	223	0
21	942752	224	1.5
21	942752	225	0
21	942752	226	0
21	942752	227	0
21	942752	228	6
21	942752	229	6
21	942752	230	0
21	942752	231	6
21	942752	232	0
21	942752	233	5
21	942752	234	0
21	942752	235	0
21	942752	236	0
21	942752	237	5.5
21	942752	238	6
