version 2
run General-20-20150311-18:59:42-28975
attr D lce
attr F spr
attr R lru
attr a 1
attr configname General
attr datetime 20150311-18:59:42
attr experiment General
attr inifile omnetpp.ini
attr iterationvars "$net=abilene, $rep=0, $a=1, $F=spr, $ttl=1000, $D=lce, $R=lru"
attr iterationvars2 "$net=abilene, $rep=0, $a=1, $F=spr, $ttl=1000, $D=lce, $R=lru, $repetition=0"
attr measurement "$net=abilene, $rep=0, $a=1, $F=spr, $ttl=1000, $D=lce, $R=lru"
attr net abilene
attr network networks.${net=abilene}_network
attr processid 28975
attr rep 0
attr repetition 0
attr replication #0
attr resultdir results
attr runnumber 20
attr seedset 0
attr ttl 1000

vector 0  abilene_network.node[0].content_store  hit_node[0]  ETV
0	373909	1	1
0	373909	2	1
0	373909	3	0.96551724137931
0	373909	4	0.98
0	373909	5	1
0	373909	6	0.80952380952381
0	373909	7	0.93939393939394
0	373909	8	0.92307692307692
0	373909	9	0.88
0	373909	10	0.82352941176471
0	373909	11	0.78571428571429
0	373909	12	0.6875
0	373909	13	0.6
0	373909	14	0.375
0	373909	15	0.7
0	373909	16	0.44444444444444
0	373909	17	0.28571428571429
0	373909	18	0.6875
0	373909	19	0.33333333333333
0	373909	20	0.5
0	373909	21	0.57142857142857
0	373909	22	0.42857142857143
0	373909	23	0.6
0	373909	24	0.66666666666667
0	373909	25	0.2
0	373909	26	0.6
0	373909	27	0.55555555555556
0	373909	28	0.16666666666667
0	373909	29	0.6
0	373909	30	0.41666666666667
0	373909	31	0.2
0	373909	32	0
0	373909	33	0.66666666666667
0	373909	34	0.63636363636364
0	373909	35	0
0	373909	36	0.25
0	373909	37	0.25
0	373909	38	0.25
0	373909	39	0
0	373909	40	0
0	373909	41	0.16666666666667
0	373909	42	0
0	373909	43	0
0	373909	44	0.2
0	373909	45	-nan
0	373909	46	0.33333333333333
0	373909	47	0
0	373909	48	0
0	373909	49	0
0	373909	50	0.14285714285714
0	373909	51	0
0	373909	52	0.2
0	373909	53	0.33333333333333
0	373909	54	0.25
0	373909	55	0
0	373909	56	0.2
0	373909	57	0
0	373909	58	0
0	373909	59	0.25
0	373909	60	0
0	373909	61	0
0	373909	62	0
0	373909	63	0.2
0	373909	64	0
0	373909	65	0
0	373909	66	0
0	373909	67	0
0	373909	68	0.5
0	373909	69	0.25
0	373909	70	0
0	373909	71	0
0	373909	72	0
0	373909	73	0
0	373909	74	0
0	373909	75	0.2
0	373909	76	0.25
vector 1  abilene_network.node[1].content_store  hit_node[1]  ETV
1	373909	1	0.99476439790576
1	373909	2	0.96969696969697
1	373909	3	0.78571428571429
1	373909	4	0.83076923076923
1	373909	5	0.72916666666667
1	373909	6	0.65714285714286
1	373909	7	0.61764705882353
1	373909	8	0.54166666666667
1	373909	9	0.63636363636364
1	373909	10	0.56521739130435
1	373909	11	0.33333333333333
1	373909	12	0.54838709677419
1	373909	13	0.55555555555556
1	373909	14	0.375
1	373909	15	0.45454545454545
1	373909	16	0.17647058823529
1	373909	17	0.52941176470588
1	373909	18	0.51851851851852
1	373909	19	0.36842105263158
1	373909	20	0.083333333333333
1	373909	21	0.38888888888889
1	373909	22	0.42857142857143
1	373909	23	0.31578947368421
1	373909	24	0.5
1	373909	25	0.27272727272727
1	373909	26	0.375
1	373909	27	0.375
1	373909	28	0.27777777777778
1	373909	29	0.15384615384615
1	373909	30	0.31578947368421
1	373909	31	0.22222222222222
1	373909	32	0.16666666666667
1	373909	33	0.3
1	373909	34	0.28571428571429
1	373909	35	0.22222222222222
1	373909	36	0.25
1	373909	37	0.2
1	373909	38	0.27272727272727
1	373909	39	0.30769230769231
1	373909	40	0.2
1	373909	41	0.5
1	373909	42	0.16666666666667
1	373909	43	0.4
1	373909	44	0.29411764705882
1	373909	45	0
1	373909	46	0.36363636363636
1	373909	47	0.15384615384615
1	373909	48	0
1	373909	49	0
1	373909	50	0.38461538461538
1	373909	51	0.4
1	373909	52	0.3
1	373909	53	0.18181818181818
1	373909	54	0.16666666666667
1	373909	55	0.11111111111111
1	373909	56	0.4
1	373909	57	0.22222222222222
1	373909	58	0.28571428571429
1	373909	59	0.14285714285714
1	373909	60	0.14285714285714
1	373909	61	0.16666666666667
1	373909	62	0.33333333333333
1	373909	63	0
1	373909	64	0.090909090909091
1	373909	65	0.33333333333333
1	373909	66	0.2
1	373909	67	0.16666666666667
1	373909	68	0
1	373909	69	0
1	373909	70	0.125
1	373909	71	0.18181818181818
1	373909	72	0.33333333333333
1	373909	73	0.125
1	373909	74	0
1	373909	75	0.18181818181818
1	373909	76	0.16666666666667
vector 2  abilene_network.node[2].content_store  hit_node[2]  ETV
2	373909	1	0.984375
2	373909	2	0.85555555555556
2	373909	3	0.8
2	373909	4	0.68852459016393
2	373909	5	0.6875
2	373909	6	0.56756756756757
2	373909	7	0.48571428571429
2	373909	8	0.39285714285714
2	373909	9	0.51515151515152
2	373909	10	0.36
2	373909	11	0.31034482758621
2	373909	12	0.33333333333333
2	373909	13	0.41379310344828
2	373909	14	0.3448275862069
2	373909	15	0.15
2	373909	16	0.48387096774194
2	373909	17	0.25
2	373909	18	0.16666666666667
2	373909	19	0.3
2	373909	20	0.11764705882353
2	373909	21	0.34782608695652
2	373909	22	0.28571428571429
2	373909	23	0.31818181818182
2	373909	24	0.34782608695652
2	373909	25	0.28571428571429
2	373909	26	0.27777777777778
2	373909	27	0.16666666666667
2	373909	28	0.0625
2	373909	29	0.29411764705882
2	373909	30	0.13333333333333
2	373909	31	0.14285714285714
2	373909	32	0.13333333333333
2	373909	33	0.25
2	373909	34	0
2	373909	35	0.25
2	373909	36	0.1875
2	373909	37	0.14285714285714
2	373909	38	0
2	373909	39	0.2
2	373909	40	0.18181818181818
2	373909	41	0.090909090909091
2	373909	42	0.14285714285714
2	373909	43	0.22222222222222
2	373909	44	0.21052631578947
2	373909	45	0
2	373909	46	0.090909090909091
2	373909	47	0.0625
2	373909	48	0.23076923076923
2	373909	49	0
2	373909	50	0.18181818181818
2	373909	51	0.125
2	373909	52	0.090909090909091
2	373909	53	0
2	373909	54	0.125
2	373909	55	0
2	373909	56	0.22222222222222
2	373909	57	0.28571428571429
2	373909	58	0.125
2	373909	59	0
2	373909	60	0
2	373909	61	0.22222222222222
2	373909	62	0.125
2	373909	63	0.11111111111111
2	373909	64	0.3125
2	373909	65	0.11111111111111
2	373909	66	0
2	373909	67	0
2	373909	68	0
2	373909	69	0
2	373909	70	0.11111111111111
2	373909	71	0.090909090909091
2	373909	72	0.1
2	373909	73	0
2	373909	74	0.14285714285714
2	373909	75	0.083333333333333
2	373909	76	0
vector 3  abilene_network.node[3].content_store  hit_node[3]  ETV
3	373909	1	0.95609756097561
3	373909	2	0.8659793814433
3	373909	3	0.66129032258065
3	373909	4	0.6271186440678
3	373909	5	0.68571428571429
3	373909	6	0.53658536585366
3	373909	7	0.39024390243902
3	373909	8	0.43243243243243
3	373909	9	0.41666666666667
3	373909	10	0.25806451612903
3	373909	11	0.37837837837838
3	373909	12	0.3
3	373909	13	0.12
3	373909	14	0.26666666666667
3	373909	15	0.23076923076923
3	373909	16	0.3
3	373909	17	0.27586206896552
3	373909	18	0.28
3	373909	19	0.35483870967742
3	373909	20	0.18181818181818
3	373909	21	0.18181818181818
3	373909	22	0.095238095238095
3	373909	23	0.13636363636364
3	373909	24	0.21739130434783
3	373909	25	0.21428571428571
3	373909	26	0.28
3	373909	27	0.17647058823529
3	373909	28	0.21739130434783
3	373909	29	0.27272727272727
3	373909	30	0.0625
3	373909	31	0.26923076923077
3	373909	32	0.22222222222222
3	373909	33	0.083333333333333
3	373909	34	0.2
3	373909	35	0
3	373909	36	0.058823529411765
3	373909	37	0.16666666666667
3	373909	38	0.125
3	373909	39	0.31818181818182
3	373909	40	0.25
3	373909	41	0.23809523809524
3	373909	42	0.071428571428571
3	373909	43	0
3	373909	44	0
3	373909	45	0.36363636363636
3	373909	46	0.1875
3	373909	47	0.11111111111111
3	373909	48	0
3	373909	49	0.125
3	373909	50	0.066666666666667
3	373909	51	0.076923076923077
3	373909	52	0.071428571428571
3	373909	53	0.14285714285714
3	373909	54	0.11111111111111
3	373909	55	0.083333333333333
3	373909	56	0.11111111111111
3	373909	57	0.16666666666667
3	373909	58	0.25
3	373909	59	0.1
3	373909	60	0
3	373909	61	0
3	373909	62	0
3	373909	63	0.076923076923077
3	373909	64	0.066666666666667
3	373909	65	0
3	373909	66	0
3	373909	67	0.16666666666667
3	373909	68	0.16666666666667
3	373909	69	0.076923076923077
3	373909	70	0.090909090909091
3	373909	71	0.15384615384615
3	373909	72	0
3	373909	73	0
3	373909	74	0
3	373909	75	0.14285714285714
3	373909	76	0
vector 4  abilene_network.node[4].content_store  hit_node[4]  ETV
4	373909	1	0.93406593406593
4	373909	2	0.83783783783784
4	373909	3	0.69512195121951
4	373909	4	0.57142857142857
4	373909	5	0.52631578947368
4	373909	6	0.36842105263158
4	373909	7	0.56140350877193
4	373909	8	0.4375
4	373909	9	0.4047619047619
4	373909	10	0.3
4	373909	11	0.30555555555556
4	373909	12	0.17241379310345
4	373909	13	0.32352941176471
4	373909	14	0.28125
4	373909	15	0.17241379310345
4	373909	16	0.21875
4	373909	17	0.23333333333333
4	373909	18	0.11111111111111
4	373909	19	0.26666666666667
4	373909	20	0.045454545454545
4	373909	21	0.3030303030303
4	373909	22	0.25925925925926
4	373909	23	0.23076923076923
4	373909	24	0
4	373909	25	0.1
4	373909	26	0.095238095238095
4	373909	27	0.18181818181818
4	373909	28	0.083333333333333
4	373909	29	0.095238095238095
4	373909	30	0.19047619047619
4	373909	31	0.083333333333333
4	373909	32	0.10526315789474
4	373909	33	0
4	373909	34	0.16666666666667
4	373909	35	0.071428571428571
4	373909	36	0.20833333333333
4	373909	37	0.19047619047619
4	373909	38	0.28571428571429
4	373909	39	0.052631578947368
4	373909	40	0.11764705882353
4	373909	41	0
4	373909	42	0
4	373909	43	0.33333333333333
4	373909	44	0.16666666666667
4	373909	45	0.21428571428571
4	373909	46	0.055555555555556
4	373909	47	0.1
4	373909	48	0.10526315789474
4	373909	49	0.0625
4	373909	50	0
4	373909	51	0.125
4	373909	52	0
4	373909	53	0.1875
4	373909	54	0
4	373909	55	0.14285714285714
4	373909	56	0
4	373909	57	0.17647058823529
4	373909	58	0
4	373909	59	0
4	373909	60	0
4	373909	61	0.14285714285714
4	373909	62	0
4	373909	63	0.066666666666667
4	373909	64	0
4	373909	65	0.090909090909091
4	373909	66	0.21428571428571
4	373909	67	0
4	373909	68	0
4	373909	69	0.071428571428571
4	373909	70	0.16666666666667
4	373909	71	0
4	373909	72	0.16666666666667
4	373909	73	0.083333333333333
4	373909	74	0.33333333333333
4	373909	75	0.17647058823529
4	373909	76	0.1
vector 5  abilene_network.node[5].content_store  hit_node[5]  ETV
5	373909	1	0.80882352941176
5	373909	2	0.64285714285714
5	373909	3	0.56565656565657
5	373909	4	0.5
5	373909	5	0.44705882352941
5	373909	6	0.38095238095238
5	373909	7	0.21818181818182
5	373909	8	0.44285714285714
5	373909	9	0.30508474576271
5	373909	10	0.27586206896552
5	373909	11	0.28813559322034
5	373909	12	0.36363636363636
5	373909	13	0.29824561403509
5	373909	14	0.19565217391304
5	373909	15	0.2156862745098
5	373909	16	0.2
5	373909	17	0.26415094339623
5	373909	18	0.34545454545455
5	373909	19	0.27083333333333
5	373909	20	0.29166666666667
5	373909	21	0.24561403508772
5	373909	22	0.26666666666667
5	373909	23	0.23076923076923
5	373909	24	0.22857142857143
5	373909	25	0.27272727272727
5	373909	26	0.20512820512821
5	373909	27	0.175
5	373909	28	0.23404255319149
5	373909	29	0.30952380952381
5	373909	30	0.17142857142857
5	373909	31	0.17948717948718
5	373909	32	0.28205128205128
5	373909	33	0.12121212121212
5	373909	34	0.17142857142857
5	373909	35	0.24137931034483
5	373909	36	0.16666666666667
5	373909	37	0.26315789473684
5	373909	38	0.15151515151515
5	373909	39	0.17142857142857
5	373909	40	0.21212121212121
5	373909	41	0.23076923076923
5	373909	42	0.14285714285714
5	373909	43	0.15384615384615
5	373909	44	0.17948717948718
5	373909	45	0.095238095238095
5	373909	46	0.22857142857143
5	373909	47	0.16129032258065
5	373909	48	0.12
5	373909	49	0.25806451612903
5	373909	50	0.11111111111111
5	373909	51	0.17241379310345
5	373909	52	0.041666666666667
5	373909	53	0.22222222222222
5	373909	54	0.095238095238095
5	373909	55	0.043478260869565
5	373909	56	0.043478260869565
5	373909	57	0.08695652173913
5	373909	58	0
5	373909	59	0.076923076923077
5	373909	60	0.13793103448276
5	373909	61	0.23076923076923
5	373909	62	0.12
5	373909	63	0.13793103448276
5	373909	64	0.12
5	373909	65	0.18181818181818
5	373909	66	0
5	373909	67	0.11764705882353
5	373909	68	0.15789473684211
5	373909	69	0.16
5	373909	70	0.0625
5	373909	71	0.11111111111111
5	373909	72	0.1304347826087
5	373909	73	0.05
5	373909	74	0.10526315789474
5	373909	75	0.045454545454545
5	373909	76	0.1
vector 6  abilene_network.node[6].content_store  hit_node[6]  ETV
6	373909	1	0.97872340425532
6	373909	2	0.86206896551724
6	373909	3	0.86046511627907
6	373909	4	0.64
6	373909	5	0.48717948717949
6	373909	6	0.63829787234043
6	373909	7	0.59459459459459
6	373909	8	0.40625
6	373909	9	0.51515151515152
6	373909	10	0.65789473684211
6	373909	11	0.46153846153846
6	373909	12	0.28571428571429
6	373909	13	0.4
6	373909	14	0.40740740740741
6	373909	15	0.43333333333333
6	373909	16	0.33333333333333
6	373909	17	0.32
6	373909	18	0.25
6	373909	19	0.27272727272727
6	373909	20	0.36363636363636
6	373909	21	0.21739130434783
6	373909	22	0.39285714285714
6	373909	23	0.38095238095238
6	373909	24	0.071428571428571
6	373909	25	0.1875
6	373909	26	0.125
6	373909	27	0.29166666666667
6	373909	28	0.3
6	373909	29	0.2
6	373909	30	0.26666666666667
6	373909	31	0.21428571428571
6	373909	32	0.083333333333333
6	373909	33	0.15384615384615
6	373909	34	0.14285714285714
6	373909	35	0.1
6	373909	36	0.071428571428571
6	373909	37	0.10526315789474
6	373909	38	0.26666666666667
6	373909	39	0.1875
6	373909	40	0.076923076923077
6	373909	41	0.13333333333333
6	373909	42	0.29411764705882
6	373909	43	0.083333333333333
6	373909	44	0.1875
6	373909	45	0.14285714285714
6	373909	46	0.16666666666667
6	373909	47	0.083333333333333
6	373909	48	0.11111111111111
6	373909	49	0.083333333333333
6	373909	50	0
6	373909	51	0
6	373909	52	0.22222222222222
6	373909	53	0.28571428571429
6	373909	54	0.25
6	373909	55	0.11111111111111
6	373909	56	0
6	373909	57	0.11111111111111
6	373909	58	0.16666666666667
6	373909	59	0
6	373909	60	0.090909090909091
6	373909	61	0.14285714285714
6	373909	62	0
6	373909	63	0.26666666666667
6	373909	64	0
6	373909	65	0.11111111111111
6	373909	66	0
6	373909	67	0.14285714285714
6	373909	68	0
6	373909	69	0
6	373909	70	0
6	373909	71	0.083333333333333
6	373909	72	0
6	373909	73	0.25
6	373909	74	0.14285714285714
6	373909	75	0
6	373909	76	0.11111111111111
vector 7  abilene_network.node[7].content_store  hit_node[7]  ETV
7	373909	1	1
7	373909	2	0.9468085106383
7	373909	3	0.85074626865672
7	373909	4	0.76470588235294
7	373909	5	0.69047619047619
7	373909	6	0.72340425531915
7	373909	7	0.61111111111111
7	373909	8	0.63888888888889
7	373909	9	0.64705882352941
7	373909	10	0.67647058823529
7	373909	11	0.5
7	373909	12	0.27777777777778
7	373909	13	0.45454545454545
7	373909	14	0.54166666666667
7	373909	15	0.39130434782609
7	373909	16	0.39130434782609
7	373909	17	0.40909090909091
7	373909	18	0.42857142857143
7	373909	19	0.26666666666667
7	373909	20	0.11111111111111
7	373909	21	0.4
7	373909	22	0.33333333333333
7	373909	23	0.375
7	373909	24	0.30769230769231
7	373909	25	0.26666666666667
7	373909	26	0.076923076923077
7	373909	27	0.23529411764706
7	373909	28	0.083333333333333
7	373909	29	0.083333333333333
7	373909	30	0.090909090909091
7	373909	31	0.1
7	373909	32	0.30769230769231
7	373909	33	0.4
7	373909	34	0.28571428571429
7	373909	35	0.2
7	373909	36	0.090909090909091
7	373909	37	0.30769230769231
7	373909	38	0.36363636363636
7	373909	39	0.16666666666667
7	373909	40	0.22222222222222
7	373909	41	0
7	373909	42	0.090909090909091
7	373909	43	0.28571428571429
7	373909	44	0
7	373909	45	0.16666666666667
7	373909	46	0
7	373909	47	0.27272727272727
7	373909	48	0.3
7	373909	49	0.2
7	373909	50	0.11111111111111
7	373909	51	0.11111111111111
7	373909	52	0
7	373909	53	0.18181818181818
7	373909	54	0
7	373909	55	0.25
7	373909	56	0
7	373909	57	0.27272727272727
7	373909	58	0.14285714285714
7	373909	59	0.125
7	373909	60	0.1
7	373909	61	0.18181818181818
7	373909	62	0.45454545454545
7	373909	63	0.090909090909091
7	373909	64	0.33333333333333
7	373909	65	0.28571428571429
7	373909	66	0
7	373909	67	0
7	373909	68	0.16666666666667
7	373909	69	0.125
7	373909	70	0.33333333333333
7	373909	71	0
7	373909	72	0.11111111111111
7	373909	73	0
7	373909	74	0
7	373909	75	0.28571428571429
7	373909	76	0
vector 8  abilene_network.node[8].content_store  hit_node[8]  ETV
8	373909	1	1
8	373909	2	0.97647058823529
8	373909	3	0.86666666666667
8	373909	4	0.9622641509434
8	373909	5	0.77142857142857
8	373909	6	0.75675675675676
8	373909	7	0.57692307692308
8	373909	8	0.71875
8	373909	9	0.68
8	373909	10	0.5
8	373909	11	0.69230769230769
8	373909	12	0.74074074074074
8	373909	13	0.52173913043478
8	373909	14	0.53846153846154
8	373909	15	0.58823529411765
8	373909	16	0.44444444444444
8	373909	17	0.26666666666667
8	373909	18	0.27272727272727
8	373909	19	0.25
8	373909	20	0.42857142857143
8	373909	21	0.3
8	373909	22	0.3
8	373909	23	0.41666666666667
8	373909	24	0.5
8	373909	25	0.38461538461538
8	373909	26	0.16666666666667
8	373909	27	0.26666666666667
8	373909	28	0.2
8	373909	29	0.3
8	373909	30	0.2
8	373909	31	0.125
8	373909	32	0.16666666666667
8	373909	33	0.125
8	373909	34	0.4
8	373909	35	0.375
8	373909	36	0
8	373909	37	0.3
8	373909	38	0.14285714285714
8	373909	39	0.46666666666667
8	373909	40	0.14285714285714
8	373909	41	0.125
8	373909	42	0.2
8	373909	43	0.30769230769231
8	373909	44	0.33333333333333
8	373909	45	0.2
8	373909	46	0.2
8	373909	47	0
8	373909	48	0.42857142857143
8	373909	49	0.14285714285714
8	373909	50	0.22222222222222
8	373909	51	0.3
8	373909	52	0.6
8	373909	53	0.5
8	373909	54	0.33333333333333
8	373909	55	0.16666666666667
8	373909	56	0.2
8	373909	57	0.25
8	373909	58	0
8	373909	59	0.2
8	373909	60	0.28571428571429
8	373909	61	0.16666666666667
8	373909	62	0.28571428571429
8	373909	63	0.25
8	373909	64	0.25
8	373909	65	0.28571428571429
8	373909	66	0
8	373909	67	0.25
8	373909	68	0
8	373909	69	0
8	373909	70	0
8	373909	71	0.16666666666667
8	373909	72	0.4
8	373909	73	0
8	373909	74	0
8	373909	75	0
8	373909	76	0
vector 9  abilene_network.node[9].content_store  hit_node[9]  ETV
9	373909	1	1
9	373909	2	1
9	373909	3	1
9	373909	4	0.95454545454545
9	373909	5	0.97560975609756
9	373909	6	0.95
9	373909	7	0.84210526315789
9	373909	8	0.6875
9	373909	9	0.73913043478261
9	373909	10	0.70588235294118
9	373909	11	0.75
9	373909	12	0.57142857142857
9	373909	13	0.5
9	373909	14	0.71428571428571
9	373909	15	0.55555555555556
9	373909	16	0.6
9	373909	17	0.44444444444444
9	373909	18	0.6
9	373909	19	0.63636363636364
9	373909	20	0.28571428571429
9	373909	21	0.5
9	373909	22	0.6875
9	373909	23	0.5
9	373909	24	0.25
9	373909	25	0
9	373909	26	0.5
9	373909	27	0.42857142857143
9	373909	28	0.5
9	373909	29	0.33333333333333
9	373909	30	0
9	373909	31	0.25
9	373909	32	0.25
9	373909	33	0.57142857142857
9	373909	34	0
9	373909	35	0.25
9	373909	36	0.42857142857143
9	373909	37	0.5
9	373909	38	0.66666666666667
9	373909	39	0.25
9	373909	40	0
9	373909	41	0.33333333333333
9	373909	42	0.5
9	373909	43	0.16666666666667
9	373909	44	0.5
9	373909	45	0
9	373909	46	0
9	373909	47	0
9	373909	48	0.5
9	373909	49	0
9	373909	50	0.5
9	373909	51	0.2
9	373909	52	0
9	373909	53	0
9	373909	54	0
9	373909	55	0
9	373909	56	0
9	373909	57	0.28571428571429
9	373909	58	0.4
9	373909	59	0.25
9	373909	60	0.25
9	373909	61	0.25
9	373909	62	0
9	373909	63	0
9	373909	64	0
9	373909	65	0.25
9	373909	66	0
9	373909	67	0
9	373909	68	0
9	373909	69	0
9	373909	70	0
9	373909	71	0
9	373909	72	0
9	373909	73	0
9	373909	74	0
9	373909	75	0
9	373909	76	0
vector 10  abilene_network.node[10].content_store  hit_node[10]  ETV
10	373909	1	1
10	373909	2	1
10	373909	3	1
10	373909	4	0.98076923076923
10	373909	5	0.95652173913043
10	373909	6	0.89655172413793
10	373909	7	0.77777777777778
10	373909	8	0.92857142857143
10	373909	9	0.7
10	373909	10	0.85185185185185
10	373909	11	0.6
10	373909	12	0.42857142857143
10	373909	13	0.64285714285714
10	373909	14	0.53846153846154
10	373909	15	0.58333333333333
10	373909	16	0.53846153846154
10	373909	17	0.71428571428571
10	373909	18	0.33333333333333
10	373909	19	0.42857142857143
10	373909	20	0.5
10	373909	21	0.2
10	373909	22	0.5
10	373909	23	0
10	373909	24	0.375
10	373909	25	0.5
10	373909	26	0.28571428571429
10	373909	27	0.4
10	373909	28	0.125
10	373909	29	0
10	373909	30	0.42857142857143
10	373909	31	0.6
10	373909	32	0
10	373909	33	0.44444444444444
10	373909	34	0.5
10	373909	35	0.25
10	373909	36	0.28571428571429
10	373909	37	0
10	373909	38	0
10	373909	39	0.25
10	373909	40	0.5
10	373909	41	0
10	373909	42	0.4
10	373909	43	0.42857142857143
10	373909	44	0
10	373909	45	0
10	373909	46	0.33333333333333
10	373909	47	0
10	373909	48	0.4
10	373909	49	0
10	373909	50	0.33333333333333
10	373909	51	0.44444444444444
10	373909	52	0
10	373909	53	0
10	373909	54	0
10	373909	55	0.25
10	373909	56	0
10	373909	57	0
10	373909	58	0
10	373909	59	0.5
10	373909	60	0
10	373909	61	0
10	373909	62	0
10	373909	63	0
10	373909	64	0
10	373909	65	0.25
10	373909	66	0
10	373909	67	0
10	373909	68	0
10	373909	69	0
10	373909	70	0
10	373909	71	0.5
10	373909	72	0
10	373909	73	0
10	373909	74	-nan
10	373909	75	0.4
10	373909	76	0
vector 11  abilene_network.client[0]  hdistance[0]  ETV
11	373909	1	0
11	373909	2	0
11	373909	3	0.03448275862069
11	373909	4	0.02
11	373909	5	0
11	373909	6	0.66666666666667
11	373909	7	0.090909090909091
11	373909	8	0.19230769230769
11	373909	9	0.36
11	373909	10	0.35294117647059
11	373909	11	0.92857142857143
11	373909	12	0.9375
11	373909	13	0.93333333333333
11	373909	14	3
11	373909	15	0.5
11	373909	16	2.4444444444444
11	373909	17	1.1428571428571
11	373909	18	1
11	373909	19	1.8333333333333
11	373909	20	2.3
11	373909	21	0.71428571428571
11	373909	22	2
11	373909	23	1.7333333333333
11	373909	24	0.83333333333333
11	373909	25	1.8
11	373909	26	0.4
11	373909	27	1.4444444444444
11	373909	28	3.1666666666667
11	373909	29	1.5
11	373909	30	3
11	373909	31	4.6
11	373909	32	4.75
11	373909	33	0.5
11	373909	34	1.1818181818182
11	373909	35	2.5
11	373909	36	4.5
11	373909	37	2.25
11	373909	38	3.25
11	373909	39	3
11	373909	40	3.3333333333333
11	373909	41	2.5
11	373909	42	4.25
11	373909	43	2
11	373909	44	4
11	373909	45	0
11	373909	46	2.3333333333333
11	373909	47	6
11	373909	48	4
11	373909	49	6
11	373909	50	3
11	373909	51	1
11	373909	52	2.2
11	373909	53	3.1666666666667
11	373909	54	3.25
11	373909	55	6
11	373909	56	2.6
11	373909	57	6
11	373909	58	2
11	373909	59	4.5
11	373909	60	6
11	373909	61	6
11	373909	62	6
11	373909	63	4.8
11	373909	64	4.3333333333333
11	373909	65	3.6666666666667
11	373909	66	3.5
11	373909	67	5
11	373909	68	3
11	373909	69	4.5
11	373909	70	3.5
11	373909	71	6
11	373909	72	4.3333333333333
11	373909	73	4.3333333333333
11	373909	74	6
11	373909	75	3.8
11	373909	76	4.5
vector 12  abilene_network.client[1]  hdistance[1]  ETV
12	373909	1	0.010471204188482
12	373909	2	0.03030303030303
12	373909	3	0.35185185185185
12	373909	4	0.34920634920635
12	373909	5	0.47826086956522
12	373909	6	0.57142857142857
12	373909	7	1.1428571428571
12	373909	8	0.85
12	373909	9	0.58333333333333
12	373909	10	1.6875
12	373909	11	1.7647058823529
12	373909	12	1.3888888888889
12	373909	13	0.875
12	373909	14	1.1538461538462
12	373909	15	2.1428571428571
12	373909	16	2.3333333333333
12	373909	17	1
12	373909	18	2.0625
12	373909	19	1.8181818181818
12	373909	20	3.75
12	373909	21	2.3636363636364
12	373909	22	2
12	373909	23	1.125
12	373909	24	1.5555555555556
12	373909	25	2.6666666666667
12	373909	26	2.4444444444444
12	373909	27	2.8888888888889
12	373909	28	2.8333333333333
12	373909	29	3.4285714285714
12	373909	30	2.625
12	373909	31	2.6
12	373909	32	2.5
12	373909	33	1.6666666666667
12	373909	34	3.75
12	373909	35	4.5
12	373909	36	2.75
12	373909	37	3.3333333333333
12	373909	38	2
12	373909	39	1.8
12	373909	40	2.5
12	373909	41	2.7272727272727
12	373909	42	5
12	373909	43	1
12	373909	44	2.25
12	373909	45	3.75
12	373909	46	3.6
12	373909	47	3.75
12	373909	48	5
12	373909	49	5
12	373909	50	3.3333333333333
12	373909	51	3.6666666666667
12	373909	52	5
12	373909	53	3.6
12	373909	54	0
12	373909	55	4.3333333333333
12	373909	56	3.3333333333333
12	373909	57	1.6666666666667
12	373909	58	3.3333333333333
12	373909	59	2.5
12	373909	60	4.6666666666667
12	373909	61	4
12	373909	62	2.5
12	373909	63	0
12	373909	64	5
12	373909	65	3.3333333333333
12	373909	66	5
12	373909	67	2.3333333333333
12	373909	68	0
12	373909	69	5
12	373909	70	4.25
12	373909	71	3
12	373909	72	2.6
12	373909	73	5
12	373909	74	0
12	373909	75	3
12	373909	76	2.5
vector 13  abilene_network.client[2]  hdistance[2]  ETV
13	373909	1	0.010471204188482
13	373909	2	0.17241379310345
13	373909	3	0.25396825396825
13	373909	4	0.4
13	373909	5	0.51428571428571
13	373909	6	0.76
13	373909	7	1.3181818181818
13	373909	8	1.3529411764706
13	373909	9	0.95238095238095
13	373909	10	1.2666666666667
13	373909	11	1.9230769230769
13	373909	12	1.5
13	373909	13	2.1176470588235
13	373909	14	1.6428571428571
13	373909	15	1.375
13	373909	16	1.3529411764706
13	373909	17	1.9166666666667
13	373909	18	1.8
13	373909	19	0.5
13	373909	20	3
13	373909	21	1.6666666666667
13	373909	22	2.7777777777778
13	373909	23	1.4444444444444
13	373909	24	2.6428571428571
13	373909	25	2.6666666666667
13	373909	26	2.125
13	373909	27	4
13	373909	28	2.6666666666667
13	373909	29	0.66666666666667
13	373909	30	1.5
13	373909	31	2
13	373909	32	2.4
13	373909	33	2.4
13	373909	34	3.5
13	373909	35	2.8
13	373909	36	2.1428571428571
13	373909	37	2.3333333333333
13	373909	38	4
13	373909	39	2
13	373909	40	2.6666666666667
13	373909	41	0.5
13	373909	42	2.25
13	373909	43	3.6666666666667
13	373909	44	2.4285714285714
13	373909	45	3.3333333333333
13	373909	46	2.25
13	373909	47	2.6
13	373909	48	2
13	373909	49	4
13	373909	50	1.3333333333333
13	373909	51	4
13	373909	52	3
13	373909	53	4
13	373909	54	3.6666666666667
13	373909	55	4
13	373909	56	4
13	373909	57	2
13	373909	58	2.6666666666667
13	373909	59	4
13	373909	60	4
13	373909	61	2.5
13	373909	62	3
13	373909	63	3
13	373909	64	1.1666666666667
13	373909	65	2
13	373909	66	3.5
13	373909	67	0
13	373909	68	4
13	373909	69	3.25
13	373909	70	1
13	373909	71	2
13	373909	72	2
13	373909	73	4
13	373909	74	2.8
13	373909	75	2
13	373909	76	4
vector 14  abilene_network.client[3]  hdistance[3]  ETV
14	373909	1	0.04950495049505
14	373909	2	0.17857142857143
14	373909	3	0.51063829787234
14	373909	4	0.675
14	373909	5	0.56363636363636
14	373909	6	0.96
14	373909	7	0.82608695652174
14	373909	8	1.1
14	373909	9	1.25
14	373909	10	2.0666666666667
14	373909	11	1.1176470588235
14	373909	12	1.1
14	373909	13	2
14	373909	14	1.3636363636364
14	373909	15	2
14	373909	16	1
14	373909	17	1.5
14	373909	18	1.2
14	373909	19	1.4705882352941
14	373909	20	1.1428571428571
14	373909	21	1.1428571428571
14	373909	22	1.5
14	373909	23	1.5714285714286
14	373909	24	1.625
14	373909	25	2.25
14	373909	26	2.1666666666667
14	373909	27	1.8571428571429
14	373909	28	1.5
14	373909	29	2.1
14	373909	30	2.3333333333333
14	373909	31	1.75
14	373909	32	0.6
14	373909	33	3
14	373909	34	1.3333333333333
14	373909	35	3
14	373909	36	2.25
14	373909	37	2
14	373909	38	2.1666666666667
14	373909	39	2.4
14	373909	40	1.8571428571429
14	373909	41	1.9090909090909
14	373909	42	3
14	373909	43	1.5
14	373909	44	3
14	373909	45	1
14	373909	46	2
14	373909	47	2
14	373909	48	2.6666666666667
14	373909	49	1.8333333333333
14	373909	50	2.5
14	373909	51	2.3333333333333
14	373909	52	3
14	373909	53	1.5
14	373909	54	1.5
14	373909	55	2
14	373909	56	1.5
14	373909	57	0
14	373909	58	2.4
14	373909	59	2
14	373909	60	0
14	373909	61	3
14	373909	62	2.3333333333333
14	373909	63	2.2
14	373909	64	2
14	373909	65	3
14	373909	66	3
14	373909	67	2
14	373909	68	2
14	373909	69	3
14	373909	70	3
14	373909	71	2
14	373909	72	3
14	373909	73	0
14	373909	74	3
14	373909	75	2.3333333333333
14	373909	76	3
vector 15  abilene_network.client[4]  hdistance[4]  ETV
15	373909	1	0.080924855491329
15	373909	2	0.22448979591837
15	373909	3	0.45901639344262
15	373909	4	0.60975609756098
15	373909	5	0.62857142857143
15	373909	6	0.94736842105263
15	373909	7	0.625
15	373909	8	0.96296296296296
15	373909	9	0.66666666666667
15	373909	10	0.94117647058824
15	373909	11	0.61538461538462
15	373909	12	1.625
15	373909	13	0.83333333333333
15	373909	14	1.1
15	373909	15	1.6666666666667
15	373909	16	1.6363636363636
15	373909	17	1.1111111111111
15	373909	18	1.4444444444444
15	373909	19	1.2
15	373909	20	2
15	373909	21	1.3333333333333
15	373909	22	1.125
15	373909	23	0.85714285714286
15	373909	24	2
15	373909	25	1.7777777777778
15	373909	26	0.66666666666667
15	373909	27	1.125
15	373909	28	1.3333333333333
15	373909	29	1
15	373909	30	1.3333333333333
15	373909	31	1.8
15	373909	32	2
15	373909	33	2
15	373909	34	1
15	373909	35	1.25
15	373909	36	1
15	373909	37	0.66666666666667
15	373909	38	1.1428571428571
15	373909	39	1.75
15	373909	40	1
15	373909	41	2
15	373909	42	0
15	373909	43	0.66666666666667
15	373909	44	1.375
15	373909	45	1.5714285714286
15	373909	46	2
15	373909	47	1
15	373909	48	1.6666666666667
15	373909	49	1
15	373909	50	2
15	373909	51	1
15	373909	52	1.75
15	373909	53	0.75
15	373909	54	2
15	373909	55	1.3333333333333
15	373909	56	2
15	373909	57	1.4285714285714
15	373909	58	2
15	373909	59	2
15	373909	60	2
15	373909	61	1.6666666666667
15	373909	62	2
15	373909	63	1
15	373909	64	0
15	373909	65	2
15	373909	66	1.5
15	373909	67	2
15	373909	68	2
15	373909	69	1
15	373909	70	1
15	373909	71	2
15	373909	72	1
15	373909	73	2
15	373909	74	0.5
15	373909	75	1.4
15	373909	76	1.3333333333333
vector 16  abilene_network.client[5]  hdistance[5]  ETV
16	373909	1	0.18085106382979
16	373909	2	0.35416666666667
16	373909	3	0.41935483870968
16	373909	4	0.48888888888889
16	373909	5	0.63157894736842
16	373909	6	0.40909090909091
16	373909	7	0.66666666666667
16	373909	8	0.41666666666667
16	373909	9	0.77777777777778
16	373909	10	0.58823529411765
16	373909	11	0.65
16	373909	12	0.59090909090909
16	373909	13	0.6875
16	373909	14	0.71428571428571
16	373909	15	0.8
16	373909	16	0.75
16	373909	17	0.53846153846154
16	373909	18	0.4375
16	373909	19	0.7
16	373909	20	0.69230769230769
16	373909	21	0.6875
16	373909	22	0.625
16	373909	23	0.66666666666667
16	373909	24	0.5
16	373909	25	0.61538461538462
16	373909	26	0.5
16	373909	27	1
16	373909	28	0.90909090909091
16	373909	29	0.54545454545455
16	373909	30	0.85714285714286
16	373909	31	1
16	373909	32	0.45454545454545
16	373909	33	0.875
16	373909	34	0.875
16	373909	35	0.71428571428571
16	373909	36	0.75
16	373909	37	1
16	373909	38	0.71428571428571
16	373909	39	0.5
16	373909	40	0.83333333333333
16	373909	41	0.28571428571429
16	373909	42	0.66666666666667
16	373909	43	1
16	373909	44	1
16	373909	45	0.75
16	373909	46	0.5
16	373909	47	1
16	373909	48	0
16	373909	49	0.8
16	373909	50	1
16	373909	51	0.8
16	373909	52	0
16	373909	53	0.75
16	373909	54	1
16	373909	55	1
16	373909	56	1
16	373909	57	0
16	373909	58	1
16	373909	59	0.75
16	373909	60	0.83333333333333
16	373909	61	0.5
16	373909	62	0.66666666666667
16	373909	63	0.5
16	373909	64	1
16	373909	65	1
16	373909	66	0
16	373909	67	1
16	373909	68	1
16	373909	69	0.6
16	373909	70	1
16	373909	71	1
16	373909	72	1
16	373909	73	0
16	373909	74	0.8
16	373909	75	1
16	373909	76	1
vector 17  abilene_network.client[6]  hdistance[6]  ETV
17	373909	1	0.031914893617021
17	373909	2	0.17073170731707
17	373909	3	0.18421052631579
17	373909	4	0.5
17	373909	5	0.57692307692308
17	373909	6	0.58823529411765
17	373909	7	0.52173913043478
17	373909	8	0.57894736842105
17	373909	9	0.76190476190476
17	373909	10	0.51851851851852
17	373909	11	0.9375
17	373909	12	1.0666666666667
17	373909	13	0.88888888888889
17	373909	14	0.8125
17	373909	15	0.6875
17	373909	16	1.1538461538462
17	373909	17	1.0833333333333
17	373909	18	1.375
17	373909	19	1.2727272727273
17	373909	20	1
17	373909	21	1
17	373909	22	0.875
17	373909	23	0.63636363636364
17	373909	24	1.6
17	373909	25	1
17	373909	26	2
17	373909	27	1.0909090909091
17	373909	28	1.3333333333333
17	373909	29	1
17	373909	30	1.6
17	373909	31	1.4
17	373909	32	1
17	373909	33	0.75
17	373909	34	1
17	373909	35	2
17	373909	36	1.25
17	373909	37	1.7
17	373909	38	1
17	373909	39	0.66666666666667
17	373909	40	1.8333333333333
17	373909	41	1.5714285714286
17	373909	42	1.5714285714286
17	373909	43	2
17	373909	44	1.3333333333333
17	373909	45	1
17	373909	46	1
17	373909	47	1.5
17	373909	48	1
17	373909	49	1
17	373909	50	2
17	373909	51	1.5
17	373909	52	1.6
17	373909	53	0.6
17	373909	54	1.25
17	373909	55	2
17	373909	56	2
17	373909	57	0
17	373909	58	2
17	373909	59	1.6666666666667
17	373909	60	1
17	373909	61	0.6
17	373909	62	2
17	373909	63	1.2
17	373909	64	2
17	373909	65	1.5
17	373909	66	2
17	373909	67	1
17	373909	68	2
17	373909	69	0
17	373909	70	2
17	373909	71	1.2
17	373909	72	2
17	373909	73	1
17	373909	74	1
17	373909	75	2
17	373909	76	1
vector 18  abilene_network.client[7]  hdistance[7]  ETV
18	373909	1	0
18	373909	2	0.065217391304348
18	373909	3	0.14754098360656
18	373909	4	0.38775510204082
18	373909	5	0.67647058823529
18	373909	6	0.39473684210526
18	373909	7	0.6
18	373909	8	0.77777777777778
18	373909	9	0.73076923076923
18	373909	10	0.44
18	373909	11	0.91666666666667
18	373909	12	1.5454545454545
18	373909	13	1
18	373909	14	1.1111111111111
18	373909	15	1.1875
18	373909	16	1.4615384615385
18	373909	17	0.63636363636364
18	373909	18	1.3076923076923
18	373909	19	1.3333333333333
18	373909	20	0
18	373909	21	1.6153846153846
18	373909	22	1.8181818181818
18	373909	23	1.4444444444444
18	373909	24	2.3333333333333
18	373909	25	1.1428571428571
18	373909	26	2.25
18	373909	27	1.5
18	373909	28	2
18	373909	29	2.4
18	373909	30	1.3333333333333
18	373909	31	1.3333333333333
18	373909	32	1.375
18	373909	33	1
18	373909	34	1.75
18	373909	35	1.4
18	373909	36	2.4285714285714
18	373909	37	1.3333333333333
18	373909	38	1.2
18	373909	39	1.5
18	373909	40	1.3333333333333
18	373909	41	3
18	373909	42	2.3333333333333
18	373909	43	2.4
18	373909	44	3
18	373909	45	3
18	373909	46	2.75
18	373909	47	1.75
18	373909	48	2
18	373909	49	1.5
18	373909	50	1.5
18	373909	51	1.5
18	373909	52	3
18	373909	53	2.1666666666667
18	373909	54	2
18	373909	55	3
18	373909	56	3
18	373909	57	1.2
18	373909	58	2
18	373909	59	2.25
18	373909	60	2.2
18	373909	61	2.3333333333333
18	373909	62	1.5
18	373909	63	2.2
18	373909	64	2
18	373909	65	0
18	373909	66	0
18	373909	67	3
18	373909	68	1
18	373909	69	2.5
18	373909	70	0
18	373909	71	3
18	373909	72	2.3333333333333
18	373909	73	3
18	373909	74	0
18	373909	75	2
18	373909	76	2.5
vector 19  abilene_network.client[8]  hdistance[8]  ETV
19	373909	1	0
19	373909	2	0.023529411764706
19	373909	3	0.17777777777778
19	373909	4	0.03921568627451
19	373909	5	0.29411764705882
19	373909	6	0.48571428571429
19	373909	7	0.78260869565217
19	373909	8	0.62962962962963
19	373909	9	0.52631578947368
19	373909	10	0.76923076923077
19	373909	11	0.33333333333333
19	373909	12	0.61904761904762
19	373909	13	0.9375
19	373909	14	1
19	373909	15	0.92307692307692
19	373909	16	1.2142857142857
19	373909	17	2
19	373909	18	1.4285714285714
19	373909	19	2.5
19	373909	20	2.2222222222222
19	373909	21	2.25
19	373909	22	1.4
19	373909	23	1.4285714285714
19	373909	24	1.125
19	373909	25	1.625
19	373909	26	3
19	373909	27	2.4545454545455
19	373909	28	2.75
19	373909	29	3.1666666666667
19	373909	30	3
19	373909	31	2.6
19	373909	32	2.6666666666667
19	373909	33	3.2
19	373909	34	1
19	373909	35	1.6
19	373909	36	0
19	373909	37	2.1666666666667
19	373909	38	2.6
19	373909	39	2.3333333333333
19	373909	40	2.25
19	373909	41	3
19	373909	42	1.8571428571429
19	373909	43	1.875
19	373909	44	2
19	373909	45	2.5
19	373909	46	2.5
19	373909	47	1
19	373909	48	1.75
19	373909	49	2.6
19	373909	50	3.1666666666667
19	373909	51	3.8333333333333
19	373909	52	1.5
19	373909	53	1.375
19	373909	54	0
19	373909	55	1.5
19	373909	56	4
19	373909	57	2.6666666666667
19	373909	58	3
19	373909	59	2
19	373909	60	3
19	373909	61	3.6666666666667
19	373909	62	0.5
19	373909	63	1.8
19	373909	64	0
19	373909	65	3.5
19	373909	66	4
19	373909	67	0
19	373909	68	4
19	373909	69	3
19	373909	70	3
19	373909	71	2.6666666666667
19	373909	72	1.75
19	373909	73	4
19	373909	74	3.5
19	373909	75	2.5
19	373909	76	4
vector 20  abilene_network.client[9]  hdistance[9]  ETV
20	373909	1	0
20	373909	2	0
20	373909	3	0
20	373909	4	0.045454545454545
20	373909	5	0.024390243902439
20	373909	6	0.05
20	373909	7	0.57894736842105
20	373909	8	0.375
20	373909	9	0.34782608695652
20	373909	10	0.70588235294118
20	373909	11	0.6
20	373909	12	1
20	373909	13	1.2142857142857
20	373909	14	0.64285714285714
20	373909	15	1.4444444444444
20	373909	16	1
20	373909	17	2.2222222222222
20	373909	18	1.3
20	373909	19	1.0909090909091
20	373909	20	1.5714285714286
20	373909	21	1.25
20	373909	22	0.75
20	373909	23	1.4
20	373909	24	1.875
20	373909	25	4
20	373909	26	1.5
20	373909	27	1.4285714285714
20	373909	28	1.5833333333333
20	373909	29	1.3333333333333
20	373909	30	2.3333333333333
20	373909	31	3.75
20	373909	32	3.5
20	373909	33	1.7142857142857
20	373909	34	4.2
20	373909	35	3.75
20	373909	36	2.8571428571429
20	373909	37	1.5
20	373909	38	1.6666666666667
20	373909	39	1.75
20	373909	40	4.6666666666667
20	373909	41	2.6666666666667
20	373909	42	2.1666666666667
20	373909	43	2.5
20	373909	44	1.8333333333333
20	373909	45	3.6666666666667
20	373909	46	4
20	373909	47	5
20	373909	48	1.1666666666667
20	373909	49	4.5
20	373909	50	1.6666666666667
20	373909	51	1.4
20	373909	52	1
20	373909	53	3.5
20	373909	54	5
20	373909	55	3.5
20	373909	56	3
20	373909	57	3
20	373909	58	2.4
20	373909	59	3.75
20	373909	60	2.5
20	373909	61	2
20	373909	62	5
20	373909	63	5
20	373909	64	3.6666666666667
20	373909	65	1.75
20	373909	66	5
20	373909	67	5
20	373909	68	4.5
20	373909	69	4.6666666666667
20	373909	70	5
20	373909	71	4.6666666666667
20	373909	72	5
20	373909	73	5
20	373909	74	5
20	373909	75	5
20	373909	76	5
vector 21  abilene_network.client[10]  hdistance[10]  ETV
21	373909	1	0
21	373909	2	0
21	373909	3	0
21	373909	4	0.019230769230769
21	373909	5	0.043478260869565
21	373909	6	0.13793103448276
21	373909	7	0.22222222222222
21	373909	8	0.25
21	373909	9	0.85
21	373909	10	0.2962962962963
21	373909	11	1.7
21	373909	12	1.3571428571429
21	373909	13	0.92857142857143
21	373909	14	1.5384615384615
21	373909	15	1.75
21	373909	16	1.2307692307692
21	373909	17	1.7142857142857
21	373909	18	1.6666666666667
21	373909	19	3
21	373909	20	2.6666666666667
21	373909	21	2.8
21	373909	22	1
21	373909	23	6
21	373909	24	1
21	373909	25	1.5
21	373909	26	2.1428571428571
21	373909	27	1
21	373909	28	3.875
21	373909	29	4.5
21	373909	30	1.2857142857143
21	373909	31	1.2
21	373909	32	5.75
21	373909	33	2.8888888888889
21	373909	34	2.0833333333333
21	373909	35	3.25
21	373909	36	2.8571428571429
21	373909	37	5.25
21	373909	38	4
21	373909	39	2.75
21	373909	40	3
21	373909	41	3
21	373909	42	1.8
21	373909	43	2.5714285714286
21	373909	44	5
21	373909	45	3
21	373909	46	2.3333333333333
21	373909	47	4.8
21	373909	48	3.2
21	373909	49	6
21	373909	50	3
21	373909	51	2.2222222222222
21	373909	52	4.3333333333333
21	373909	53	3.5
21	373909	54	4.6666666666667
21	373909	55	3.25
21	373909	56	1.6666666666667
21	373909	57	4.3333333333333
21	373909	58	4.5
21	373909	59	3
21	373909	60	1
21	373909	61	1
21	373909	62	3.5
21	373909	63	6
21	373909	64	5.2
21	373909	65	3.25
21	373909	66	5
21	373909	67	6
21	373909	68	5
21	373909	69	6
21	373909	70	6
21	373909	71	2.625
21	373909	72	4.5
21	373909	73	5
21	373909	74	0
21	373909	75	3
21	373909	76	6
