version 2
run General-7-20140102-00:49:20-25383
attr D lce
attr F spr
attr R lru
attr a 1
attr configname General
attr csize 10^5
attr datetime 20140102-00:49:20
attr experiment General
attr inifile omnetpp.ini
attr iterationvars "$net=simple_scenario_cache_in_the_core, $rep=0, $a=1, $F=spr, $ttl=1000, $D=lce, $R=lru, $csize=10^5"
attr iterationvars2 "$net=simple_scenario_cache_in_the_core, $rep=0, $a=1, $F=spr, $ttl=1000, $D=lce, $R=lru, $csize=10^5, $repetition=0"
attr measurement "$net=simple_scenario_cache_in_the_core, $rep=0, $a=1, $F=spr, $ttl=1000, $D=lce, $R=lru, $csize=10^5"
attr net simple_scenario_cache_in_the_core
attr network networks.${net=simple_scenario_cache_in_the_core,simple_scenario_cache_at_border}_network
attr processid 25383
attr rep 0
attr repetition 0
attr replication #0
attr resultdir results
attr runnumber 7
attr seedset 0
attr ttl 1000

vector 42  simple_scenario_cache_in_the_core_network.node[0].content_store  hit_node[0]  ETV
42	2248513	1	1
42	2248513	2	1
42	2248513	3	1
42	2248513	4	1
42	2248513	5	1
42	2248513	6	1
42	2248513	7	1
42	2248513	8	1
42	2248513	9	1
42	2248513	10	1
42	2248513	11	1
42	2248513	12	1
42	2248513	13	1
42	2248513	14	1
42	2248513	15	1
42	2248513	16	1
42	2248513	17	1
42	2248513	18	1
42	2248513	19	1
42	2248513	20	1
42	2248513	21	1
42	2248513	22	1
42	2248513	23	1
42	2248513	24	1
42	2248513	25	1
42	2248513	26	1
42	2248513	27	1
42	2248513	28	1
42	2248513	29	1
42	2248513	30	1
42	2248513	31	1
42	2248513	32	1
42	2248513	33	1
42	2248513	34	1
42	2248513	35	1
42	2248513	36	1
42	2248513	37	1
42	2248513	38	1
42	2248513	39	1
42	2248513	40	1
42	2248513	41	1
42	2248513	42	1
42	2248513	43	1
42	2248513	44	1
42	2248513	45	1
42	2248513	46	1
42	2248513	47	1
42	2248513	48	1
42	2248513	49	1
42	2248513	50	1
42	2248513	51	1
42	2248513	52	1
42	2248513	53	1
42	2248513	54	1
42	2248513	55	1
42	2248513	56	1
42	2248513	57	1
42	2248513	58	1
42	2248513	59	1
42	2248513	60	1
42	2248513	61	1
42	2248513	62	1
42	2248513	63	1
42	2248513	64	1
42	2248513	65	1
42	2248513	66	1
42	2248513	67	1
42	2248513	68	1
42	2248513	69	1
42	2248513	70	1
42	2248513	71	1
42	2248513	72	1
42	2248513	73	1
42	2248513	74	1
42	2248513	75	1
42	2248513	76	1
42	2248513	77	1
42	2248513	78	1
42	2248513	79	1
42	2248513	80	1
42	2248513	81	1
42	2248513	82	1
42	2248513	83	1
42	2248513	84	1
42	2248513	85	1
42	2248513	86	1
42	2248513	87	1
42	2248513	88	1
42	2248513	89	1
42	2248513	90	1
42	2248513	91	1
42	2248513	92	1
42	2248513	93	1
42	2248513	94	1
42	2248513	95	1
42	2248513	96	1
42	2248513	97	1
42	2248513	98	1
42	2248513	99	1
42	2248513	100	1
42	2248513	101	1
42	2248513	102	1
42	2248513	103	1
42	2248513	104	1
42	2248513	105	1
42	2248513	106	1
42	2248513	107	1
42	2248513	108	1
42	2248513	109	1
42	2248513	110	1
42	2248513	111	1
42	2248513	112	1
42	2248513	113	1
42	2248513	114	1
42	2248513	115	1
42	2248513	116	1
42	2248513	117	1
42	2248513	118	1
42	2248513	119	1
42	2248513	120	1
42	2248513	121	1
42	2248513	122	1
42	2248513	123	1
42	2248513	124	1
42	2248513	125	1
42	2248513	126	1
42	2248513	127	1
42	2248513	128	1
42	2248513	129	1
42	2248513	130	1
42	2248513	131	1
42	2248513	132	1
42	2248513	133	1
42	2248513	134	1
42	2248513	135	1
42	2248513	136	1
42	2248513	137	1
42	2248513	138	1
42	2248513	139	1
42	2248513	140	1
42	2248513	141	1
42	2248513	142	1
42	2248513	143	1
42	2248513	144	1
42	2248513	145	1
42	2248513	146	1
42	2248513	147	1
42	2248513	148	1
42	2248513	149	1
42	2248513	150	1
42	2248513	151	1
42	2248513	152	1
42	2248513	153	1
42	2248513	154	1
42	2248513	155	1
42	2248513	156	1
42	2248513	157	1
42	2248513	158	1
42	2248513	159	1
42	2248513	160	1
42	2248513	161	1
42	2248513	162	1
42	2248513	163	1
42	2248513	164	1
42	2248513	165	1
42	2248513	166	1
42	2248513	167	1
42	2248513	168	1
42	2248513	169	1
42	2248513	170	1
42	2248513	171	1
42	2248513	172	1
42	2248513	173	1
42	2248513	174	1
42	2248513	175	1
42	2248513	176	1
42	2248513	177	1
42	2248513	178	1
42	2248513	179	1
42	2248513	180	1
42	2248513	181	1
42	2248513	182	1
42	2248513	183	1
42	2248513	184	1
42	2248513	185	1
42	2248513	186	1
42	2248513	187	1
42	2248513	188	1
42	2248513	189	1
42	2248513	190	1
42	2248513	191	1
42	2248513	192	1
42	2248513	193	1
42	2248513	194	1
42	2248513	195	1
42	2248513	196	1
42	2248513	197	1
42	2248513	198	1
42	2248513	199	1
42	2248513	200	1
42	2248513	201	1
42	2248513	202	1
42	2248513	203	1
42	2248513	204	1
42	2248513	205	1
42	2248513	206	1
42	2248513	207	1
42	2248513	208	1
42	2248513	209	1
42	2248513	210	1
42	2248513	211	1
42	2248513	212	1
42	2248513	213	1
42	2248513	214	1
42	2248513	215	1
42	2248513	216	1
42	2248513	217	1
42	2248513	218	1
42	2248513	219	1
42	2248513	220	1
42	2248513	221	1
42	2248513	222	1
42	2248513	223	1
42	2248513	224	1
42	2248513	225	1
42	2248513	226	1
42	2248513	227	1
42	2248513	228	1
42	2248513	229	1
42	2248513	230	1
42	2248513	231	1
42	2248513	232	1
42	2248513	233	1
42	2248513	234	1
42	2248513	235	1
42	2248513	236	1
42	2248513	237	1
42	2248513	238	1
42	2248513	239	1
42	2248513	240	1
42	2248513	241	1
42	2248513	242	1
42	2248513	243	1
42	2248513	244	1
42	2248513	245	1
42	2248513	246	1
42	2248513	247	1
42	2248513	248	1
42	2248513	249	1
42	2248513	250	1
42	2248513	251	1
42	2248513	252	1
42	2248513	253	1
42	2248513	254	1
42	2248513	255	1
42	2248513	256	1
42	2248513	257	1
42	2248513	258	1
42	2248513	259	1
42	2248513	260	1
42	2248513	261	1
42	2248513	262	1
42	2248513	263	1
42	2248513	264	1
42	2248513	265	1
42	2248513	266	1
42	2248513	267	1
42	2248513	268	1
42	2248513	269	1
42	2248513	270	1
42	2248513	271	1
42	2248513	272	1
42	2248513	273	1
42	2248513	274	1
42	2248513	275	1
42	2248513	276	1
42	2248513	277	1
42	2248513	278	1
42	2248513	279	1
42	2248513	280	1
42	2248513	281	1
42	2248513	282	1
42	2248513	283	1
42	2248513	284	1
42	2248513	285	1
42	2248513	286	1
42	2248513	287	1
42	2248513	288	1
42	2248513	289	1
42	2248513	290	1
42	2248513	291	1
42	2248513	292	1
42	2248513	293	1
42	2248513	294	1
42	2248513	295	1
42	2248513	296	1
42	2248513	297	1
42	2248513	298	1
42	2248513	299	1
42	2248513	300	1
42	2248513	301	1
42	2248513	302	1
42	2248513	303	1
42	2248513	304	1
42	2248513	305	1
42	2248513	306	1
42	2248513	307	1
42	2248513	308	1
42	2248513	309	1
42	2248513	310	1
42	2248513	311	1
42	2248513	312	1
42	2248513	313	1
42	2248513	314	1
42	2248513	315	1
42	2248513	316	1
42	2248513	317	1
42	2248513	318	1
42	2248513	319	1
42	2248513	320	1
42	2248513	321	1
42	2248513	322	1
42	2248513	323	1
42	2248513	324	1
42	2248513	325	1
42	2248513	326	1
42	2248513	327	1
42	2248513	328	1
42	2248513	329	1
42	2248513	330	1
42	2248513	331	1
42	2248513	332	1
42	2248513	333	1
42	2248513	334	1
42	2248513	335	1
42	2248513	336	1
42	2248513	337	1
42	2248513	338	1
42	2248513	339	1
42	2248513	340	1
42	2248513	341	1
42	2248513	342	1
42	2248513	343	1
42	2248513	344	1
42	2248513	345	1
42	2248513	346	1
42	2248513	347	1
42	2248513	348	1
42	2248513	349	1
42	2248513	350	1
42	2248513	351	1
42	2248513	352	1
42	2248513	353	1
42	2248513	354	1
42	2248513	355	1
42	2248513	356	1
42	2248513	357	1
42	2248513	358	1
42	2248513	359	1
42	2248513	360	1
42	2248513	361	1
42	2248513	362	1
42	2248513	363	1
42	2248513	364	1
42	2248513	365	1
42	2248513	366	1
42	2248513	367	1
42	2248513	368	1
42	2248513	369	1
42	2248513	370	1
42	2248513	371	1
42	2248513	372	1
42	2248513	373	1
42	2248513	374	1
42	2248513	375	1
42	2248513	376	1
42	2248513	377	1
42	2248513	378	1
42	2248513	379	1
42	2248513	380	1
42	2248513	381	1
42	2248513	382	1
42	2248513	383	1
42	2248513	384	1
42	2248513	385	1
42	2248513	386	1
42	2248513	387	1
42	2248513	388	1
42	2248513	389	1
42	2248513	390	1
42	2248513	391	1
42	2248513	392	1
42	2248513	393	1
42	2248513	394	1
42	2248513	395	1
42	2248513	396	1
42	2248513	397	1
42	2248513	398	1
42	2248513	399	1
42	2248513	400	1
42	2248513	401	1
42	2248513	402	1
42	2248513	403	1
42	2248513	404	1
42	2248513	405	1
42	2248513	406	1
42	2248513	407	1
42	2248513	408	1
42	2248513	409	1
42	2248513	410	1
42	2248513	411	1
42	2248513	412	1
42	2248513	413	1
42	2248513	414	1
42	2248513	415	1
42	2248513	416	1
42	2248513	417	1
42	2248513	418	1
42	2248513	419	1
42	2248513	420	1
42	2248513	421	1
42	2248513	422	1
42	2248513	423	1
42	2248513	424	1
42	2248513	425	1
42	2248513	426	1
42	2248513	427	1
42	2248513	428	1
42	2248513	429	1
42	2248513	430	1
42	2248513	431	1
42	2248513	432	1
42	2248513	433	1
42	2248513	434	1
42	2248513	435	1
42	2248513	436	1
42	2248513	437	1
42	2248513	438	1
42	2248513	439	1
42	2248513	440	1
42	2248513	441	1
42	2248513	442	1
42	2248513	443	1
42	2248513	444	1
42	2248513	445	1
42	2248513	446	1
42	2248513	447	1
42	2248513	448	1
42	2248513	449	1
42	2248513	450	1
42	2248513	451	1
42	2248513	452	1
42	2248513	453	1
42	2248513	454	1
42	2248513	455	1
42	2248513	456	1
42	2248513	457	1
42	2248513	458	1
42	2248513	459	1
42	2248513	460	1
42	2248513	461	1
42	2248513	462	1
42	2248513	463	1
42	2248513	464	1
42	2248513	465	1
42	2248513	466	1
42	2248513	467	1
42	2248513	468	1
42	2248513	469	1
42	2248513	470	1
42	2248513	471	1
42	2248513	472	1
42	2248513	473	1
42	2248513	474	1
42	2248513	475	1
42	2248513	476	1
42	2248513	477	1
42	2248513	478	1
42	2248513	479	1
42	2248513	480	1
42	2248513	481	1
42	2248513	482	1
42	2248513	483	1
42	2248513	484	1
42	2248513	485	1
42	2248513	486	1
42	2248513	487	1
42	2248513	488	1
42	2248513	489	1
42	2248513	490	1
42	2248513	491	1
42	2248513	492	1
42	2248513	493	1
42	2248513	494	1
42	2248513	495	1
42	2248513	496	1
42	2248513	497	1
42	2248513	498	1
42	2248513	499	1
42	2248513	500	1
42	2248513	501	1
42	2248513	502	1
42	2248513	503	1
42	2248513	504	1
42	2248513	505	1
42	2248513	506	1
42	2248513	507	1
42	2248513	508	1
42	2248513	509	1
42	2248513	510	1
42	2248513	511	1
42	2248513	512	1
42	2248513	513	1
42	2248513	514	1
42	2248513	515	1
42	2248513	516	1
42	2248513	517	1
42	2248513	518	1
42	2248513	519	1
42	2248513	520	1
42	2248513	521	1
42	2248513	522	1
42	2248513	523	1
42	2248513	524	1
42	2248513	525	1
42	2248513	526	1
42	2248513	527	1
42	2248513	528	1
42	2248513	529	1
42	2248513	530	1
42	2248513	531	1
42	2248513	532	1
42	2248513	533	1
42	2248513	534	1
42	2248513	535	1
42	2248513	536	1
42	2248513	537	1
42	2248513	538	1
42	2248513	539	1
42	2248513	540	1
42	2248513	541	1
42	2248513	542	1
42	2248513	543	1
42	2248513	544	1
42	2248513	545	1
42	2248513	546	1
42	2248513	547	1
42	2248513	548	1
42	2248513	549	1
42	2248513	550	1
42	2248513	551	1
42	2248513	552	1
42	2248513	553	1
42	2248513	554	1
42	2248513	555	1
42	2248513	556	1
42	2248513	557	1
42	2248513	558	1
42	2248513	559	1
42	2248513	560	1
42	2248513	561	1
42	2248513	562	1
42	2248513	563	1
42	2248513	564	1
42	2248513	565	1
42	2248513	566	1
42	2248513	567	1
42	2248513	568	1
42	2248513	569	1
42	2248513	570	1
42	2248513	571	1
42	2248513	572	1
42	2248513	573	1
42	2248513	574	1
42	2248513	575	1
42	2248513	576	1
42	2248513	577	1
42	2248513	578	1
42	2248513	579	1
42	2248513	580	1
42	2248513	581	1
42	2248513	582	1
42	2248513	583	1
42	2248513	584	1
42	2248513	585	1
42	2248513	586	1
42	2248513	587	1
42	2248513	588	1
42	2248513	589	1
42	2248513	590	1
42	2248513	591	1
42	2248513	592	1
42	2248513	593	1
42	2248513	594	1
42	2248513	595	1
42	2248513	596	1
42	2248513	597	1
42	2248513	598	1
42	2248513	599	1
42	2248513	600	1
42	2248513	601	1
42	2248513	602	1
42	2248513	603	1
42	2248513	604	1
42	2248513	605	1
42	2248513	606	1
42	2248513	607	1
42	2248513	608	1
42	2248513	609	1
42	2248513	610	1
42	2248513	611	1
42	2248513	612	1
42	2248513	613	1
42	2248513	614	1
42	2248513	615	1
42	2248513	616	1
42	2248513	617	1
42	2248513	618	1
42	2248513	619	1
42	2248513	620	1
42	2248513	621	1
42	2248513	622	1
42	2248513	623	1
42	2248513	624	1
42	2248513	625	1
42	2248513	626	1
42	2248513	627	1
42	2248513	628	1
42	2248513	629	1
42	2248513	630	1
42	2248513	631	1
42	2248513	632	1
42	2248513	633	1
42	2248513	634	1
42	2248513	635	1
42	2248513	636	1
42	2248513	637	1
42	2248513	638	1
42	2248513	639	1
42	2248513	640	1
42	2248513	641	1
42	2248513	642	1
42	2248513	643	1
42	2248513	644	1
42	2248513	645	1
42	2248513	646	1
42	2248513	647	1
42	2248513	648	1
42	2248513	649	1
42	2248513	650	1
42	2248513	651	1
42	2248513	652	1
42	2248513	653	1
42	2248513	654	1
42	2248513	655	1
42	2248513	656	1
42	2248513	657	1
42	2248513	658	1
42	2248513	659	1
42	2248513	660	1
42	2248513	661	1
42	2248513	662	1
42	2248513	663	1
42	2248513	664	1
42	2248513	665	1
42	2248513	666	1
42	2248513	667	1
42	2248513	668	1
42	2248513	669	1
42	2248513	670	1
42	2248513	671	1
42	2248513	672	1
42	2248513	673	1
42	2248513	674	1
42	2248513	675	1
42	2248513	676	1
42	2248513	677	1
42	2248513	678	1
42	2248513	679	1
42	2248513	680	1
42	2248513	681	1
42	2248513	682	1
42	2248513	683	1
42	2248513	684	1
42	2248513	685	1
42	2248513	686	1
42	2248513	687	1
42	2248513	688	1
42	2248513	689	1
42	2248513	690	1
42	2248513	691	1
42	2248513	692	1
42	2248513	693	1
42	2248513	694	1
42	2248513	695	1
42	2248513	696	1
42	2248513	697	1
42	2248513	698	1
42	2248513	699	1
42	2248513	700	1
42	2248513	701	1
42	2248513	702	1
42	2248513	703	1
42	2248513	704	1
42	2248513	705	1
42	2248513	706	1
42	2248513	707	1
42	2248513	708	1
42	2248513	709	1
42	2248513	710	1
42	2248513	711	1
42	2248513	712	1
42	2248513	713	1
42	2248513	714	1
42	2248513	715	1
42	2248513	716	1
42	2248513	717	1
42	2248513	718	1
42	2248513	719	1
42	2248513	720	1
42	2248513	721	1
42	2248513	722	1
42	2248513	723	1
42	2248513	724	1
42	2248513	725	1
42	2248513	726	1
42	2248513	727	1
42	2248513	728	1
42	2248513	729	1
42	2248513	730	1
42	2248513	731	1
42	2248513	732	1
42	2248513	733	1
42	2248513	734	1
42	2248513	735	1
42	2248513	736	1
42	2248513	737	1
42	2248513	738	1
42	2248513	739	1
42	2248513	740	1
42	2248513	741	1
42	2248513	742	1
42	2248513	743	1
42	2248513	744	1
42	2248513	745	1
42	2248513	746	1
42	2248513	747	1
42	2248513	748	1
42	2248513	749	1
42	2248513	750	1
vector 43  simple_scenario_cache_in_the_core_network.node[1].content_store  hit_node[1]  ETV
43	2248513	1	-nan
43	2248513	2	-nan
43	2248513	3	-nan
43	2248513	4	-nan
43	2248513	5	-nan
43	2248513	6	-nan
43	2248513	7	-nan
43	2248513	8	-nan
43	2248513	9	-nan
43	2248513	10	-nan
43	2248513	11	-nan
43	2248513	12	-nan
43	2248513	13	-nan
43	2248513	14	-nan
43	2248513	15	-nan
43	2248513	16	-nan
43	2248513	17	-nan
43	2248513	18	-nan
43	2248513	19	-nan
43	2248513	20	-nan
43	2248513	21	-nan
43	2248513	22	-nan
43	2248513	23	-nan
43	2248513	24	-nan
43	2248513	25	-nan
43	2248513	26	-nan
43	2248513	27	-nan
43	2248513	28	-nan
43	2248513	29	-nan
43	2248513	30	-nan
43	2248513	31	-nan
43	2248513	32	-nan
43	2248513	33	-nan
43	2248513	34	-nan
43	2248513	35	-nan
43	2248513	36	-nan
43	2248513	37	-nan
43	2248513	38	-nan
43	2248513	39	-nan
43	2248513	40	-nan
43	2248513	41	-nan
43	2248513	42	-nan
43	2248513	43	-nan
43	2248513	44	-nan
43	2248513	45	-nan
43	2248513	46	-nan
43	2248513	47	-nan
43	2248513	48	-nan
43	2248513	49	-nan
43	2248513	50	-nan
43	2248513	51	-nan
43	2248513	52	-nan
43	2248513	53	-nan
43	2248513	54	-nan
43	2248513	55	-nan
43	2248513	56	-nan
43	2248513	57	-nan
43	2248513	58	-nan
43	2248513	59	-nan
43	2248513	60	-nan
43	2248513	61	-nan
43	2248513	62	-nan
43	2248513	63	-nan
43	2248513	64	-nan
43	2248513	65	-nan
43	2248513	66	-nan
43	2248513	67	-nan
43	2248513	68	-nan
43	2248513	69	-nan
43	2248513	70	-nan
43	2248513	71	-nan
43	2248513	72	-nan
43	2248513	73	-nan
43	2248513	74	-nan
43	2248513	75	-nan
43	2248513	76	-nan
43	2248513	77	-nan
43	2248513	78	-nan
43	2248513	79	-nan
43	2248513	80	-nan
43	2248513	81	-nan
43	2248513	82	-nan
43	2248513	83	-nan
43	2248513	84	-nan
43	2248513	85	-nan
43	2248513	86	-nan
43	2248513	87	-nan
43	2248513	88	-nan
43	2248513	89	-nan
43	2248513	90	-nan
43	2248513	91	-nan
43	2248513	92	-nan
43	2248513	93	-nan
43	2248513	94	-nan
43	2248513	95	-nan
43	2248513	96	-nan
43	2248513	97	-nan
43	2248513	98	-nan
43	2248513	99	-nan
43	2248513	100	-nan
43	2248513	101	-nan
43	2248513	102	-nan
43	2248513	103	-nan
43	2248513	104	-nan
43	2248513	105	-nan
43	2248513	106	-nan
43	2248513	107	-nan
43	2248513	108	-nan
43	2248513	109	-nan
43	2248513	110	-nan
43	2248513	111	-nan
43	2248513	112	-nan
43	2248513	113	-nan
43	2248513	114	-nan
43	2248513	115	-nan
43	2248513	116	-nan
43	2248513	117	-nan
43	2248513	118	-nan
43	2248513	119	-nan
43	2248513	120	-nan
43	2248513	121	-nan
43	2248513	122	-nan
43	2248513	123	-nan
43	2248513	124	-nan
43	2248513	125	-nan
43	2248513	126	-nan
43	2248513	127	-nan
43	2248513	128	-nan
43	2248513	129	-nan
43	2248513	130	-nan
43	2248513	131	-nan
43	2248513	132	-nan
43	2248513	133	-nan
43	2248513	134	-nan
43	2248513	135	-nan
43	2248513	136	-nan
43	2248513	137	-nan
43	2248513	138	-nan
43	2248513	139	-nan
43	2248513	140	-nan
43	2248513	141	-nan
43	2248513	142	-nan
43	2248513	143	-nan
43	2248513	144	-nan
43	2248513	145	-nan
43	2248513	146	-nan
43	2248513	147	-nan
43	2248513	148	-nan
43	2248513	149	-nan
43	2248513	150	-nan
43	2248513	151	-nan
43	2248513	152	-nan
43	2248513	153	-nan
43	2248513	154	-nan
43	2248513	155	-nan
43	2248513	156	-nan
43	2248513	157	-nan
43	2248513	158	-nan
43	2248513	159	-nan
43	2248513	160	-nan
43	2248513	161	-nan
43	2248513	162	-nan
43	2248513	163	-nan
43	2248513	164	-nan
43	2248513	165	-nan
43	2248513	166	-nan
43	2248513	167	-nan
43	2248513	168	-nan
43	2248513	169	-nan
43	2248513	170	-nan
43	2248513	171	-nan
43	2248513	172	-nan
43	2248513	173	-nan
43	2248513	174	-nan
43	2248513	175	-nan
43	2248513	176	-nan
43	2248513	177	-nan
43	2248513	178	-nan
43	2248513	179	-nan
43	2248513	180	-nan
43	2248513	181	-nan
43	2248513	182	-nan
43	2248513	183	-nan
43	2248513	184	-nan
43	2248513	185	-nan
43	2248513	186	-nan
43	2248513	187	-nan
43	2248513	188	-nan
43	2248513	189	-nan
43	2248513	190	-nan
43	2248513	191	-nan
43	2248513	192	-nan
43	2248513	193	-nan
43	2248513	194	-nan
43	2248513	195	-nan
43	2248513	196	-nan
43	2248513	197	-nan
43	2248513	198	-nan
43	2248513	199	-nan
43	2248513	200	-nan
43	2248513	201	-nan
43	2248513	202	-nan
43	2248513	203	-nan
43	2248513	204	-nan
43	2248513	205	-nan
43	2248513	206	-nan
43	2248513	207	-nan
43	2248513	208	-nan
43	2248513	209	-nan
43	2248513	210	-nan
43	2248513	211	-nan
43	2248513	212	-nan
43	2248513	213	-nan
43	2248513	214	-nan
43	2248513	215	-nan
43	2248513	216	-nan
43	2248513	217	-nan
43	2248513	218	-nan
43	2248513	219	-nan
43	2248513	220	-nan
43	2248513	221	-nan
43	2248513	222	-nan
43	2248513	223	-nan
43	2248513	224	-nan
43	2248513	225	-nan
43	2248513	226	-nan
43	2248513	227	-nan
43	2248513	228	-nan
43	2248513	229	-nan
43	2248513	230	-nan
43	2248513	231	-nan
43	2248513	232	-nan
43	2248513	233	-nan
43	2248513	234	-nan
43	2248513	235	-nan
43	2248513	236	-nan
43	2248513	237	-nan
43	2248513	238	-nan
43	2248513	239	-nan
43	2248513	240	-nan
43	2248513	241	-nan
43	2248513	242	-nan
43	2248513	243	-nan
43	2248513	244	-nan
43	2248513	245	-nan
43	2248513	246	-nan
43	2248513	247	-nan
43	2248513	248	-nan
43	2248513	249	-nan
43	2248513	250	-nan
43	2248513	251	-nan
43	2248513	252	-nan
43	2248513	253	-nan
43	2248513	254	-nan
43	2248513	255	-nan
43	2248513	256	-nan
43	2248513	257	-nan
43	2248513	258	-nan
43	2248513	259	-nan
43	2248513	260	-nan
43	2248513	261	-nan
43	2248513	262	-nan
43	2248513	263	-nan
43	2248513	264	-nan
43	2248513	265	-nan
43	2248513	266	-nan
43	2248513	267	-nan
43	2248513	268	-nan
43	2248513	269	-nan
43	2248513	270	-nan
43	2248513	271	-nan
43	2248513	272	-nan
43	2248513	273	-nan
43	2248513	274	-nan
43	2248513	275	-nan
43	2248513	276	-nan
43	2248513	277	-nan
43	2248513	278	-nan
43	2248513	279	-nan
43	2248513	280	-nan
43	2248513	281	-nan
43	2248513	282	-nan
43	2248513	283	-nan
43	2248513	284	-nan
43	2248513	285	-nan
43	2248513	286	-nan
43	2248513	287	-nan
43	2248513	288	-nan
43	2248513	289	-nan
43	2248513	290	-nan
43	2248513	291	-nan
43	2248513	292	-nan
43	2248513	293	-nan
43	2248513	294	-nan
43	2248513	295	-nan
43	2248513	296	-nan
43	2248513	297	-nan
43	2248513	298	-nan
43	2248513	299	-nan
43	2248513	300	-nan
43	2248513	301	-nan
43	2248513	302	-nan
43	2248513	303	-nan
43	2248513	304	-nan
43	2248513	305	-nan
43	2248513	306	-nan
43	2248513	307	-nan
43	2248513	308	-nan
43	2248513	309	-nan
43	2248513	310	-nan
43	2248513	311	-nan
43	2248513	312	-nan
43	2248513	313	-nan
43	2248513	314	-nan
43	2248513	315	-nan
43	2248513	316	-nan
43	2248513	317	-nan
43	2248513	318	-nan
43	2248513	319	-nan
43	2248513	320	-nan
43	2248513	321	-nan
43	2248513	322	-nan
43	2248513	323	-nan
43	2248513	324	-nan
43	2248513	325	-nan
43	2248513	326	-nan
43	2248513	327	-nan
43	2248513	328	-nan
43	2248513	329	-nan
43	2248513	330	-nan
43	2248513	331	-nan
43	2248513	332	-nan
43	2248513	333	-nan
43	2248513	334	-nan
43	2248513	335	-nan
43	2248513	336	-nan
43	2248513	337	-nan
43	2248513	338	-nan
43	2248513	339	-nan
43	2248513	340	-nan
43	2248513	341	-nan
43	2248513	342	-nan
43	2248513	343	-nan
43	2248513	344	-nan
43	2248513	345	-nan
43	2248513	346	-nan
43	2248513	347	-nan
43	2248513	348	-nan
43	2248513	349	-nan
43	2248513	350	-nan
43	2248513	351	-nan
43	2248513	352	-nan
43	2248513	353	-nan
43	2248513	354	-nan
43	2248513	355	-nan
43	2248513	356	-nan
43	2248513	357	-nan
43	2248513	358	-nan
43	2248513	359	-nan
43	2248513	360	-nan
43	2248513	361	-nan
43	2248513	362	-nan
43	2248513	363	-nan
43	2248513	364	-nan
43	2248513	365	-nan
43	2248513	366	-nan
43	2248513	367	-nan
43	2248513	368	-nan
43	2248513	369	-nan
43	2248513	370	-nan
43	2248513	371	-nan
43	2248513	372	-nan
43	2248513	373	-nan
43	2248513	374	-nan
43	2248513	375	-nan
43	2248513	376	-nan
43	2248513	377	-nan
43	2248513	378	-nan
43	2248513	379	-nan
43	2248513	380	-nan
43	2248513	381	-nan
43	2248513	382	-nan
43	2248513	383	-nan
43	2248513	384	-nan
43	2248513	385	-nan
43	2248513	386	-nan
43	2248513	387	-nan
43	2248513	388	-nan
43	2248513	389	-nan
43	2248513	390	-nan
43	2248513	391	-nan
43	2248513	392	-nan
43	2248513	393	-nan
43	2248513	394	-nan
43	2248513	395	-nan
43	2248513	396	-nan
43	2248513	397	-nan
43	2248513	398	-nan
43	2248513	399	-nan
43	2248513	400	-nan
43	2248513	401	-nan
43	2248513	402	-nan
43	2248513	403	-nan
43	2248513	404	-nan
43	2248513	405	-nan
43	2248513	406	-nan
43	2248513	407	-nan
43	2248513	408	-nan
43	2248513	409	-nan
43	2248513	410	-nan
43	2248513	411	-nan
43	2248513	412	-nan
43	2248513	413	-nan
43	2248513	414	-nan
43	2248513	415	-nan
43	2248513	416	-nan
43	2248513	417	-nan
43	2248513	418	-nan
43	2248513	419	-nan
43	2248513	420	-nan
43	2248513	421	-nan
43	2248513	422	-nan
43	2248513	423	-nan
43	2248513	424	-nan
43	2248513	425	-nan
43	2248513	426	-nan
43	2248513	427	-nan
43	2248513	428	-nan
43	2248513	429	-nan
43	2248513	430	-nan
43	2248513	431	-nan
43	2248513	432	-nan
43	2248513	433	-nan
43	2248513	434	-nan
43	2248513	435	-nan
43	2248513	436	-nan
43	2248513	437	-nan
43	2248513	438	-nan
43	2248513	439	-nan
43	2248513	440	-nan
43	2248513	441	-nan
43	2248513	442	-nan
43	2248513	443	-nan
43	2248513	444	-nan
43	2248513	445	-nan
43	2248513	446	-nan
43	2248513	447	-nan
43	2248513	448	-nan
43	2248513	449	-nan
43	2248513	450	-nan
43	2248513	451	-nan
43	2248513	452	-nan
43	2248513	453	-nan
43	2248513	454	-nan
43	2248513	455	-nan
43	2248513	456	-nan
43	2248513	457	-nan
43	2248513	458	-nan
43	2248513	459	-nan
43	2248513	460	-nan
43	2248513	461	-nan
43	2248513	462	-nan
43	2248513	463	-nan
43	2248513	464	-nan
43	2248513	465	-nan
43	2248513	466	-nan
43	2248513	467	-nan
43	2248513	468	-nan
43	2248513	469	-nan
43	2248513	470	-nan
43	2248513	471	-nan
43	2248513	472	-nan
43	2248513	473	-nan
43	2248513	474	-nan
43	2248513	475	-nan
43	2248513	476	-nan
43	2248513	477	-nan
43	2248513	478	-nan
43	2248513	479	-nan
43	2248513	480	-nan
43	2248513	481	-nan
43	2248513	482	-nan
43	2248513	483	-nan
43	2248513	484	-nan
43	2248513	485	-nan
43	2248513	486	-nan
43	2248513	487	-nan
43	2248513	488	-nan
43	2248513	489	-nan
43	2248513	490	-nan
43	2248513	491	-nan
43	2248513	492	-nan
43	2248513	493	-nan
43	2248513	494	-nan
43	2248513	495	-nan
43	2248513	496	-nan
43	2248513	497	-nan
43	2248513	498	-nan
43	2248513	499	-nan
43	2248513	500	-nan
43	2248513	501	-nan
43	2248513	502	-nan
43	2248513	503	-nan
43	2248513	504	-nan
43	2248513	505	-nan
43	2248513	506	-nan
43	2248513	507	-nan
43	2248513	508	-nan
43	2248513	509	-nan
43	2248513	510	-nan
43	2248513	511	-nan
43	2248513	512	-nan
43	2248513	513	-nan
43	2248513	514	-nan
43	2248513	515	-nan
43	2248513	516	-nan
43	2248513	517	-nan
43	2248513	518	-nan
43	2248513	519	-nan
43	2248513	520	-nan
43	2248513	521	-nan
43	2248513	522	-nan
43	2248513	523	-nan
43	2248513	524	-nan
43	2248513	525	-nan
43	2248513	526	-nan
43	2248513	527	-nan
43	2248513	528	-nan
43	2248513	529	-nan
43	2248513	530	-nan
43	2248513	531	-nan
43	2248513	532	-nan
43	2248513	533	-nan
43	2248513	534	-nan
43	2248513	535	-nan
43	2248513	536	-nan
43	2248513	537	-nan
43	2248513	538	-nan
43	2248513	539	-nan
43	2248513	540	-nan
43	2248513	541	-nan
43	2248513	542	-nan
43	2248513	543	-nan
43	2248513	544	-nan
43	2248513	545	-nan
43	2248513	546	-nan
43	2248513	547	-nan
43	2248513	548	-nan
43	2248513	549	-nan
43	2248513	550	-nan
43	2248513	551	-nan
43	2248513	552	-nan
43	2248513	553	-nan
43	2248513	554	-nan
43	2248513	555	-nan
43	2248513	556	-nan
43	2248513	557	-nan
43	2248513	558	-nan
43	2248513	559	-nan
43	2248513	560	-nan
43	2248513	561	-nan
43	2248513	562	-nan
43	2248513	563	-nan
43	2248513	564	-nan
43	2248513	565	-nan
43	2248513	566	-nan
43	2248513	567	-nan
43	2248513	568	-nan
43	2248513	569	-nan
43	2248513	570	-nan
43	2248513	571	-nan
43	2248513	572	-nan
43	2248513	573	-nan
43	2248513	574	-nan
43	2248513	575	-nan
43	2248513	576	-nan
43	2248513	577	-nan
43	2248513	578	-nan
43	2248513	579	-nan
43	2248513	580	-nan
43	2248513	581	-nan
43	2248513	582	-nan
43	2248513	583	-nan
43	2248513	584	-nan
43	2248513	585	-nan
43	2248513	586	-nan
43	2248513	587	-nan
43	2248513	588	-nan
43	2248513	589	-nan
43	2248513	590	-nan
43	2248513	591	-nan
43	2248513	592	-nan
43	2248513	593	-nan
43	2248513	594	-nan
43	2248513	595	-nan
43	2248513	596	-nan
43	2248513	597	-nan
43	2248513	598	-nan
43	2248513	599	-nan
43	2248513	600	-nan
43	2248513	601	-nan
43	2248513	602	-nan
43	2248513	603	-nan
43	2248513	604	-nan
43	2248513	605	-nan
43	2248513	606	-nan
43	2248513	607	-nan
43	2248513	608	-nan
43	2248513	609	-nan
43	2248513	610	-nan
43	2248513	611	-nan
43	2248513	612	-nan
43	2248513	613	-nan
43	2248513	614	-nan
43	2248513	615	-nan
43	2248513	616	-nan
43	2248513	617	-nan
43	2248513	618	-nan
43	2248513	619	-nan
43	2248513	620	-nan
43	2248513	621	-nan
43	2248513	622	-nan
43	2248513	623	-nan
43	2248513	624	-nan
43	2248513	625	-nan
43	2248513	626	-nan
43	2248513	627	-nan
43	2248513	628	-nan
43	2248513	629	-nan
43	2248513	630	-nan
43	2248513	631	-nan
43	2248513	632	-nan
43	2248513	633	-nan
43	2248513	634	-nan
43	2248513	635	-nan
43	2248513	636	-nan
43	2248513	637	-nan
43	2248513	638	-nan
43	2248513	639	-nan
43	2248513	640	-nan
43	2248513	641	-nan
43	2248513	642	-nan
43	2248513	643	-nan
43	2248513	644	-nan
43	2248513	645	-nan
43	2248513	646	-nan
43	2248513	647	-nan
43	2248513	648	-nan
43	2248513	649	-nan
43	2248513	650	-nan
43	2248513	651	-nan
43	2248513	652	-nan
43	2248513	653	-nan
43	2248513	654	-nan
43	2248513	655	-nan
43	2248513	656	-nan
43	2248513	657	-nan
43	2248513	658	-nan
43	2248513	659	-nan
43	2248513	660	-nan
43	2248513	661	-nan
43	2248513	662	-nan
43	2248513	663	-nan
43	2248513	664	-nan
43	2248513	665	-nan
43	2248513	666	-nan
43	2248513	667	-nan
43	2248513	668	-nan
43	2248513	669	-nan
43	2248513	670	-nan
43	2248513	671	-nan
43	2248513	672	-nan
43	2248513	673	-nan
43	2248513	674	-nan
43	2248513	675	-nan
43	2248513	676	-nan
43	2248513	677	-nan
43	2248513	678	-nan
43	2248513	679	-nan
43	2248513	680	-nan
43	2248513	681	-nan
43	2248513	682	-nan
43	2248513	683	-nan
43	2248513	684	-nan
43	2248513	685	-nan
43	2248513	686	-nan
43	2248513	687	-nan
43	2248513	688	-nan
43	2248513	689	-nan
43	2248513	690	-nan
43	2248513	691	-nan
43	2248513	692	-nan
43	2248513	693	-nan
43	2248513	694	-nan
43	2248513	695	-nan
43	2248513	696	-nan
43	2248513	697	-nan
43	2248513	698	-nan
43	2248513	699	-nan
43	2248513	700	-nan
43	2248513	701	-nan
43	2248513	702	-nan
43	2248513	703	-nan
43	2248513	704	-nan
43	2248513	705	-nan
43	2248513	706	-nan
43	2248513	707	-nan
43	2248513	708	-nan
43	2248513	709	-nan
43	2248513	710	-nan
43	2248513	711	-nan
43	2248513	712	-nan
43	2248513	713	-nan
43	2248513	714	-nan
43	2248513	715	-nan
43	2248513	716	-nan
43	2248513	717	-nan
43	2248513	718	-nan
43	2248513	719	-nan
43	2248513	720	-nan
43	2248513	721	-nan
43	2248513	722	-nan
43	2248513	723	-nan
43	2248513	724	-nan
43	2248513	725	-nan
43	2248513	726	-nan
43	2248513	727	-nan
43	2248513	728	-nan
43	2248513	729	-nan
43	2248513	730	-nan
43	2248513	731	-nan
43	2248513	732	-nan
43	2248513	733	-nan
43	2248513	734	-nan
43	2248513	735	-nan
43	2248513	736	-nan
43	2248513	737	-nan
43	2248513	738	-nan
43	2248513	739	-nan
43	2248513	740	-nan
43	2248513	741	-nan
43	2248513	742	-nan
43	2248513	743	-nan
43	2248513	744	-nan
43	2248513	745	-nan
43	2248513	746	-nan
43	2248513	747	-nan
43	2248513	748	-nan
43	2248513	749	-nan
43	2248513	750	-nan
vector 44  simple_scenario_cache_in_the_core_network.node[2].content_store  hit_node[2]  ETV
44	2248513	1	-nan
44	2248513	2	-nan
44	2248513	3	-nan
44	2248513	4	-nan
44	2248513	5	-nan
44	2248513	6	-nan
44	2248513	7	-nan
44	2248513	8	-nan
44	2248513	9	-nan
44	2248513	10	-nan
44	2248513	11	-nan
44	2248513	12	-nan
44	2248513	13	-nan
44	2248513	14	-nan
44	2248513	15	-nan
44	2248513	16	-nan
44	2248513	17	-nan
44	2248513	18	-nan
44	2248513	19	-nan
44	2248513	20	-nan
44	2248513	21	-nan
44	2248513	22	-nan
44	2248513	23	-nan
44	2248513	24	-nan
44	2248513	25	-nan
44	2248513	26	-nan
44	2248513	27	-nan
44	2248513	28	-nan
44	2248513	29	-nan
44	2248513	30	-nan
44	2248513	31	-nan
44	2248513	32	-nan
44	2248513	33	-nan
44	2248513	34	-nan
44	2248513	35	-nan
44	2248513	36	-nan
44	2248513	37	-nan
44	2248513	38	-nan
44	2248513	39	-nan
44	2248513	40	-nan
44	2248513	41	-nan
44	2248513	42	-nan
44	2248513	43	-nan
44	2248513	44	-nan
44	2248513	45	-nan
44	2248513	46	-nan
44	2248513	47	-nan
44	2248513	48	-nan
44	2248513	49	-nan
44	2248513	50	-nan
44	2248513	51	-nan
44	2248513	52	-nan
44	2248513	53	-nan
44	2248513	54	-nan
44	2248513	55	-nan
44	2248513	56	-nan
44	2248513	57	-nan
44	2248513	58	-nan
44	2248513	59	-nan
44	2248513	60	-nan
44	2248513	61	-nan
44	2248513	62	-nan
44	2248513	63	-nan
44	2248513	64	-nan
44	2248513	65	-nan
44	2248513	66	-nan
44	2248513	67	-nan
44	2248513	68	-nan
44	2248513	69	-nan
44	2248513	70	-nan
44	2248513	71	-nan
44	2248513	72	-nan
44	2248513	73	-nan
44	2248513	74	-nan
44	2248513	75	-nan
44	2248513	76	-nan
44	2248513	77	-nan
44	2248513	78	-nan
44	2248513	79	-nan
44	2248513	80	-nan
44	2248513	81	-nan
44	2248513	82	-nan
44	2248513	83	-nan
44	2248513	84	-nan
44	2248513	85	-nan
44	2248513	86	-nan
44	2248513	87	-nan
44	2248513	88	-nan
44	2248513	89	-nan
44	2248513	90	-nan
44	2248513	91	-nan
44	2248513	92	-nan
44	2248513	93	-nan
44	2248513	94	-nan
44	2248513	95	-nan
44	2248513	96	-nan
44	2248513	97	-nan
44	2248513	98	-nan
44	2248513	99	-nan
44	2248513	100	-nan
44	2248513	101	-nan
44	2248513	102	-nan
44	2248513	103	-nan
44	2248513	104	-nan
44	2248513	105	-nan
44	2248513	106	-nan
44	2248513	107	-nan
44	2248513	108	-nan
44	2248513	109	-nan
44	2248513	110	-nan
44	2248513	111	-nan
44	2248513	112	-nan
44	2248513	113	-nan
44	2248513	114	-nan
44	2248513	115	-nan
44	2248513	116	-nan
44	2248513	117	-nan
44	2248513	118	-nan
44	2248513	119	-nan
44	2248513	120	-nan
44	2248513	121	-nan
44	2248513	122	-nan
44	2248513	123	-nan
44	2248513	124	-nan
44	2248513	125	-nan
44	2248513	126	-nan
44	2248513	127	-nan
44	2248513	128	-nan
44	2248513	129	-nan
44	2248513	130	-nan
44	2248513	131	-nan
44	2248513	132	-nan
44	2248513	133	-nan
44	2248513	134	-nan
44	2248513	135	-nan
44	2248513	136	-nan
44	2248513	137	-nan
44	2248513	138	-nan
44	2248513	139	-nan
44	2248513	140	-nan
44	2248513	141	-nan
44	2248513	142	-nan
44	2248513	143	-nan
44	2248513	144	-nan
44	2248513	145	-nan
44	2248513	146	-nan
44	2248513	147	-nan
44	2248513	148	-nan
44	2248513	149	-nan
44	2248513	150	-nan
44	2248513	151	-nan
44	2248513	152	-nan
44	2248513	153	-nan
44	2248513	154	-nan
44	2248513	155	-nan
44	2248513	156	-nan
44	2248513	157	-nan
44	2248513	158	-nan
44	2248513	159	-nan
44	2248513	160	-nan
44	2248513	161	-nan
44	2248513	162	-nan
44	2248513	163	-nan
44	2248513	164	-nan
44	2248513	165	-nan
44	2248513	166	-nan
44	2248513	167	-nan
44	2248513	168	-nan
44	2248513	169	-nan
44	2248513	170	-nan
44	2248513	171	-nan
44	2248513	172	-nan
44	2248513	173	-nan
44	2248513	174	-nan
44	2248513	175	-nan
44	2248513	176	-nan
44	2248513	177	-nan
44	2248513	178	-nan
44	2248513	179	-nan
44	2248513	180	-nan
44	2248513	181	-nan
44	2248513	182	-nan
44	2248513	183	-nan
44	2248513	184	-nan
44	2248513	185	-nan
44	2248513	186	-nan
44	2248513	187	-nan
44	2248513	188	-nan
44	2248513	189	-nan
44	2248513	190	-nan
44	2248513	191	-nan
44	2248513	192	-nan
44	2248513	193	-nan
44	2248513	194	-nan
44	2248513	195	-nan
44	2248513	196	-nan
44	2248513	197	-nan
44	2248513	198	-nan
44	2248513	199	-nan
44	2248513	200	-nan
44	2248513	201	-nan
44	2248513	202	-nan
44	2248513	203	-nan
44	2248513	204	-nan
44	2248513	205	-nan
44	2248513	206	-nan
44	2248513	207	-nan
44	2248513	208	-nan
44	2248513	209	-nan
44	2248513	210	-nan
44	2248513	211	-nan
44	2248513	212	-nan
44	2248513	213	-nan
44	2248513	214	-nan
44	2248513	215	-nan
44	2248513	216	-nan
44	2248513	217	-nan
44	2248513	218	-nan
44	2248513	219	-nan
44	2248513	220	-nan
44	2248513	221	-nan
44	2248513	222	-nan
44	2248513	223	-nan
44	2248513	224	-nan
44	2248513	225	-nan
44	2248513	226	-nan
44	2248513	227	-nan
44	2248513	228	-nan
44	2248513	229	-nan
44	2248513	230	-nan
44	2248513	231	-nan
44	2248513	232	-nan
44	2248513	233	-nan
44	2248513	234	-nan
44	2248513	235	-nan
44	2248513	236	-nan
44	2248513	237	-nan
44	2248513	238	-nan
44	2248513	239	-nan
44	2248513	240	-nan
44	2248513	241	-nan
44	2248513	242	-nan
44	2248513	243	-nan
44	2248513	244	-nan
44	2248513	245	-nan
44	2248513	246	-nan
44	2248513	247	-nan
44	2248513	248	-nan
44	2248513	249	-nan
44	2248513	250	-nan
44	2248513	251	-nan
44	2248513	252	-nan
44	2248513	253	-nan
44	2248513	254	-nan
44	2248513	255	-nan
44	2248513	256	-nan
44	2248513	257	-nan
44	2248513	258	-nan
44	2248513	259	-nan
44	2248513	260	-nan
44	2248513	261	-nan
44	2248513	262	-nan
44	2248513	263	-nan
44	2248513	264	-nan
44	2248513	265	-nan
44	2248513	266	-nan
44	2248513	267	-nan
44	2248513	268	-nan
44	2248513	269	-nan
44	2248513	270	-nan
44	2248513	271	-nan
44	2248513	272	-nan
44	2248513	273	-nan
44	2248513	274	-nan
44	2248513	275	-nan
44	2248513	276	-nan
44	2248513	277	-nan
44	2248513	278	-nan
44	2248513	279	-nan
44	2248513	280	-nan
44	2248513	281	-nan
44	2248513	282	-nan
44	2248513	283	-nan
44	2248513	284	-nan
44	2248513	285	-nan
44	2248513	286	-nan
44	2248513	287	-nan
44	2248513	288	-nan
44	2248513	289	-nan
44	2248513	290	-nan
44	2248513	291	-nan
44	2248513	292	-nan
44	2248513	293	-nan
44	2248513	294	-nan
44	2248513	295	-nan
44	2248513	296	-nan
44	2248513	297	-nan
44	2248513	298	-nan
44	2248513	299	-nan
44	2248513	300	-nan
44	2248513	301	-nan
44	2248513	302	-nan
44	2248513	303	-nan
44	2248513	304	-nan
44	2248513	305	-nan
44	2248513	306	-nan
44	2248513	307	-nan
44	2248513	308	-nan
44	2248513	309	-nan
44	2248513	310	-nan
44	2248513	311	-nan
44	2248513	312	-nan
44	2248513	313	-nan
44	2248513	314	-nan
44	2248513	315	-nan
44	2248513	316	-nan
44	2248513	317	-nan
44	2248513	318	-nan
44	2248513	319	-nan
44	2248513	320	-nan
44	2248513	321	-nan
44	2248513	322	-nan
44	2248513	323	-nan
44	2248513	324	-nan
44	2248513	325	-nan
44	2248513	326	-nan
44	2248513	327	-nan
44	2248513	328	-nan
44	2248513	329	-nan
44	2248513	330	-nan
44	2248513	331	-nan
44	2248513	332	-nan
44	2248513	333	-nan
44	2248513	334	-nan
44	2248513	335	-nan
44	2248513	336	-nan
44	2248513	337	-nan
44	2248513	338	-nan
44	2248513	339	-nan
44	2248513	340	-nan
44	2248513	341	-nan
44	2248513	342	-nan
44	2248513	343	-nan
44	2248513	344	-nan
44	2248513	345	-nan
44	2248513	346	-nan
44	2248513	347	-nan
44	2248513	348	-nan
44	2248513	349	-nan
44	2248513	350	-nan
44	2248513	351	-nan
44	2248513	352	-nan
44	2248513	353	-nan
44	2248513	354	-nan
44	2248513	355	-nan
44	2248513	356	-nan
44	2248513	357	-nan
44	2248513	358	-nan
44	2248513	359	-nan
44	2248513	360	-nan
44	2248513	361	-nan
44	2248513	362	-nan
44	2248513	363	-nan
44	2248513	364	-nan
44	2248513	365	-nan
44	2248513	366	-nan
44	2248513	367	-nan
44	2248513	368	-nan
44	2248513	369	-nan
44	2248513	370	-nan
44	2248513	371	-nan
44	2248513	372	-nan
44	2248513	373	-nan
44	2248513	374	-nan
44	2248513	375	-nan
44	2248513	376	-nan
44	2248513	377	-nan
44	2248513	378	-nan
44	2248513	379	-nan
44	2248513	380	-nan
44	2248513	381	-nan
44	2248513	382	-nan
44	2248513	383	-nan
44	2248513	384	-nan
44	2248513	385	-nan
44	2248513	386	-nan
44	2248513	387	-nan
44	2248513	388	-nan
44	2248513	389	-nan
44	2248513	390	-nan
44	2248513	391	-nan
44	2248513	392	-nan
44	2248513	393	-nan
44	2248513	394	-nan
44	2248513	395	-nan
44	2248513	396	-nan
44	2248513	397	-nan
44	2248513	398	-nan
44	2248513	399	-nan
44	2248513	400	-nan
44	2248513	401	-nan
44	2248513	402	-nan
44	2248513	403	-nan
44	2248513	404	-nan
44	2248513	405	-nan
44	2248513	406	-nan
44	2248513	407	-nan
44	2248513	408	-nan
44	2248513	409	-nan
44	2248513	410	-nan
44	2248513	411	-nan
44	2248513	412	-nan
44	2248513	413	-nan
44	2248513	414	-nan
44	2248513	415	-nan
44	2248513	416	-nan
44	2248513	417	-nan
44	2248513	418	-nan
44	2248513	419	-nan
44	2248513	420	-nan
44	2248513	421	-nan
44	2248513	422	-nan
44	2248513	423	-nan
44	2248513	424	-nan
44	2248513	425	-nan
44	2248513	426	-nan
44	2248513	427	-nan
44	2248513	428	-nan
44	2248513	429	-nan
44	2248513	430	-nan
44	2248513	431	-nan
44	2248513	432	-nan
44	2248513	433	-nan
44	2248513	434	-nan
44	2248513	435	-nan
44	2248513	436	-nan
44	2248513	437	-nan
44	2248513	438	-nan
44	2248513	439	-nan
44	2248513	440	-nan
44	2248513	441	-nan
44	2248513	442	-nan
44	2248513	443	-nan
44	2248513	444	-nan
44	2248513	445	-nan
44	2248513	446	-nan
44	2248513	447	-nan
44	2248513	448	-nan
44	2248513	449	-nan
44	2248513	450	-nan
44	2248513	451	-nan
44	2248513	452	-nan
44	2248513	453	-nan
44	2248513	454	-nan
44	2248513	455	-nan
44	2248513	456	-nan
44	2248513	457	-nan
44	2248513	458	-nan
44	2248513	459	-nan
44	2248513	460	-nan
44	2248513	461	-nan
44	2248513	462	-nan
44	2248513	463	-nan
44	2248513	464	-nan
44	2248513	465	-nan
44	2248513	466	-nan
44	2248513	467	-nan
44	2248513	468	-nan
44	2248513	469	-nan
44	2248513	470	-nan
44	2248513	471	-nan
44	2248513	472	-nan
44	2248513	473	-nan
44	2248513	474	-nan
44	2248513	475	-nan
44	2248513	476	-nan
44	2248513	477	-nan
44	2248513	478	-nan
44	2248513	479	-nan
44	2248513	480	-nan
44	2248513	481	-nan
44	2248513	482	-nan
44	2248513	483	-nan
44	2248513	484	-nan
44	2248513	485	-nan
44	2248513	486	-nan
44	2248513	487	-nan
44	2248513	488	-nan
44	2248513	489	-nan
44	2248513	490	-nan
44	2248513	491	-nan
44	2248513	492	-nan
44	2248513	493	-nan
44	2248513	494	-nan
44	2248513	495	-nan
44	2248513	496	-nan
44	2248513	497	-nan
44	2248513	498	-nan
44	2248513	499	-nan
44	2248513	500	-nan
44	2248513	501	-nan
44	2248513	502	-nan
44	2248513	503	-nan
44	2248513	504	-nan
44	2248513	505	-nan
44	2248513	506	-nan
44	2248513	507	-nan
44	2248513	508	-nan
44	2248513	509	-nan
44	2248513	510	-nan
44	2248513	511	-nan
44	2248513	512	-nan
44	2248513	513	-nan
44	2248513	514	-nan
44	2248513	515	-nan
44	2248513	516	-nan
44	2248513	517	-nan
44	2248513	518	-nan
44	2248513	519	-nan
44	2248513	520	-nan
44	2248513	521	-nan
44	2248513	522	-nan
44	2248513	523	-nan
44	2248513	524	-nan
44	2248513	525	-nan
44	2248513	526	-nan
44	2248513	527	-nan
44	2248513	528	-nan
44	2248513	529	-nan
44	2248513	530	-nan
44	2248513	531	-nan
44	2248513	532	-nan
44	2248513	533	-nan
44	2248513	534	-nan
44	2248513	535	-nan
44	2248513	536	-nan
44	2248513	537	-nan
44	2248513	538	-nan
44	2248513	539	-nan
44	2248513	540	-nan
44	2248513	541	-nan
44	2248513	542	-nan
44	2248513	543	-nan
44	2248513	544	-nan
44	2248513	545	-nan
44	2248513	546	-nan
44	2248513	547	-nan
44	2248513	548	-nan
44	2248513	549	-nan
44	2248513	550	-nan
44	2248513	551	-nan
44	2248513	552	-nan
44	2248513	553	-nan
44	2248513	554	-nan
44	2248513	555	-nan
44	2248513	556	-nan
44	2248513	557	-nan
44	2248513	558	-nan
44	2248513	559	-nan
44	2248513	560	-nan
44	2248513	561	-nan
44	2248513	562	-nan
44	2248513	563	-nan
44	2248513	564	-nan
44	2248513	565	-nan
44	2248513	566	-nan
44	2248513	567	-nan
44	2248513	568	-nan
44	2248513	569	-nan
44	2248513	570	-nan
44	2248513	571	-nan
44	2248513	572	-nan
44	2248513	573	-nan
44	2248513	574	-nan
44	2248513	575	-nan
44	2248513	576	-nan
44	2248513	577	-nan
44	2248513	578	-nan
44	2248513	579	-nan
44	2248513	580	-nan
44	2248513	581	-nan
44	2248513	582	-nan
44	2248513	583	-nan
44	2248513	584	-nan
44	2248513	585	-nan
44	2248513	586	-nan
44	2248513	587	-nan
44	2248513	588	-nan
44	2248513	589	-nan
44	2248513	590	-nan
44	2248513	591	-nan
44	2248513	592	-nan
44	2248513	593	-nan
44	2248513	594	-nan
44	2248513	595	-nan
44	2248513	596	-nan
44	2248513	597	-nan
44	2248513	598	-nan
44	2248513	599	-nan
44	2248513	600	-nan
44	2248513	601	-nan
44	2248513	602	-nan
44	2248513	603	-nan
44	2248513	604	-nan
44	2248513	605	-nan
44	2248513	606	-nan
44	2248513	607	-nan
44	2248513	608	-nan
44	2248513	609	-nan
44	2248513	610	-nan
44	2248513	611	-nan
44	2248513	612	-nan
44	2248513	613	-nan
44	2248513	614	-nan
44	2248513	615	-nan
44	2248513	616	-nan
44	2248513	617	-nan
44	2248513	618	-nan
44	2248513	619	-nan
44	2248513	620	-nan
44	2248513	621	-nan
44	2248513	622	-nan
44	2248513	623	-nan
44	2248513	624	-nan
44	2248513	625	-nan
44	2248513	626	-nan
44	2248513	627	-nan
44	2248513	628	-nan
44	2248513	629	-nan
44	2248513	630	-nan
44	2248513	631	-nan
44	2248513	632	-nan
44	2248513	633	-nan
44	2248513	634	-nan
44	2248513	635	-nan
44	2248513	636	-nan
44	2248513	637	-nan
44	2248513	638	-nan
44	2248513	639	-nan
44	2248513	640	-nan
44	2248513	641	-nan
44	2248513	642	-nan
44	2248513	643	-nan
44	2248513	644	-nan
44	2248513	645	-nan
44	2248513	646	-nan
44	2248513	647	-nan
44	2248513	648	-nan
44	2248513	649	-nan
44	2248513	650	-nan
44	2248513	651	-nan
44	2248513	652	-nan
44	2248513	653	-nan
44	2248513	654	-nan
44	2248513	655	-nan
44	2248513	656	-nan
44	2248513	657	-nan
44	2248513	658	-nan
44	2248513	659	-nan
44	2248513	660	-nan
44	2248513	661	-nan
44	2248513	662	-nan
44	2248513	663	-nan
44	2248513	664	-nan
44	2248513	665	-nan
44	2248513	666	-nan
44	2248513	667	-nan
44	2248513	668	-nan
44	2248513	669	-nan
44	2248513	670	-nan
44	2248513	671	-nan
44	2248513	672	-nan
44	2248513	673	-nan
44	2248513	674	-nan
44	2248513	675	-nan
44	2248513	676	-nan
44	2248513	677	-nan
44	2248513	678	-nan
44	2248513	679	-nan
44	2248513	680	-nan
44	2248513	681	-nan
44	2248513	682	-nan
44	2248513	683	-nan
44	2248513	684	-nan
44	2248513	685	-nan
44	2248513	686	-nan
44	2248513	687	-nan
44	2248513	688	-nan
44	2248513	689	-nan
44	2248513	690	-nan
44	2248513	691	-nan
44	2248513	692	-nan
44	2248513	693	-nan
44	2248513	694	-nan
44	2248513	695	-nan
44	2248513	696	-nan
44	2248513	697	-nan
44	2248513	698	-nan
44	2248513	699	-nan
44	2248513	700	-nan
44	2248513	701	-nan
44	2248513	702	-nan
44	2248513	703	-nan
44	2248513	704	-nan
44	2248513	705	-nan
44	2248513	706	-nan
44	2248513	707	-nan
44	2248513	708	-nan
44	2248513	709	-nan
44	2248513	710	-nan
44	2248513	711	-nan
44	2248513	712	-nan
44	2248513	713	-nan
44	2248513	714	-nan
44	2248513	715	-nan
44	2248513	716	-nan
44	2248513	717	-nan
44	2248513	718	-nan
44	2248513	719	-nan
44	2248513	720	-nan
44	2248513	721	-nan
44	2248513	722	-nan
44	2248513	723	-nan
44	2248513	724	-nan
44	2248513	725	-nan
44	2248513	726	-nan
44	2248513	727	-nan
44	2248513	728	-nan
44	2248513	729	-nan
44	2248513	730	-nan
44	2248513	731	-nan
44	2248513	732	-nan
44	2248513	733	-nan
44	2248513	734	-nan
44	2248513	735	-nan
44	2248513	736	-nan
44	2248513	737	-nan
44	2248513	738	-nan
44	2248513	739	-nan
44	2248513	740	-nan
44	2248513	741	-nan
44	2248513	742	-nan
44	2248513	743	-nan
44	2248513	744	-nan
44	2248513	745	-nan
44	2248513	746	-nan
44	2248513	747	-nan
44	2248513	748	-nan
44	2248513	749	-nan
44	2248513	750	-nan
vector 45  simple_scenario_cache_in_the_core_network.node[3].content_store  hit_node[3]  ETV
45	2248513	1	-nan
45	2248513	2	-nan
45	2248513	3	-nan
45	2248513	4	-nan
45	2248513	5	-nan
45	2248513	6	-nan
45	2248513	7	-nan
45	2248513	8	-nan
45	2248513	9	-nan
45	2248513	10	-nan
45	2248513	11	-nan
45	2248513	12	-nan
45	2248513	13	-nan
45	2248513	14	-nan
45	2248513	15	-nan
45	2248513	16	-nan
45	2248513	17	-nan
45	2248513	18	-nan
45	2248513	19	-nan
45	2248513	20	-nan
45	2248513	21	-nan
45	2248513	22	-nan
45	2248513	23	-nan
45	2248513	24	-nan
45	2248513	25	-nan
45	2248513	26	-nan
45	2248513	27	-nan
45	2248513	28	-nan
45	2248513	29	-nan
45	2248513	30	-nan
45	2248513	31	-nan
45	2248513	32	-nan
45	2248513	33	-nan
45	2248513	34	-nan
45	2248513	35	-nan
45	2248513	36	-nan
45	2248513	37	-nan
45	2248513	38	-nan
45	2248513	39	-nan
45	2248513	40	-nan
45	2248513	41	-nan
45	2248513	42	-nan
45	2248513	43	-nan
45	2248513	44	-nan
45	2248513	45	-nan
45	2248513	46	-nan
45	2248513	47	-nan
45	2248513	48	-nan
45	2248513	49	-nan
45	2248513	50	-nan
45	2248513	51	-nan
45	2248513	52	-nan
45	2248513	53	-nan
45	2248513	54	-nan
45	2248513	55	-nan
45	2248513	56	-nan
45	2248513	57	-nan
45	2248513	58	-nan
45	2248513	59	-nan
45	2248513	60	-nan
45	2248513	61	-nan
45	2248513	62	-nan
45	2248513	63	-nan
45	2248513	64	-nan
45	2248513	65	-nan
45	2248513	66	-nan
45	2248513	67	-nan
45	2248513	68	-nan
45	2248513	69	-nan
45	2248513	70	-nan
45	2248513	71	-nan
45	2248513	72	-nan
45	2248513	73	-nan
45	2248513	74	-nan
45	2248513	75	-nan
45	2248513	76	-nan
45	2248513	77	-nan
45	2248513	78	-nan
45	2248513	79	-nan
45	2248513	80	-nan
45	2248513	81	-nan
45	2248513	82	-nan
45	2248513	83	-nan
45	2248513	84	-nan
45	2248513	85	-nan
45	2248513	86	-nan
45	2248513	87	-nan
45	2248513	88	-nan
45	2248513	89	-nan
45	2248513	90	-nan
45	2248513	91	-nan
45	2248513	92	-nan
45	2248513	93	-nan
45	2248513	94	-nan
45	2248513	95	-nan
45	2248513	96	-nan
45	2248513	97	-nan
45	2248513	98	-nan
45	2248513	99	-nan
45	2248513	100	-nan
45	2248513	101	-nan
45	2248513	102	-nan
45	2248513	103	-nan
45	2248513	104	-nan
45	2248513	105	-nan
45	2248513	106	-nan
45	2248513	107	-nan
45	2248513	108	-nan
45	2248513	109	-nan
45	2248513	110	-nan
45	2248513	111	-nan
45	2248513	112	-nan
45	2248513	113	-nan
45	2248513	114	-nan
45	2248513	115	-nan
45	2248513	116	-nan
45	2248513	117	-nan
45	2248513	118	-nan
45	2248513	119	-nan
45	2248513	120	-nan
45	2248513	121	-nan
45	2248513	122	-nan
45	2248513	123	-nan
45	2248513	124	-nan
45	2248513	125	-nan
45	2248513	126	-nan
45	2248513	127	-nan
45	2248513	128	-nan
45	2248513	129	-nan
45	2248513	130	-nan
45	2248513	131	-nan
45	2248513	132	-nan
45	2248513	133	-nan
45	2248513	134	-nan
45	2248513	135	-nan
45	2248513	136	-nan
45	2248513	137	-nan
45	2248513	138	-nan
45	2248513	139	-nan
45	2248513	140	-nan
45	2248513	141	-nan
45	2248513	142	-nan
45	2248513	143	-nan
45	2248513	144	-nan
45	2248513	145	-nan
45	2248513	146	-nan
45	2248513	147	-nan
45	2248513	148	-nan
45	2248513	149	-nan
45	2248513	150	-nan
45	2248513	151	-nan
45	2248513	152	-nan
45	2248513	153	-nan
45	2248513	154	-nan
45	2248513	155	-nan
45	2248513	156	-nan
45	2248513	157	-nan
45	2248513	158	-nan
45	2248513	159	-nan
45	2248513	160	-nan
45	2248513	161	-nan
45	2248513	162	-nan
45	2248513	163	-nan
45	2248513	164	-nan
45	2248513	165	-nan
45	2248513	166	-nan
45	2248513	167	-nan
45	2248513	168	-nan
45	2248513	169	-nan
45	2248513	170	-nan
45	2248513	171	-nan
45	2248513	172	-nan
45	2248513	173	-nan
45	2248513	174	-nan
45	2248513	175	-nan
45	2248513	176	-nan
45	2248513	177	-nan
45	2248513	178	-nan
45	2248513	179	-nan
45	2248513	180	-nan
45	2248513	181	-nan
45	2248513	182	-nan
45	2248513	183	-nan
45	2248513	184	-nan
45	2248513	185	-nan
45	2248513	186	-nan
45	2248513	187	-nan
45	2248513	188	-nan
45	2248513	189	-nan
45	2248513	190	-nan
45	2248513	191	-nan
45	2248513	192	-nan
45	2248513	193	-nan
45	2248513	194	-nan
45	2248513	195	-nan
45	2248513	196	-nan
45	2248513	197	-nan
45	2248513	198	-nan
45	2248513	199	-nan
45	2248513	200	-nan
45	2248513	201	-nan
45	2248513	202	-nan
45	2248513	203	-nan
45	2248513	204	-nan
45	2248513	205	-nan
45	2248513	206	-nan
45	2248513	207	-nan
45	2248513	208	-nan
45	2248513	209	-nan
45	2248513	210	-nan
45	2248513	211	-nan
45	2248513	212	-nan
45	2248513	213	-nan
45	2248513	214	-nan
45	2248513	215	-nan
45	2248513	216	-nan
45	2248513	217	-nan
45	2248513	218	-nan
45	2248513	219	-nan
45	2248513	220	-nan
45	2248513	221	-nan
45	2248513	222	-nan
45	2248513	223	-nan
45	2248513	224	-nan
45	2248513	225	-nan
45	2248513	226	-nan
45	2248513	227	-nan
45	2248513	228	-nan
45	2248513	229	-nan
45	2248513	230	-nan
45	2248513	231	-nan
45	2248513	232	-nan
45	2248513	233	-nan
45	2248513	234	-nan
45	2248513	235	-nan
45	2248513	236	-nan
45	2248513	237	-nan
45	2248513	238	-nan
45	2248513	239	-nan
45	2248513	240	-nan
45	2248513	241	-nan
45	2248513	242	-nan
45	2248513	243	-nan
45	2248513	244	-nan
45	2248513	245	-nan
45	2248513	246	-nan
45	2248513	247	-nan
45	2248513	248	-nan
45	2248513	249	-nan
45	2248513	250	-nan
45	2248513	251	-nan
45	2248513	252	-nan
45	2248513	253	-nan
45	2248513	254	-nan
45	2248513	255	-nan
45	2248513	256	-nan
45	2248513	257	-nan
45	2248513	258	-nan
45	2248513	259	-nan
45	2248513	260	-nan
45	2248513	261	-nan
45	2248513	262	-nan
45	2248513	263	-nan
45	2248513	264	-nan
45	2248513	265	-nan
45	2248513	266	-nan
45	2248513	267	-nan
45	2248513	268	-nan
45	2248513	269	-nan
45	2248513	270	-nan
45	2248513	271	-nan
45	2248513	272	-nan
45	2248513	273	-nan
45	2248513	274	-nan
45	2248513	275	-nan
45	2248513	276	-nan
45	2248513	277	-nan
45	2248513	278	-nan
45	2248513	279	-nan
45	2248513	280	-nan
45	2248513	281	-nan
45	2248513	282	-nan
45	2248513	283	-nan
45	2248513	284	-nan
45	2248513	285	-nan
45	2248513	286	-nan
45	2248513	287	-nan
45	2248513	288	-nan
45	2248513	289	-nan
45	2248513	290	-nan
45	2248513	291	-nan
45	2248513	292	-nan
45	2248513	293	-nan
45	2248513	294	-nan
45	2248513	295	-nan
45	2248513	296	-nan
45	2248513	297	-nan
45	2248513	298	-nan
45	2248513	299	-nan
45	2248513	300	-nan
45	2248513	301	-nan
45	2248513	302	-nan
45	2248513	303	-nan
45	2248513	304	-nan
45	2248513	305	-nan
45	2248513	306	-nan
45	2248513	307	-nan
45	2248513	308	-nan
45	2248513	309	-nan
45	2248513	310	-nan
45	2248513	311	-nan
45	2248513	312	-nan
45	2248513	313	-nan
45	2248513	314	-nan
45	2248513	315	-nan
45	2248513	316	-nan
45	2248513	317	-nan
45	2248513	318	-nan
45	2248513	319	-nan
45	2248513	320	-nan
45	2248513	321	-nan
45	2248513	322	-nan
45	2248513	323	-nan
45	2248513	324	-nan
45	2248513	325	-nan
45	2248513	326	-nan
45	2248513	327	-nan
45	2248513	328	-nan
45	2248513	329	-nan
45	2248513	330	-nan
45	2248513	331	-nan
45	2248513	332	-nan
45	2248513	333	-nan
45	2248513	334	-nan
45	2248513	335	-nan
45	2248513	336	-nan
45	2248513	337	-nan
45	2248513	338	-nan
45	2248513	339	-nan
45	2248513	340	-nan
45	2248513	341	-nan
45	2248513	342	-nan
45	2248513	343	-nan
45	2248513	344	-nan
45	2248513	345	-nan
45	2248513	346	-nan
45	2248513	347	-nan
45	2248513	348	-nan
45	2248513	349	-nan
45	2248513	350	-nan
45	2248513	351	-nan
45	2248513	352	-nan
45	2248513	353	-nan
45	2248513	354	-nan
45	2248513	355	-nan
45	2248513	356	-nan
45	2248513	357	-nan
45	2248513	358	-nan
45	2248513	359	-nan
45	2248513	360	-nan
45	2248513	361	-nan
45	2248513	362	-nan
45	2248513	363	-nan
45	2248513	364	-nan
45	2248513	365	-nan
45	2248513	366	-nan
45	2248513	367	-nan
45	2248513	368	-nan
45	2248513	369	-nan
45	2248513	370	-nan
45	2248513	371	-nan
45	2248513	372	-nan
45	2248513	373	-nan
45	2248513	374	-nan
45	2248513	375	-nan
45	2248513	376	-nan
45	2248513	377	-nan
45	2248513	378	-nan
45	2248513	379	-nan
45	2248513	380	-nan
45	2248513	381	-nan
45	2248513	382	-nan
45	2248513	383	-nan
45	2248513	384	-nan
45	2248513	385	-nan
45	2248513	386	-nan
45	2248513	387	-nan
45	2248513	388	-nan
45	2248513	389	-nan
45	2248513	390	-nan
45	2248513	391	-nan
45	2248513	392	-nan
45	2248513	393	-nan
45	2248513	394	-nan
45	2248513	395	-nan
45	2248513	396	-nan
45	2248513	397	-nan
45	2248513	398	-nan
45	2248513	399	-nan
45	2248513	400	-nan
45	2248513	401	-nan
45	2248513	402	-nan
45	2248513	403	-nan
45	2248513	404	-nan
45	2248513	405	-nan
45	2248513	406	-nan
45	2248513	407	-nan
45	2248513	408	-nan
45	2248513	409	-nan
45	2248513	410	-nan
45	2248513	411	-nan
45	2248513	412	-nan
45	2248513	413	-nan
45	2248513	414	-nan
45	2248513	415	-nan
45	2248513	416	-nan
45	2248513	417	-nan
45	2248513	418	-nan
45	2248513	419	-nan
45	2248513	420	-nan
45	2248513	421	-nan
45	2248513	422	-nan
45	2248513	423	-nan
45	2248513	424	-nan
45	2248513	425	-nan
45	2248513	426	-nan
45	2248513	427	-nan
45	2248513	428	-nan
45	2248513	429	-nan
45	2248513	430	-nan
45	2248513	431	-nan
45	2248513	432	-nan
45	2248513	433	-nan
45	2248513	434	-nan
45	2248513	435	-nan
45	2248513	436	-nan
45	2248513	437	-nan
45	2248513	438	-nan
45	2248513	439	-nan
45	2248513	440	-nan
45	2248513	441	-nan
45	2248513	442	-nan
45	2248513	443	-nan
45	2248513	444	-nan
45	2248513	445	-nan
45	2248513	446	-nan
45	2248513	447	-nan
45	2248513	448	-nan
45	2248513	449	-nan
45	2248513	450	-nan
45	2248513	451	-nan
45	2248513	452	-nan
45	2248513	453	-nan
45	2248513	454	-nan
45	2248513	455	-nan
45	2248513	456	-nan
45	2248513	457	-nan
45	2248513	458	-nan
45	2248513	459	-nan
45	2248513	460	-nan
45	2248513	461	-nan
45	2248513	462	-nan
45	2248513	463	-nan
45	2248513	464	-nan
45	2248513	465	-nan
45	2248513	466	-nan
45	2248513	467	-nan
45	2248513	468	-nan
45	2248513	469	-nan
45	2248513	470	-nan
45	2248513	471	-nan
45	2248513	472	-nan
45	2248513	473	-nan
45	2248513	474	-nan
45	2248513	475	-nan
45	2248513	476	-nan
45	2248513	477	-nan
45	2248513	478	-nan
45	2248513	479	-nan
45	2248513	480	-nan
45	2248513	481	-nan
45	2248513	482	-nan
45	2248513	483	-nan
45	2248513	484	-nan
45	2248513	485	-nan
45	2248513	486	-nan
45	2248513	487	-nan
45	2248513	488	-nan
45	2248513	489	-nan
45	2248513	490	-nan
45	2248513	491	-nan
45	2248513	492	-nan
45	2248513	493	-nan
45	2248513	494	-nan
45	2248513	495	-nan
45	2248513	496	-nan
45	2248513	497	-nan
45	2248513	498	-nan
45	2248513	499	-nan
45	2248513	500	-nan
45	2248513	501	-nan
45	2248513	502	-nan
45	2248513	503	-nan
45	2248513	504	-nan
45	2248513	505	-nan
45	2248513	506	-nan
45	2248513	507	-nan
45	2248513	508	-nan
45	2248513	509	-nan
45	2248513	510	-nan
45	2248513	511	-nan
45	2248513	512	-nan
45	2248513	513	-nan
45	2248513	514	-nan
45	2248513	515	-nan
45	2248513	516	-nan
45	2248513	517	-nan
45	2248513	518	-nan
45	2248513	519	-nan
45	2248513	520	-nan
45	2248513	521	-nan
45	2248513	522	-nan
45	2248513	523	-nan
45	2248513	524	-nan
45	2248513	525	-nan
45	2248513	526	-nan
45	2248513	527	-nan
45	2248513	528	-nan
45	2248513	529	-nan
45	2248513	530	-nan
45	2248513	531	-nan
45	2248513	532	-nan
45	2248513	533	-nan
45	2248513	534	-nan
45	2248513	535	-nan
45	2248513	536	-nan
45	2248513	537	-nan
45	2248513	538	-nan
45	2248513	539	-nan
45	2248513	540	-nan
45	2248513	541	-nan
45	2248513	542	-nan
45	2248513	543	-nan
45	2248513	544	-nan
45	2248513	545	-nan
45	2248513	546	-nan
45	2248513	547	-nan
45	2248513	548	-nan
45	2248513	549	-nan
45	2248513	550	-nan
45	2248513	551	-nan
45	2248513	552	-nan
45	2248513	553	-nan
45	2248513	554	-nan
45	2248513	555	-nan
45	2248513	556	-nan
45	2248513	557	-nan
45	2248513	558	-nan
45	2248513	559	-nan
45	2248513	560	-nan
45	2248513	561	-nan
45	2248513	562	-nan
45	2248513	563	-nan
45	2248513	564	-nan
45	2248513	565	-nan
45	2248513	566	-nan
45	2248513	567	-nan
45	2248513	568	-nan
45	2248513	569	-nan
45	2248513	570	-nan
45	2248513	571	-nan
45	2248513	572	-nan
45	2248513	573	-nan
45	2248513	574	-nan
45	2248513	575	-nan
45	2248513	576	-nan
45	2248513	577	-nan
45	2248513	578	-nan
45	2248513	579	-nan
45	2248513	580	-nan
45	2248513	581	-nan
45	2248513	582	-nan
45	2248513	583	-nan
45	2248513	584	-nan
45	2248513	585	-nan
45	2248513	586	-nan
45	2248513	587	-nan
45	2248513	588	-nan
45	2248513	589	-nan
45	2248513	590	-nan
45	2248513	591	-nan
45	2248513	592	-nan
45	2248513	593	-nan
45	2248513	594	-nan
45	2248513	595	-nan
45	2248513	596	-nan
45	2248513	597	-nan
45	2248513	598	-nan
45	2248513	599	-nan
45	2248513	600	-nan
45	2248513	601	-nan
45	2248513	602	-nan
45	2248513	603	-nan
45	2248513	604	-nan
45	2248513	605	-nan
45	2248513	606	-nan
45	2248513	607	-nan
45	2248513	608	-nan
45	2248513	609	-nan
45	2248513	610	-nan
45	2248513	611	-nan
45	2248513	612	-nan
45	2248513	613	-nan
45	2248513	614	-nan
45	2248513	615	-nan
45	2248513	616	-nan
45	2248513	617	-nan
45	2248513	618	-nan
45	2248513	619	-nan
45	2248513	620	-nan
45	2248513	621	-nan
45	2248513	622	-nan
45	2248513	623	-nan
45	2248513	624	-nan
45	2248513	625	-nan
45	2248513	626	-nan
45	2248513	627	-nan
45	2248513	628	-nan
45	2248513	629	-nan
45	2248513	630	-nan
45	2248513	631	-nan
45	2248513	632	-nan
45	2248513	633	-nan
45	2248513	634	-nan
45	2248513	635	-nan
45	2248513	636	-nan
45	2248513	637	-nan
45	2248513	638	-nan
45	2248513	639	-nan
45	2248513	640	-nan
45	2248513	641	-nan
45	2248513	642	-nan
45	2248513	643	-nan
45	2248513	644	-nan
45	2248513	645	-nan
45	2248513	646	-nan
45	2248513	647	-nan
45	2248513	648	-nan
45	2248513	649	-nan
45	2248513	650	-nan
45	2248513	651	-nan
45	2248513	652	-nan
45	2248513	653	-nan
45	2248513	654	-nan
45	2248513	655	-nan
45	2248513	656	-nan
45	2248513	657	-nan
45	2248513	658	-nan
45	2248513	659	-nan
45	2248513	660	-nan
45	2248513	661	-nan
45	2248513	662	-nan
45	2248513	663	-nan
45	2248513	664	-nan
45	2248513	665	-nan
45	2248513	666	-nan
45	2248513	667	-nan
45	2248513	668	-nan
45	2248513	669	-nan
45	2248513	670	-nan
45	2248513	671	-nan
45	2248513	672	-nan
45	2248513	673	-nan
45	2248513	674	-nan
45	2248513	675	-nan
45	2248513	676	-nan
45	2248513	677	-nan
45	2248513	678	-nan
45	2248513	679	-nan
45	2248513	680	-nan
45	2248513	681	-nan
45	2248513	682	-nan
45	2248513	683	-nan
45	2248513	684	-nan
45	2248513	685	-nan
45	2248513	686	-nan
45	2248513	687	-nan
45	2248513	688	-nan
45	2248513	689	-nan
45	2248513	690	-nan
45	2248513	691	-nan
45	2248513	692	-nan
45	2248513	693	-nan
45	2248513	694	-nan
45	2248513	695	-nan
45	2248513	696	-nan
45	2248513	697	-nan
45	2248513	698	-nan
45	2248513	699	-nan
45	2248513	700	-nan
45	2248513	701	-nan
45	2248513	702	-nan
45	2248513	703	-nan
45	2248513	704	-nan
45	2248513	705	-nan
45	2248513	706	-nan
45	2248513	707	-nan
45	2248513	708	-nan
45	2248513	709	-nan
45	2248513	710	-nan
45	2248513	711	-nan
45	2248513	712	-nan
45	2248513	713	-nan
45	2248513	714	-nan
45	2248513	715	-nan
45	2248513	716	-nan
45	2248513	717	-nan
45	2248513	718	-nan
45	2248513	719	-nan
45	2248513	720	-nan
45	2248513	721	-nan
45	2248513	722	-nan
45	2248513	723	-nan
45	2248513	724	-nan
45	2248513	725	-nan
45	2248513	726	-nan
45	2248513	727	-nan
45	2248513	728	-nan
45	2248513	729	-nan
45	2248513	730	-nan
45	2248513	731	-nan
45	2248513	732	-nan
45	2248513	733	-nan
45	2248513	734	-nan
45	2248513	735	-nan
45	2248513	736	-nan
45	2248513	737	-nan
45	2248513	738	-nan
45	2248513	739	-nan
45	2248513	740	-nan
45	2248513	741	-nan
45	2248513	742	-nan
45	2248513	743	-nan
45	2248513	744	-nan
45	2248513	745	-nan
45	2248513	746	-nan
45	2248513	747	-nan
45	2248513	748	-nan
45	2248513	749	-nan
45	2248513	750	-nan
vector 46  simple_scenario_cache_in_the_core_network.node[4].content_store  hit_node[4]  ETV
46	2248513	1	-nan
46	2248513	2	-nan
46	2248513	3	-nan
46	2248513	4	-nan
46	2248513	5	-nan
46	2248513	6	-nan
46	2248513	7	-nan
46	2248513	8	-nan
46	2248513	9	-nan
46	2248513	10	-nan
46	2248513	11	-nan
46	2248513	12	-nan
46	2248513	13	-nan
46	2248513	14	-nan
46	2248513	15	-nan
46	2248513	16	-nan
46	2248513	17	-nan
46	2248513	18	-nan
46	2248513	19	-nan
46	2248513	20	-nan
46	2248513	21	-nan
46	2248513	22	-nan
46	2248513	23	-nan
46	2248513	24	-nan
46	2248513	25	-nan
46	2248513	26	-nan
46	2248513	27	-nan
46	2248513	28	-nan
46	2248513	29	-nan
46	2248513	30	-nan
46	2248513	31	-nan
46	2248513	32	-nan
46	2248513	33	-nan
46	2248513	34	-nan
46	2248513	35	-nan
46	2248513	36	-nan
46	2248513	37	-nan
46	2248513	38	-nan
46	2248513	39	-nan
46	2248513	40	-nan
46	2248513	41	-nan
46	2248513	42	-nan
46	2248513	43	-nan
46	2248513	44	-nan
46	2248513	45	-nan
46	2248513	46	-nan
46	2248513	47	-nan
46	2248513	48	-nan
46	2248513	49	-nan
46	2248513	50	-nan
46	2248513	51	-nan
46	2248513	52	-nan
46	2248513	53	-nan
46	2248513	54	-nan
46	2248513	55	-nan
46	2248513	56	-nan
46	2248513	57	-nan
46	2248513	58	-nan
46	2248513	59	-nan
46	2248513	60	-nan
46	2248513	61	-nan
46	2248513	62	-nan
46	2248513	63	-nan
46	2248513	64	-nan
46	2248513	65	-nan
46	2248513	66	-nan
46	2248513	67	-nan
46	2248513	68	-nan
46	2248513	69	-nan
46	2248513	70	-nan
46	2248513	71	-nan
46	2248513	72	-nan
46	2248513	73	-nan
46	2248513	74	-nan
46	2248513	75	-nan
46	2248513	76	-nan
46	2248513	77	-nan
46	2248513	78	-nan
46	2248513	79	-nan
46	2248513	80	-nan
46	2248513	81	-nan
46	2248513	82	-nan
46	2248513	83	-nan
46	2248513	84	-nan
46	2248513	85	-nan
46	2248513	86	-nan
46	2248513	87	-nan
46	2248513	88	-nan
46	2248513	89	-nan
46	2248513	90	-nan
46	2248513	91	-nan
46	2248513	92	-nan
46	2248513	93	-nan
46	2248513	94	-nan
46	2248513	95	-nan
46	2248513	96	-nan
46	2248513	97	-nan
46	2248513	98	-nan
46	2248513	99	-nan
46	2248513	100	-nan
46	2248513	101	-nan
46	2248513	102	-nan
46	2248513	103	-nan
46	2248513	104	-nan
46	2248513	105	-nan
46	2248513	106	-nan
46	2248513	107	-nan
46	2248513	108	-nan
46	2248513	109	-nan
46	2248513	110	-nan
46	2248513	111	-nan
46	2248513	112	-nan
46	2248513	113	-nan
46	2248513	114	-nan
46	2248513	115	-nan
46	2248513	116	-nan
46	2248513	117	-nan
46	2248513	118	-nan
46	2248513	119	-nan
46	2248513	120	-nan
46	2248513	121	-nan
46	2248513	122	-nan
46	2248513	123	-nan
46	2248513	124	-nan
46	2248513	125	-nan
46	2248513	126	-nan
46	2248513	127	-nan
46	2248513	128	-nan
46	2248513	129	-nan
46	2248513	130	-nan
46	2248513	131	-nan
46	2248513	132	-nan
46	2248513	133	-nan
46	2248513	134	-nan
46	2248513	135	-nan
46	2248513	136	-nan
46	2248513	137	-nan
46	2248513	138	-nan
46	2248513	139	-nan
46	2248513	140	-nan
46	2248513	141	-nan
46	2248513	142	-nan
46	2248513	143	-nan
46	2248513	144	-nan
46	2248513	145	-nan
46	2248513	146	-nan
46	2248513	147	-nan
46	2248513	148	-nan
46	2248513	149	-nan
46	2248513	150	-nan
46	2248513	151	-nan
46	2248513	152	-nan
46	2248513	153	-nan
46	2248513	154	-nan
46	2248513	155	-nan
46	2248513	156	-nan
46	2248513	157	-nan
46	2248513	158	-nan
46	2248513	159	-nan
46	2248513	160	-nan
46	2248513	161	-nan
46	2248513	162	-nan
46	2248513	163	-nan
46	2248513	164	-nan
46	2248513	165	-nan
46	2248513	166	-nan
46	2248513	167	-nan
46	2248513	168	-nan
46	2248513	169	-nan
46	2248513	170	-nan
46	2248513	171	-nan
46	2248513	172	-nan
46	2248513	173	-nan
46	2248513	174	-nan
46	2248513	175	-nan
46	2248513	176	-nan
46	2248513	177	-nan
46	2248513	178	-nan
46	2248513	179	-nan
46	2248513	180	-nan
46	2248513	181	-nan
46	2248513	182	-nan
46	2248513	183	-nan
46	2248513	184	-nan
46	2248513	185	-nan
46	2248513	186	-nan
46	2248513	187	-nan
46	2248513	188	-nan
46	2248513	189	-nan
46	2248513	190	-nan
46	2248513	191	-nan
46	2248513	192	-nan
46	2248513	193	-nan
46	2248513	194	-nan
46	2248513	195	-nan
46	2248513	196	-nan
46	2248513	197	-nan
46	2248513	198	-nan
46	2248513	199	-nan
46	2248513	200	-nan
46	2248513	201	-nan
46	2248513	202	-nan
46	2248513	203	-nan
46	2248513	204	-nan
46	2248513	205	-nan
46	2248513	206	-nan
46	2248513	207	-nan
46	2248513	208	-nan
46	2248513	209	-nan
46	2248513	210	-nan
46	2248513	211	-nan
46	2248513	212	-nan
46	2248513	213	-nan
46	2248513	214	-nan
46	2248513	215	-nan
46	2248513	216	-nan
46	2248513	217	-nan
46	2248513	218	-nan
46	2248513	219	-nan
46	2248513	220	-nan
46	2248513	221	-nan
46	2248513	222	-nan
46	2248513	223	-nan
46	2248513	224	-nan
46	2248513	225	-nan
46	2248513	226	-nan
46	2248513	227	-nan
46	2248513	228	-nan
46	2248513	229	-nan
46	2248513	230	-nan
46	2248513	231	-nan
46	2248513	232	-nan
46	2248513	233	-nan
46	2248513	234	-nan
46	2248513	235	-nan
46	2248513	236	-nan
46	2248513	237	-nan
46	2248513	238	-nan
46	2248513	239	-nan
46	2248513	240	-nan
46	2248513	241	-nan
46	2248513	242	-nan
46	2248513	243	-nan
46	2248513	244	-nan
46	2248513	245	-nan
46	2248513	246	-nan
46	2248513	247	-nan
46	2248513	248	-nan
46	2248513	249	-nan
46	2248513	250	-nan
46	2248513	251	-nan
46	2248513	252	-nan
46	2248513	253	-nan
46	2248513	254	-nan
46	2248513	255	-nan
46	2248513	256	-nan
46	2248513	257	-nan
46	2248513	258	-nan
46	2248513	259	-nan
46	2248513	260	-nan
46	2248513	261	-nan
46	2248513	262	-nan
46	2248513	263	-nan
46	2248513	264	-nan
46	2248513	265	-nan
46	2248513	266	-nan
46	2248513	267	-nan
46	2248513	268	-nan
46	2248513	269	-nan
46	2248513	270	-nan
46	2248513	271	-nan
46	2248513	272	-nan
46	2248513	273	-nan
46	2248513	274	-nan
46	2248513	275	-nan
46	2248513	276	-nan
46	2248513	277	-nan
46	2248513	278	-nan
46	2248513	279	-nan
46	2248513	280	-nan
46	2248513	281	-nan
46	2248513	282	-nan
46	2248513	283	-nan
46	2248513	284	-nan
46	2248513	285	-nan
46	2248513	286	-nan
46	2248513	287	-nan
46	2248513	288	-nan
46	2248513	289	-nan
46	2248513	290	-nan
46	2248513	291	-nan
46	2248513	292	-nan
46	2248513	293	-nan
46	2248513	294	-nan
46	2248513	295	-nan
46	2248513	296	-nan
46	2248513	297	-nan
46	2248513	298	-nan
46	2248513	299	-nan
46	2248513	300	-nan
46	2248513	301	-nan
46	2248513	302	-nan
46	2248513	303	-nan
46	2248513	304	-nan
46	2248513	305	-nan
46	2248513	306	-nan
46	2248513	307	-nan
46	2248513	308	-nan
46	2248513	309	-nan
46	2248513	310	-nan
46	2248513	311	-nan
46	2248513	312	-nan
46	2248513	313	-nan
46	2248513	314	-nan
46	2248513	315	-nan
46	2248513	316	-nan
46	2248513	317	-nan
46	2248513	318	-nan
46	2248513	319	-nan
46	2248513	320	-nan
46	2248513	321	-nan
46	2248513	322	-nan
46	2248513	323	-nan
46	2248513	324	-nan
46	2248513	325	-nan
46	2248513	326	-nan
46	2248513	327	-nan
46	2248513	328	-nan
46	2248513	329	-nan
46	2248513	330	-nan
46	2248513	331	-nan
46	2248513	332	-nan
46	2248513	333	-nan
46	2248513	334	-nan
46	2248513	335	-nan
46	2248513	336	-nan
46	2248513	337	-nan
46	2248513	338	-nan
46	2248513	339	-nan
46	2248513	340	-nan
46	2248513	341	-nan
46	2248513	342	-nan
46	2248513	343	-nan
46	2248513	344	-nan
46	2248513	345	-nan
46	2248513	346	-nan
46	2248513	347	-nan
46	2248513	348	-nan
46	2248513	349	-nan
46	2248513	350	-nan
46	2248513	351	-nan
46	2248513	352	-nan
46	2248513	353	-nan
46	2248513	354	-nan
46	2248513	355	-nan
46	2248513	356	-nan
46	2248513	357	-nan
46	2248513	358	-nan
46	2248513	359	-nan
46	2248513	360	-nan
46	2248513	361	-nan
46	2248513	362	-nan
46	2248513	363	-nan
46	2248513	364	-nan
46	2248513	365	-nan
46	2248513	366	-nan
46	2248513	367	-nan
46	2248513	368	-nan
46	2248513	369	-nan
46	2248513	370	-nan
46	2248513	371	-nan
46	2248513	372	-nan
46	2248513	373	-nan
46	2248513	374	-nan
46	2248513	375	-nan
46	2248513	376	-nan
46	2248513	377	-nan
46	2248513	378	-nan
46	2248513	379	-nan
46	2248513	380	-nan
46	2248513	381	-nan
46	2248513	382	-nan
46	2248513	383	-nan
46	2248513	384	-nan
46	2248513	385	-nan
46	2248513	386	-nan
46	2248513	387	-nan
46	2248513	388	-nan
46	2248513	389	-nan
46	2248513	390	-nan
46	2248513	391	-nan
46	2248513	392	-nan
46	2248513	393	-nan
46	2248513	394	-nan
46	2248513	395	-nan
46	2248513	396	-nan
46	2248513	397	-nan
46	2248513	398	-nan
46	2248513	399	-nan
46	2248513	400	-nan
46	2248513	401	-nan
46	2248513	402	-nan
46	2248513	403	-nan
46	2248513	404	-nan
46	2248513	405	-nan
46	2248513	406	-nan
46	2248513	407	-nan
46	2248513	408	-nan
46	2248513	409	-nan
46	2248513	410	-nan
46	2248513	411	-nan
46	2248513	412	-nan
46	2248513	413	-nan
46	2248513	414	-nan
46	2248513	415	-nan
46	2248513	416	-nan
46	2248513	417	-nan
46	2248513	418	-nan
46	2248513	419	-nan
46	2248513	420	-nan
46	2248513	421	-nan
46	2248513	422	-nan
46	2248513	423	-nan
46	2248513	424	-nan
46	2248513	425	-nan
46	2248513	426	-nan
46	2248513	427	-nan
46	2248513	428	-nan
46	2248513	429	-nan
46	2248513	430	-nan
46	2248513	431	-nan
46	2248513	432	-nan
46	2248513	433	-nan
46	2248513	434	-nan
46	2248513	435	-nan
46	2248513	436	-nan
46	2248513	437	-nan
46	2248513	438	-nan
46	2248513	439	-nan
46	2248513	440	-nan
46	2248513	441	-nan
46	2248513	442	-nan
46	2248513	443	-nan
46	2248513	444	-nan
46	2248513	445	-nan
46	2248513	446	-nan
46	2248513	447	-nan
46	2248513	448	-nan
46	2248513	449	-nan
46	2248513	450	-nan
46	2248513	451	-nan
46	2248513	452	-nan
46	2248513	453	-nan
46	2248513	454	-nan
46	2248513	455	-nan
46	2248513	456	-nan
46	2248513	457	-nan
46	2248513	458	-nan
46	2248513	459	-nan
46	2248513	460	-nan
46	2248513	461	-nan
46	2248513	462	-nan
46	2248513	463	-nan
46	2248513	464	-nan
46	2248513	465	-nan
46	2248513	466	-nan
46	2248513	467	-nan
46	2248513	468	-nan
46	2248513	469	-nan
46	2248513	470	-nan
46	2248513	471	-nan
46	2248513	472	-nan
46	2248513	473	-nan
46	2248513	474	-nan
46	2248513	475	-nan
46	2248513	476	-nan
46	2248513	477	-nan
46	2248513	478	-nan
46	2248513	479	-nan
46	2248513	480	-nan
46	2248513	481	-nan
46	2248513	482	-nan
46	2248513	483	-nan
46	2248513	484	-nan
46	2248513	485	-nan
46	2248513	486	-nan
46	2248513	487	-nan
46	2248513	488	-nan
46	2248513	489	-nan
46	2248513	490	-nan
46	2248513	491	-nan
46	2248513	492	-nan
46	2248513	493	-nan
46	2248513	494	-nan
46	2248513	495	-nan
46	2248513	496	-nan
46	2248513	497	-nan
46	2248513	498	-nan
46	2248513	499	-nan
46	2248513	500	-nan
46	2248513	501	-nan
46	2248513	502	-nan
46	2248513	503	-nan
46	2248513	504	-nan
46	2248513	505	-nan
46	2248513	506	-nan
46	2248513	507	-nan
46	2248513	508	-nan
46	2248513	509	-nan
46	2248513	510	-nan
46	2248513	511	-nan
46	2248513	512	-nan
46	2248513	513	-nan
46	2248513	514	-nan
46	2248513	515	-nan
46	2248513	516	-nan
46	2248513	517	-nan
46	2248513	518	-nan
46	2248513	519	-nan
46	2248513	520	-nan
46	2248513	521	-nan
46	2248513	522	-nan
46	2248513	523	-nan
46	2248513	524	-nan
46	2248513	525	-nan
46	2248513	526	-nan
46	2248513	527	-nan
46	2248513	528	-nan
46	2248513	529	-nan
46	2248513	530	-nan
46	2248513	531	-nan
46	2248513	532	-nan
46	2248513	533	-nan
46	2248513	534	-nan
46	2248513	535	-nan
46	2248513	536	-nan
46	2248513	537	-nan
46	2248513	538	-nan
46	2248513	539	-nan
46	2248513	540	-nan
46	2248513	541	-nan
46	2248513	542	-nan
46	2248513	543	-nan
46	2248513	544	-nan
46	2248513	545	-nan
46	2248513	546	-nan
46	2248513	547	-nan
46	2248513	548	-nan
46	2248513	549	-nan
46	2248513	550	-nan
46	2248513	551	-nan
46	2248513	552	-nan
46	2248513	553	-nan
46	2248513	554	-nan
46	2248513	555	-nan
46	2248513	556	-nan
46	2248513	557	-nan
46	2248513	558	-nan
46	2248513	559	-nan
46	2248513	560	-nan
46	2248513	561	-nan
46	2248513	562	-nan
46	2248513	563	-nan
46	2248513	564	-nan
46	2248513	565	-nan
46	2248513	566	-nan
46	2248513	567	-nan
46	2248513	568	-nan
46	2248513	569	-nan
46	2248513	570	-nan
46	2248513	571	-nan
46	2248513	572	-nan
46	2248513	573	-nan
46	2248513	574	-nan
46	2248513	575	-nan
46	2248513	576	-nan
46	2248513	577	-nan
46	2248513	578	-nan
46	2248513	579	-nan
46	2248513	580	-nan
46	2248513	581	-nan
46	2248513	582	-nan
46	2248513	583	-nan
46	2248513	584	-nan
46	2248513	585	-nan
46	2248513	586	-nan
46	2248513	587	-nan
46	2248513	588	-nan
46	2248513	589	-nan
46	2248513	590	-nan
46	2248513	591	-nan
46	2248513	592	-nan
46	2248513	593	-nan
46	2248513	594	-nan
46	2248513	595	-nan
46	2248513	596	-nan
46	2248513	597	-nan
46	2248513	598	-nan
46	2248513	599	-nan
46	2248513	600	-nan
46	2248513	601	-nan
46	2248513	602	-nan
46	2248513	603	-nan
46	2248513	604	-nan
46	2248513	605	-nan
46	2248513	606	-nan
46	2248513	607	-nan
46	2248513	608	-nan
46	2248513	609	-nan
46	2248513	610	-nan
46	2248513	611	-nan
46	2248513	612	-nan
46	2248513	613	-nan
46	2248513	614	-nan
46	2248513	615	-nan
46	2248513	616	-nan
46	2248513	617	-nan
46	2248513	618	-nan
46	2248513	619	-nan
46	2248513	620	-nan
46	2248513	621	-nan
46	2248513	622	-nan
46	2248513	623	-nan
46	2248513	624	-nan
46	2248513	625	-nan
46	2248513	626	-nan
46	2248513	627	-nan
46	2248513	628	-nan
46	2248513	629	-nan
46	2248513	630	-nan
46	2248513	631	-nan
46	2248513	632	-nan
46	2248513	633	-nan
46	2248513	634	-nan
46	2248513	635	-nan
46	2248513	636	-nan
46	2248513	637	-nan
46	2248513	638	-nan
46	2248513	639	-nan
46	2248513	640	-nan
46	2248513	641	-nan
46	2248513	642	-nan
46	2248513	643	-nan
46	2248513	644	-nan
46	2248513	645	-nan
46	2248513	646	-nan
46	2248513	647	-nan
46	2248513	648	-nan
46	2248513	649	-nan
46	2248513	650	-nan
46	2248513	651	-nan
46	2248513	652	-nan
46	2248513	653	-nan
46	2248513	654	-nan
46	2248513	655	-nan
46	2248513	656	-nan
46	2248513	657	-nan
46	2248513	658	-nan
46	2248513	659	-nan
46	2248513	660	-nan
46	2248513	661	-nan
46	2248513	662	-nan
46	2248513	663	-nan
46	2248513	664	-nan
46	2248513	665	-nan
46	2248513	666	-nan
46	2248513	667	-nan
46	2248513	668	-nan
46	2248513	669	-nan
46	2248513	670	-nan
46	2248513	671	-nan
46	2248513	672	-nan
46	2248513	673	-nan
46	2248513	674	-nan
46	2248513	675	-nan
46	2248513	676	-nan
46	2248513	677	-nan
46	2248513	678	-nan
46	2248513	679	-nan
46	2248513	680	-nan
46	2248513	681	-nan
46	2248513	682	-nan
46	2248513	683	-nan
46	2248513	684	-nan
46	2248513	685	-nan
46	2248513	686	-nan
46	2248513	687	-nan
46	2248513	688	-nan
46	2248513	689	-nan
46	2248513	690	-nan
46	2248513	691	-nan
46	2248513	692	-nan
46	2248513	693	-nan
46	2248513	694	-nan
46	2248513	695	-nan
46	2248513	696	-nan
46	2248513	697	-nan
46	2248513	698	-nan
46	2248513	699	-nan
46	2248513	700	-nan
46	2248513	701	-nan
46	2248513	702	-nan
46	2248513	703	-nan
46	2248513	704	-nan
46	2248513	705	-nan
46	2248513	706	-nan
46	2248513	707	-nan
46	2248513	708	-nan
46	2248513	709	-nan
46	2248513	710	-nan
46	2248513	711	-nan
46	2248513	712	-nan
46	2248513	713	-nan
46	2248513	714	-nan
46	2248513	715	-nan
46	2248513	716	-nan
46	2248513	717	-nan
46	2248513	718	-nan
46	2248513	719	-nan
46	2248513	720	-nan
46	2248513	721	-nan
46	2248513	722	-nan
46	2248513	723	-nan
46	2248513	724	-nan
46	2248513	725	-nan
46	2248513	726	-nan
46	2248513	727	-nan
46	2248513	728	-nan
46	2248513	729	-nan
46	2248513	730	-nan
46	2248513	731	-nan
46	2248513	732	-nan
46	2248513	733	-nan
46	2248513	734	-nan
46	2248513	735	-nan
46	2248513	736	-nan
46	2248513	737	-nan
46	2248513	738	-nan
46	2248513	739	-nan
46	2248513	740	-nan
46	2248513	741	-nan
46	2248513	742	-nan
46	2248513	743	-nan
46	2248513	744	-nan
46	2248513	745	-nan
46	2248513	746	-nan
46	2248513	747	-nan
46	2248513	748	-nan
46	2248513	749	-nan
46	2248513	750	-nan
vector 47  simple_scenario_cache_in_the_core_network.client[0]  hdistance[0]  ETV
47	2248513	1	0.66254590830744
47	2248513	2	0.6625158104989
47	2248513	3	0.66243507270948
47	2248513	4	0.66241624619505
47	2248513	5	0.66235496988671
47	2248513	6	0.6623148978077
47	2248513	7	0.66223280577741
47	2248513	8	0.66219019900211
47	2248513	9	0.66213377787294
47	2248513	10	0.66209423097898
47	2248513	11	0.66203575972467
47	2248513	12	0.66195608878161
47	2248513	13	0.66189974625023
47	2248513	14	0.6618390830253
47	2248513	15	0.66183704902356
47	2248513	16	0.6617879121639
47	2248513	17	0.66176222666086
47	2248513	18	0.66148253542998
47	2248513	19	0.6615937414845
47	2248513	20	0.66154917973186
47	2248513	21	0.66136125835927
47	2248513	22	0.66151423065997
47	2248513	23	0.66127945759461
47	2248513	24	0.66134472320505
47	2248513	25	0.66121845282115
47	2248513	26	0.66132673572696
47	2248513	27	0.66123744440378
47	2248513	28	0.6611708071574
47	2248513	29	0.66110338354103
47	2248513	30	0.66101823840533
47	2248513	31	0.66106907297801
47	2248513	32	0.66094331664408
47	2248513	33	0.66075140813522
47	2248513	34	0.66068914653844
47	2248513	35	0.6605411718228
47	2248513	36	0.66082995826452
47	2248513	37	0.6608715842029
47	2248513	38	0.66053624994189
47	2248513	39	0.65991643984127
47	2248513	40	0.66011272691788
47	2248513	41	0.66072596624033
47	2248513	42	0.66042738138356
47	2248513	43	0.66028749520026
47	2248513	44	0.66002723540656
47	2248513	45	0.65973519156377
47	2248513	46	0.66003209360636
47	2248513	47	0.66006600049711
47	2248513	48	0.66023891889309
47	2248513	49	0.66001928941061
47	2248513	50	0.65979831784372
47	2248513	51	0.65984508765878
47	2248513	52	0.6597592653292
47	2248513	53	0.65969876126126
47	2248513	54	0.65952162121194
47	2248513	55	0.65996112893033
47	2248513	56	0.65986649680234
47	2248513	57	0.65930029060394
47	2248513	58	0.65979955692942
47	2248513	59	0.65888110696063
47	2248513	60	0.65910222453188
47	2248513	61	0.65846727916167
47	2248513	62	0.65896358042575
47	2248513	63	0.65926479421143
47	2248513	64	0.65948476315765
47	2248513	65	0.65935935938875
47	2248513	66	0.65921280689669
47	2248513	67	0.65920976551622
47	2248513	68	0.65925531073387
47	2248513	69	0.6592216603509
47	2248513	70	0.65871947951493
47	2248513	71	0.65867417612887
47	2248513	72	0.65851955638008
47	2248513	73	0.65895527785815
47	2248513	74	0.65857476794342
47	2248513	75	0.65890639393453
47	2248513	76	0.65776451152242
47	2248513	77	0.65801694853492
47	2248513	78	0.65867337541065
47	2248513	79	0.65833055349009
47	2248513	80	0.65868748332395
47	2248513	81	0.65840442746908
47	2248513	82	0.65871305604838
47	2248513	83	0.65819211848254
47	2248513	84	0.65803098946736
47	2248513	85	0.65765188880754
47	2248513	86	0.6578192827358
47	2248513	87	0.65837211435712
47	2248513	88	0.65828626636916
47	2248513	89	0.65719396728115
47	2248513	90	0.65690540269783
47	2248513	91	0.65748044921711
47	2248513	92	0.65787859290893
47	2248513	93	0.65778486777249
47	2248513	94	0.65731282235011
47	2248513	95	0.65774627162802
47	2248513	96	0.65806028948413
47	2248513	97	0.65709521663913
47	2248513	98	0.65817705250407
47	2248513	99	0.65673152772799
47	2248513	100	0.65772631719444
47	2248513	101	0.65682656673969
47	2248513	102	0.65704797253928
47	2248513	103	0.65683934008264
47	2248513	104	0.65754449250118
47	2248513	105	0.6563412389527
47	2248513	106	0.6555953884421
47	2248513	107	0.65666773288899
47	2248513	108	0.65634735353654
47	2248513	109	0.65706879040738
47	2248513	110	0.65651679336553
47	2248513	111	0.6564978306916
47	2248513	112	0.65682545772357
47	2248513	113	0.65639671990976
47	2248513	114	0.6567843540247
47	2248513	115	0.65534625590702
47	2248513	116	0.6571455762336
47	2248513	117	0.65552552627012
47	2248513	118	0.65625385850105
47	2248513	119	0.65607552967362
47	2248513	120	0.65630221268054
47	2248513	121	0.65673245040015
47	2248513	122	0.65594963773653
47	2248513	123	0.65647851644299
47	2248513	124	0.65558215844687
47	2248513	125	0.65535124337116
47	2248513	126	0.65676868045799
47	2248513	127	0.6561422799947
47	2248513	128	0.65549255966624
47	2248513	129	0.65730155288309
47	2248513	130	0.65526855001968
47	2248513	131	0.65601845286925
47	2248513	132	0.65657983405263
47	2248513	133	0.65562314073708
47	2248513	134	0.65618452060941
47	2248513	135	0.65442897175725
47	2248513	136	0.65617412745595
47	2248513	137	0.65537923025786
47	2248513	138	0.65483995798061
47	2248513	139	0.65495432199186
47	2248513	140	0.65504445854824
47	2248513	141	0.65538080981494
47	2248513	142	0.65465511033172
47	2248513	143	0.6549133219506
47	2248513	144	0.6552420513439
47	2248513	145	0.65522081954059
47	2248513	146	0.65408874045213
47	2248513	147	0.65556278080987
47	2248513	148	0.65436721170401
47	2248513	149	0.65507796150604
47	2248513	150	0.65546432722229
47	2248513	151	0.65477144383395
47	2248513	152	0.65476906336798
47	2248513	153	0.65404276228011
47	2248513	154	0.65431837761858
47	2248513	155	0.65336437331459
47	2248513	156	0.65346506603355
47	2248513	157	0.65457874206686
47	2248513	158	0.65392648995489
47	2248513	159	0.6541567827262
47	2248513	160	0.65485552786098
47	2248513	161	0.65483502041464
47	2248513	162	0.6526146302548
47	2248513	163	0.65419015909412
47	2248513	164	0.65495835094432
47	2248513	165	0.65489372896691
47	2248513	166	0.65429153812252
47	2248513	167	0.65234938068224
47	2248513	168	0.65407904014685
47	2248513	169	0.65339930882815
47	2248513	170	0.65225245692969
47	2248513	171	0.65419354340178
47	2248513	172	0.65430364724284
47	2248513	173	0.6542663717045
47	2248513	174	0.6535474065629
47	2248513	175	0.65403820015738
47	2248513	176	0.65230839685391
47	2248513	177	0.65081480768428
47	2248513	178	0.6543796471616
47	2248513	179	0.65485386332937
47	2248513	180	0.65359771094903
47	2248513	181	0.65345500412535
47	2248513	182	0.65133876668711
47	2248513	183	0.6534475847979
47	2248513	184	0.652978739769
47	2248513	185	0.65241532553337
47	2248513	186	0.65166011125041
47	2248513	187	0.6528123258155
47	2248513	188	0.6525183709067
47	2248513	189	0.6516413697587
47	2248513	190	0.65448068139199
47	2248513	191	0.65166868602016
47	2248513	192	0.65180674830663
47	2248513	193	0.65307214383888
47	2248513	194	0.65284884359865
47	2248513	195	0.65260146115846
47	2248513	196	0.65218377507854
47	2248513	197	0.65381193506037
47	2248513	198	0.65316065913037
47	2248513	199	0.65243639134669
47	2248513	200	0.6526404562676
47	2248513	201	0.65333504435239
47	2248513	202	0.65060333024435
47	2248513	203	0.6480008762824
47	2248513	204	0.64924704496253
47	2248513	205	0.6499910810789
47	2248513	206	0.6509861500162
47	2248513	207	0.65149671386655
47	2248513	208	0.65089782719366
47	2248513	209	0.65180101810684
47	2248513	210	0.64947313895272
47	2248513	211	0.65261466615075
47	2248513	212	0.65221206277512
47	2248513	213	0.6514059843365
47	2248513	214	0.65092356727216
47	2248513	215	0.64522894394766
47	2248513	216	0.65025822857473
47	2248513	217	0.6517379697232
47	2248513	218	0.65239284915593
47	2248513	219	0.65284327902606
47	2248513	220	0.65183991573885
47	2248513	221	0.65022206461713
47	2248513	222	0.6520229094344
47	2248513	223	0.65115613220709
47	2248513	224	0.65152465840145
47	2248513	225	0.64992596179291
47	2248513	226	0.6469655637747
47	2248513	227	0.64971883729338
47	2248513	228	0.65061083141508
47	2248513	229	0.6501564749928
47	2248513	230	0.65236597137834
47	2248513	231	0.65154908734423
47	2248513	232	0.64520886507247
47	2248513	233	0.64851050906831
47	2248513	234	0.65087552922636
47	2248513	235	0.64684610093197
47	2248513	236	0.64935513785435
47	2248513	237	0.65033531936122
47	2248513	238	0.65082905595592
47	2248513	239	0.64974301846515
47	2248513	240	0.64967405625348
47	2248513	241	0.64784392493816
47	2248513	242	0.65081394841357
47	2248513	243	0.65073477550884
47	2248513	244	0.65027453882838
47	2248513	245	0.64689716288929
47	2248513	246	0.65063117610689
47	2248513	247	0.6483564489468
47	2248513	248	0.64845685949485
47	2248513	249	0.65146030572342
47	2248513	250	0.64996399079932
47	2248513	251	0.64841935274846
47	2248513	252	0.65016689321125
47	2248513	253	0.65133886852305
47	2248513	254	0.65112096521485
47	2248513	255	0.64488835982508
47	2248513	256	0.64782567144159
47	2248513	257	0.64947426636183
47	2248513	258	0.64615543321654
47	2248513	259	0.64785629746451
47	2248513	260	0.64807156005566
47	2248513	261	0.64155600429598
47	2248513	262	0.6502284678132
47	2248513	263	0.65044295890829
47	2248513	264	0.64982511242617
47	2248513	265	0.64969993000849
47	2248513	266	0.64753984113015
47	2248513	267	0.65073972903693
47	2248513	268	0.64273619013448
47	2248513	269	0.64851067426728
47	2248513	270	0.64744402957098
47	2248513	271	0.64350107665731
47	2248513	272	0.65161024211
47	2248513	273	0.64561058392446
47	2248513	274	0.6408262181975
47	2248513	275	0.64514775371381
47	2248513	276	0.64516887069011
47	2248513	277	0.65068304651584
47	2248513	278	0.64538033482974
47	2248513	279	0.64966727701366
47	2248513	280	0.64557204182266
47	2248513	281	0.64936278289265
47	2248513	282	0.64179810859452
47	2248513	283	0.64931725749995
47	2248513	284	0.64800523770301
47	2248513	285	0.64939906257616
47	2248513	286	0.64789038333584
47	2248513	287	0.64946874185228
47	2248513	288	0.64708634724911
47	2248513	289	0.64754044080177
47	2248513	290	0.64275447697104
47	2248513	291	0.64843841802219
47	2248513	292	0.64642395795724
47	2248513	293	0.64883880542936
47	2248513	294	0.64658391060862
47	2248513	295	0.64608407584468
47	2248513	296	0.64918385920636
47	2248513	297	0.645431254456
47	2248513	298	0.64439069246762
47	2248513	299	0.64946601686678
47	2248513	300	0.64533051112177
47	2248513	301	0.64770292219888
47	2248513	302	0.64350204243136
47	2248513	303	0.64325431636991
47	2248513	304	0.64525928698678
47	2248513	305	0.64369058238818
47	2248513	306	0.64538224499972
47	2248513	307	0.64072514485687
47	2248513	308	0.64181737066746
47	2248513	309	0.64319065267969
47	2248513	310	0.64351683035099
47	2248513	311	0.6442494726734
47	2248513	312	0.64611594905396
47	2248513	313	0.64657378702424
47	2248513	314	0.64552736593749
47	2248513	315	0.64224913553366
47	2248513	316	0.64475689726655
47	2248513	317	0.64580162702283
47	2248513	318	0.64368369678568
47	2248513	319	0.64567600487211
47	2248513	320	0.64982136384819
47	2248513	321	0.64878567155322
47	2248513	322	0.6416839014864
47	2248513	323	0.64795786156561
47	2248513	324	0.64392707643553
47	2248513	325	0.64686587298053
47	2248513	326	0.64691036119608
47	2248513	327	0.6453211808539
47	2248513	328	0.64597986322619
47	2248513	329	0.64787831869497
47	2248513	330	0.64385823208924
47	2248513	331	0.64699001464364
47	2248513	332	0.64077361029183
47	2248513	333	0.64093024119164
47	2248513	334	0.64474847804813
47	2248513	335	0.64664935388944
47	2248513	336	0.64287303898673
47	2248513	337	0.64380661677826
47	2248513	338	0.64376389918458
47	2248513	339	0.64786818577331
47	2248513	340	0.64250377179748
47	2248513	341	0.64022980081299
47	2248513	342	0.64604023365648
47	2248513	343	0.64576254597224
47	2248513	344	0.63858014632337
47	2248513	345	0.64298299900273
47	2248513	346	0.64369360356148
47	2248513	347	0.64315105479156
47	2248513	348	0.64402462174083
47	2248513	349	0.64085274184056
47	2248513	350	0.64073557012767
47	2248513	351	0.64990328086319
47	2248513	352	0.64389223631701
47	2248513	353	0.64442456206442
47	2248513	354	0.64323112552108
47	2248513	355	0.63992886715385
47	2248513	356	0.63853218491534
47	2248513	357	0.64482669183049
47	2248513	358	0.64167604278526
47	2248513	359	0.64566581396003
47	2248513	360	0.64256810810639
47	2248513	361	0.64448692608222
47	2248513	362	0.64854698010089
47	2248513	363	0.64081153535517
47	2248513	364	0.6347483257723
47	2248513	365	0.64425309569584
47	2248513	366	0.63738378720145
47	2248513	367	0.64565580312978
47	2248513	368	0.64318348585068
47	2248513	369	0.63401075907051
47	2248513	370	0.64072219080701
47	2248513	371	0.64251627665896
47	2248513	372	0.62352342750331
47	2248513	373	0.63697063580994
47	2248513	374	0.63913266413324
47	2248513	375	0.645614945874
47	2248513	376	0.64081701404257
47	2248513	377	0.6457468192853
47	2248513	378	0.63978320279124
47	2248513	379	0.63772310119779
47	2248513	380	0.64123681153905
47	2248513	381	0.64170735850006
47	2248513	382	0.64027342287206
47	2248513	383	0.63872639265781
47	2248513	384	0.64001351158577
47	2248513	385	0.6458825155224
47	2248513	386	0.63941256555189
47	2248513	387	0.6456427861925
47	2248513	388	0.63613067845264
47	2248513	389	0.64414825816291
47	2248513	390	0.64776495329388
47	2248513	391	0.63954203813018
47	2248513	392	0.6391663714822
47	2248513	393	0.64073201782304
47	2248513	394	0.64579508586994
47	2248513	395	0.6403657558935
47	2248513	396	0.64293807870787
47	2248513	397	0.64120415893957
47	2248513	398	0.64574013183285
47	2248513	399	0.63357019992095
47	2248513	400	0.63725446199761
47	2248513	401	0.6361868062416
47	2248513	402	0.64323576841701
47	2248513	403	0.64153277337773
47	2248513	404	0.63906942301759
47	2248513	405	0.64648844436312
47	2248513	406	0.63612698306558
47	2248513	407	0.64104845606494
47	2248513	408	0.64581973094607
47	2248513	409	0.64134653995449
47	2248513	410	0.64437289030099
47	2248513	411	0.63213070565798
47	2248513	412	0.64382549116806
47	2248513	413	0.6356939591096
47	2248513	414	0.63220488316061
47	2248513	415	0.64530651415731
47	2248513	416	0.63100497931131
47	2248513	417	0.63685447607927
47	2248513	418	0.63792959450728
47	2248513	419	0.62581545567247
47	2248513	420	0.64256555904247
47	2248513	421	0.63669847654987
47	2248513	422	0.63625874566295
47	2248513	423	0.64493298535852
47	2248513	424	0.63871566078479
47	2248513	425	0.64571849031449
47	2248513	426	0.64286706777255
47	2248513	427	0.63944149907257
47	2248513	428	0.64104229251233
47	2248513	429	0.63656806331664
47	2248513	430	0.63265849954735
47	2248513	431	0.64192151366796
47	2248513	432	0.63591943067024
47	2248513	433	0.64032661185438
47	2248513	434	0.63885777686846
47	2248513	435	0.63895727647562
47	2248513	436	0.64186987307819
47	2248513	437	0.63673857953884
47	2248513	438	0.63876522194579
47	2248513	439	0.6322498982867
47	2248513	440	0.64535652689323
47	2248513	441	0.63511494777175
47	2248513	442	0.63504549375331
47	2248513	443	0.62786544752224
47	2248513	444	0.63871928699595
47	2248513	445	0.64241669710517
47	2248513	446	0.63777758939533
47	2248513	447	0.63209416678581
47	2248513	448	0.63782780601953
47	2248513	449	0.63371900692756
47	2248513	450	0.64037814023352
47	2248513	451	0.63413150043284
47	2248513	452	0.63770452757109
47	2248513	453	0.63588052714599
47	2248513	454	0.6371936780154
47	2248513	455	0.62336372353776
47	2248513	456	0.64057240802981
47	2248513	457	0.63692911526656
47	2248513	458	0.63074878242193
47	2248513	459	0.63614212971733
47	2248513	460	0.63790787557426
47	2248513	461	0.63819930994051
47	2248513	462	0.62098914275366
47	2248513	463	0.64025740475573
47	2248513	464	0.63694862801062
47	2248513	465	0.63626362221069
47	2248513	466	0.63254989505762
47	2248513	467	0.63995988961768
47	2248513	468	0.63280662171652
47	2248513	469	0.634765753679
47	2248513	470	0.63704646970011
47	2248513	471	0.64155682981688
47	2248513	472	0.63331335146231
47	2248513	473	0.62916321528189
47	2248513	474	0.63957331391842
47	2248513	475	0.63614285806664
47	2248513	476	0.64010981915772
47	2248513	477	0.63270442803219
47	2248513	478	0.6416431885243
47	2248513	479	0.64126262189408
47	2248513	480	0.63962141306969
47	2248513	481	0.63221169127041
47	2248513	482	0.637673222326
47	2248513	483	0.61509006156107
47	2248513	484	0.63508801011794
47	2248513	485	0.63729758949095
47	2248513	486	0.62741169477726
47	2248513	487	0.63346535160379
47	2248513	488	0.64309565136955
47	2248513	489	0.63350001508155
47	2248513	490	0.62973441604148
47	2248513	491	0.63597049400193
47	2248513	492	0.64006512352233
47	2248513	493	0.63347050153429
47	2248513	494	0.6397236784891
47	2248513	495	0.63894787644788
47	2248513	496	0.6357088410165
47	2248513	497	0.63605401375951
47	2248513	498	0.63914913721251
47	2248513	499	0.63602625104673
47	2248513	500	0.62338821563558
47	2248513	501	0.62924165069971
47	2248513	502	0.63789621917946
47	2248513	503	0.63496539894331
47	2248513	504	0.6252856330962
47	2248513	505	0.62966496933225
47	2248513	506	0.62766218749055
47	2248513	507	0.62798196031884
47	2248513	508	0.63483355978261
47	2248513	509	0.63402286243809
47	2248513	510	0.6352997492985
47	2248513	511	0.63602618755792
47	2248513	512	0.63462251901317
47	2248513	513	0.62789261057866
47	2248513	514	0.61855359396248
47	2248513	515	0.63559026934434
47	2248513	516	0.63254432840737
47	2248513	517	0.63256724118911
47	2248513	518	0.62930081691495
47	2248513	519	0.63394865933324
47	2248513	520	0.64439025448563
47	2248513	521	0.63233894114638
47	2248513	522	0.63460065768729
47	2248513	523	0.62922683575373
47	2248513	524	0.63120035427094
47	2248513	525	0.63815811081552
47	2248513	526	0.6368013387978
47	2248513	527	0.62449364236059
47	2248513	528	0.63861469345376
47	2248513	529	0.62911008859127
47	2248513	530	0.62332034453085
47	2248513	531	0.63557602817996
47	2248513	532	0.63588673099487
47	2248513	533	0.63580189158955
47	2248513	534	0.63344005723216
47	2248513	535	0.63946661533481
47	2248513	536	0.63882011483426
47	2248513	537	0.62085654017208
47	2248513	538	0.63270453637039
47	2248513	539	0.63907484615328
47	2248513	540	0.63686648183211
47	2248513	541	0.6378480055941
47	2248513	542	0.63384201618191
47	2248513	543	0.62137338705988
47	2248513	544	0.63725135752217
47	2248513	545	0.63592466078906
47	2248513	546	0.63085663219712
47	2248513	547	0.63576233635448
47	2248513	548	0.6309827411856
47	2248513	549	0.63596763293403
47	2248513	550	0.62735764073897
47	2248513	551	0.62303120496922
47	2248513	552	0.63273539106762
47	2248513	553	0.63495700170596
47	2248513	554	0.63985902193914
47	2248513	555	0.63094410894369
47	2248513	556	0.62778976204913
47	2248513	557	0.63616923313041
47	2248513	558	0.62932981044962
47	2248513	559	0.63338755321552
47	2248513	560	0.62939846133815
47	2248513	561	0.63344259302918
47	2248513	562	0.62321359406501
47	2248513	563	0.63596515829469
47	2248513	564	0.63695977281532
47	2248513	565	0.61818858769412
47	2248513	566	0.64130484982435
47	2248513	567	0.61118474033361
47	2248513	568	0.61945972213019
47	2248513	569	0.63900310725364
47	2248513	570	0.63063458764914
47	2248513	571	0.63486761307178
47	2248513	572	0.63952521681906
47	2248513	573	0.63261204385089
47	2248513	574	0.63243806919566
47	2248513	575	0.63674476253192
47	2248513	576	0.61843818526809
47	2248513	577	0.61111553482042
47	2248513	578	0.62086173354717
47	2248513	579	0.6279447261709
47	2248513	580	0.63350130512218
47	2248513	581	0.64343193399933
47	2248513	582	0.63217618255728
47	2248513	583	0.63101787313513
47	2248513	584	0.63216120463751
47	2248513	585	0.63618547881139
47	2248513	586	0.63507553518012
47	2248513	587	0.62739718683244
47	2248513	588	0.60744165320559
47	2248513	589	0.64256365293036
47	2248513	590	0.62130234757933
47	2248513	591	0.63075307603437
47	2248513	592	0.63502421195007
47	2248513	593	0.62757720433627
47	2248513	594	0.63606151057744
47	2248513	595	0.63118135859143
47	2248513	596	0.63080982410678
47	2248513	597	0.62543025833301
47	2248513	598	0.62737482530827
47	2248513	599	0.63688226544374
47	2248513	600	0.6209671417815
47	2248513	601	0.6320052882784
47	2248513	602	0.62326384188886
47	2248513	603	0.63616166552079
47	2248513	604	0.61516754739156
47	2248513	605	0.63119617857556
47	2248513	606	0.63894692152279
47	2248513	607	0.62085062240664
47	2248513	608	0.61827789092555
47	2248513	609	0.61127354004715
47	2248513	610	0.62593653038435
47	2248513	611	0.62762041456167
47	2248513	612	0.63501932537965
47	2248513	613	0.62362638556073
47	2248513	614	0.61846913360117
47	2248513	615	0.58901655508848
47	2248513	616	0.6231238558503
47	2248513	617	0.61838210463803
47	2248513	618	0.64063246127933
47	2248513	619	0.62473331634793
47	2248513	620	0.63468313338038
47	2248513	621	0.62088216862573
47	2248513	622	0.63346207650483
47	2248513	623	0.62950147666074
47	2248513	624	0.6274211506088
47	2248513	625	0.62700569026503
47	2248513	626	0.60757039799261
47	2248513	627	0.62735035012424
47	2248513	628	0.63523784488079
47	2248513	629	0.6382103829334
47	2248513	630	0.62685319253702
47	2248513	631	0.62376171801621
47	2248513	632	0.62927375046997
47	2248513	633	0.62532376440531
47	2248513	634	0.62101733847066
47	2248513	635	0.63694398921958
47	2248513	636	0.63911979552838
47	2248513	637	0.62538695644056
47	2248513	638	0.63685514570753
47	2248513	639	0.62321378331193
47	2248513	640	0.63228549470709
47	2248513	641	0.63524863842925
47	2248513	642	0.62122501647265
47	2248513	643	0.63388362149693
47	2248513	644	0.62946288145718
47	2248513	645	0.63511854677901
47	2248513	646	0.6240840480568
47	2248513	647	0.62110639654665
47	2248513	648	0.62774313476722
47	2248513	649	0.63071936959837
47	2248513	650	0.62338295442487
47	2248513	651	0.63062231895662
47	2248513	652	0.63572068310345
47	2248513	653	0.63738059829109
47	2248513	654	0.62776618204958
47	2248513	655	0.61537552708236
47	2248513	656	0.62095809554685
47	2248513	657	0.62748914102545
47	2248513	658	0.62799763303938
47	2248513	659	0.62364378824548
47	2248513	660	0.60242574092018
47	2248513	661	0.63345849891663
47	2248513	662	0.62356379730253
47	2248513	663	0.62128663141299
47	2248513	664	0.61805658430352
47	2248513	665	0.61127869951399
47	2248513	666	0.60697598961713
47	2248513	667	0.62954421490421
47	2248513	668	0.63616561697097
47	2248513	669	0.61848572923975
47	2248513	670	0.61152097913466
47	2248513	671	0.63113469448887
47	2248513	672	0.61819680367617
47	2248513	673	0.6290866139965
47	2248513	674	0.63686983677147
47	2248513	675	0.62330979618104
47	2248513	676	0.61167467489531
47	2248513	677	0.63584101237251
47	2248513	678	0.61819867280148
47	2248513	679	0.61820688849288
47	2248513	680	0.62948129204426
47	2248513	681	0.62582363882847
47	2248513	682	0.62788726169185
47	2248513	683	0.62920246349767
47	2248513	684	0.62769037788115
47	2248513	685	0.61805046518184
47	2248513	686	0.61549784903796
47	2248513	687	0.61138735035542
47	2248513	688	0.62092873773685
47	2248513	689	0.61103917986556
47	2248513	690	0.63595775138314
47	2248513	691	0.62152161552113
47	2248513	692	0.60220572028767
47	2248513	693	0.59663457616056
47	2248513	694	0.62091086244141
47	2248513	695	0.62360962030691
47	2248513	696	0.63593597959937
47	2248513	697	0.62754728455306
47	2248513	698	0.63063675594822
47	2248513	699	0.61524431477386
47	2248513	700	0.63058280312868
47	2248513	701	0.62535492114929
47	2248513	702	0.63130833637416
47	2248513	703	0.62104919040416
47	2248513	704	0.63654493639248
47	2248513	705	0.61140732560012
47	2248513	706	0.62363113866242
47	2248513	707	0.62339838177615
47	2248513	708	0.62561006518851
47	2248513	709	0.63120398679577
47	2248513	710	0.61876078303515
47	2248513	711	0.63209278756827
47	2248513	712	0.62918884628398
47	2248513	713	0.61840802797076
47	2248513	714	0.63479072882849
47	2248513	715	0.63695300049525
47	2248513	716	0.62572095731364
47	2248513	717	0.62779216698463
47	2248513	718	0.62381973620277
47	2248513	719	0.62601642272521
47	2248513	720	0.62106200121039
47	2248513	721	0.61825277459395
47	2248513	722	0.62938641727122
47	2248513	723	0.62387958383789
47	2248513	724	0.60250301906119
47	2248513	725	0.61874080882353
47	2248513	726	0.61136873853324
47	2248513	727	0.60719522128699
47	2248513	728	0.62949576181513
47	2248513	729	0.61164949793466
47	2248513	730	0.61517607507103
47	2248513	731	0.61537063093909
47	2248513	732	0.62140958357591
47	2248513	733	0.6070542271207
47	2248513	734	0.62950111661218
47	2248513	735	0.62122152819587
47	2248513	736	0.62544018273532
47	2248513	737	0.60232471434027
47	2248513	738	0.62922655982508
47	2248513	739	0.63478234800336
47	2248513	740	0.61840750586032
47	2248513	741	0.63605410426626
47	2248513	742	0.61811431129682
47	2248513	743	0.61179389819245
47	2248513	744	0.62541163505272
47	2248513	745	0.62541828220236
47	2248513	746	0.59711392724823
47	2248513	747	0.63241423278526
47	2248513	748	0.61140227026539
47	2248513	749	0.63226094158119
47	2248513	750	0.62556863582782
