version 2
run General-19-20140101-23:37:30-24991
attr D lce
attr F spr
attr R lru
attr a 1
attr configname General
attr csize 10^5
attr datetime 20140101-23:37:30
attr experiment General
attr inifile omnetpp.ini
attr iterationvars "$net=simple_scenario_cache_at_border, $rep=0, $a=1, $F=spr, $ttl=1000, $D=lce, $R=lru, $csize=10^5"
attr iterationvars2 "$net=simple_scenario_cache_at_border, $rep=0, $a=1, $F=spr, $ttl=1000, $D=lce, $R=lru, $csize=10^5, $repetition=0"
attr measurement "$net=simple_scenario_cache_at_border, $rep=0, $a=1, $F=spr, $ttl=1000, $D=lce, $R=lru, $csize=10^5"
attr net simple_scenario_cache_at_border
attr network networks.${net=simple_scenario_cache_in_the_core,simple_scenario_cache_at_border}_network
attr processid 24991
attr rep 0
attr repetition 0
attr replication #0
attr resultdir results
attr runnumber 19
attr seedset 0
attr ttl 1000

vector 114  simple_scenario_cache_at_border_network.node[0].content_store  hit_node[0]  ETV
114	6918759	1	0
114	6918759	2	0
114	6918759	3	0
114	6918759	4	0
114	6918759	5	0
114	6918759	6	0
114	6918759	7	0
114	6918759	8	0
114	6918759	9	0
114	6918759	10	0
114	6918759	11	0
114	6918759	12	0
114	6918759	13	0
114	6918759	14	0
114	6918759	15	0
114	6918759	16	0
114	6918759	17	0
114	6918759	18	0
114	6918759	19	0
114	6918759	20	0
114	6918759	21	0
114	6918759	22	0
114	6918759	23	0
114	6918759	24	0
114	6918759	25	0
114	6918759	26	0
114	6918759	27	0
114	6918759	28	0
114	6918759	29	0
114	6918759	30	0
114	6918759	31	0
114	6918759	32	0
114	6918759	33	0
114	6918759	34	0
114	6918759	35	0
114	6918759	36	0
114	6918759	37	0
114	6918759	38	0
114	6918759	39	0
114	6918759	40	0
114	6918759	41	0
114	6918759	42	0
114	6918759	43	0
114	6918759	44	0
114	6918759	45	0
114	6918759	46	0
114	6918759	47	0
114	6918759	48	0
114	6918759	49	0
114	6918759	50	0
114	6918759	51	0
114	6918759	52	0
114	6918759	53	0
114	6918759	54	0
114	6918759	55	0
114	6918759	56	0
114	6918759	57	0
114	6918759	58	0
114	6918759	59	0
114	6918759	60	0
114	6918759	61	0
114	6918759	62	0
114	6918759	63	0
114	6918759	64	0
114	6918759	65	0
114	6918759	66	0
114	6918759	67	0
114	6918759	68	0
114	6918759	69	0
114	6918759	70	0
114	6918759	71	0
114	6918759	72	0
114	6918759	73	0
114	6918759	74	0
114	6918759	75	0
114	6918759	76	0
114	6918759	77	0
114	6918759	78	0
114	6918759	79	0
114	6918759	80	0
114	6918759	81	0
114	6918759	82	0
114	6918759	83	0
114	6918759	84	0
114	6918759	85	0
114	6918759	86	0
114	6918759	87	0
114	6918759	88	0
114	6918759	89	0
114	6918759	90	0
114	6918759	91	0
114	6918759	92	0
114	6918759	93	0
114	6918759	94	0
114	6918759	95	0
114	6918759	96	0
114	6918759	97	0
114	6918759	98	0
114	6918759	99	0
114	6918759	100	0
114	6918759	101	0
114	6918759	102	0
114	6918759	103	0
114	6918759	104	0
114	6918759	105	0
114	6918759	106	0
114	6918759	107	0
114	6918759	108	0
114	6918759	109	0
114	6918759	110	0
114	6918759	111	0
114	6918759	112	0
114	6918759	113	0
114	6918759	114	0
114	6918759	115	0
114	6918759	116	0
114	6918759	117	0
114	6918759	118	0
114	6918759	119	0
114	6918759	120	0
114	6918759	121	0
114	6918759	122	0
114	6918759	123	0
114	6918759	124	0
114	6918759	125	0
114	6918759	126	0
114	6918759	127	0
114	6918759	128	0
114	6918759	129	0
114	6918759	130	0
114	6918759	131	0
114	6918759	132	0
114	6918759	133	0
114	6918759	134	0
114	6918759	135	0
114	6918759	136	0
114	6918759	137	0
114	6918759	138	0
114	6918759	139	0
114	6918759	140	0
114	6918759	141	0
114	6918759	142	0
114	6918759	143	0
114	6918759	144	0
114	6918759	145	0
114	6918759	146	0
114	6918759	147	0
114	6918759	148	0
114	6918759	149	0
114	6918759	150	0
114	6918759	151	0
114	6918759	152	0
114	6918759	153	0
114	6918759	154	0
114	6918759	155	0
114	6918759	156	0
114	6918759	157	0
114	6918759	158	0
114	6918759	159	0
114	6918759	160	0
114	6918759	161	0
114	6918759	162	0
114	6918759	163	0
114	6918759	164	0
114	6918759	165	0
114	6918759	166	0
114	6918759	167	0
114	6918759	168	0
114	6918759	169	0
114	6918759	170	0
114	6918759	171	0
114	6918759	172	0
114	6918759	173	0
114	6918759	174	0
114	6918759	175	0
114	6918759	176	0
114	6918759	177	0
114	6918759	178	0
114	6918759	179	0
114	6918759	180	0
114	6918759	181	0
114	6918759	182	0
114	6918759	183	0
114	6918759	184	0
114	6918759	185	0
114	6918759	186	0
114	6918759	187	0
114	6918759	188	0
114	6918759	189	0
114	6918759	190	0
114	6918759	191	0
114	6918759	192	0
114	6918759	193	0
114	6918759	194	0
114	6918759	195	0
114	6918759	196	0
114	6918759	197	0
114	6918759	198	0
114	6918759	199	0
114	6918759	200	0
114	6918759	201	0
114	6918759	202	0
114	6918759	203	0
114	6918759	204	0
114	6918759	205	0
114	6918759	206	0
114	6918759	207	0
114	6918759	208	0
114	6918759	209	0
114	6918759	210	0
114	6918759	211	0
114	6918759	212	0
114	6918759	213	0
114	6918759	214	0
114	6918759	215	0
114	6918759	216	0
114	6918759	217	0
114	6918759	218	0
114	6918759	219	0
114	6918759	220	0
114	6918759	221	0
114	6918759	222	0
114	6918759	223	0
114	6918759	224	0
114	6918759	225	0
114	6918759	226	0
114	6918759	227	0
114	6918759	228	0
114	6918759	229	0
114	6918759	230	0
114	6918759	231	0
114	6918759	232	0
114	6918759	233	0
114	6918759	234	0
114	6918759	235	0
114	6918759	236	0
114	6918759	237	0
114	6918759	238	0
114	6918759	239	0
114	6918759	240	0
114	6918759	241	0
114	6918759	242	0
114	6918759	243	0
114	6918759	244	0
114	6918759	245	0
114	6918759	246	0
114	6918759	247	0
114	6918759	248	0
114	6918759	249	0
114	6918759	250	0
114	6918759	251	0
114	6918759	252	0
114	6918759	253	0
114	6918759	254	0
114	6918759	255	0
114	6918759	256	0
114	6918759	257	0
114	6918759	258	0
114	6918759	259	0
114	6918759	260	0
114	6918759	261	0
114	6918759	262	0
114	6918759	263	0
114	6918759	264	0
114	6918759	265	0
114	6918759	266	0
114	6918759	267	0
114	6918759	268	0
114	6918759	269	0
114	6918759	270	0
114	6918759	271	0
114	6918759	272	0
114	6918759	273	0
114	6918759	274	0
114	6918759	275	0
114	6918759	276	0
114	6918759	277	0
114	6918759	278	0
114	6918759	279	0
114	6918759	280	0
114	6918759	281	0
114	6918759	282	0
114	6918759	283	0
114	6918759	284	0
114	6918759	285	0
114	6918759	286	0
114	6918759	287	0
114	6918759	288	0
114	6918759	289	0
114	6918759	290	0
114	6918759	291	0
114	6918759	292	0
114	6918759	293	0
114	6918759	294	0
114	6918759	295	0
114	6918759	296	0
114	6918759	297	0
114	6918759	298	0
114	6918759	299	0
114	6918759	300	0
114	6918759	301	0
114	6918759	302	0
114	6918759	303	0
114	6918759	304	0
114	6918759	305	0
114	6918759	306	0
114	6918759	307	0
114	6918759	308	0
114	6918759	309	0
114	6918759	310	0
114	6918759	311	0
114	6918759	312	0
114	6918759	313	0
114	6918759	314	0
114	6918759	315	0
114	6918759	316	0
114	6918759	317	0
114	6918759	318	0
114	6918759	319	0
114	6918759	320	0
114	6918759	321	0
114	6918759	322	0
114	6918759	323	0
114	6918759	324	0
114	6918759	325	0
114	6918759	326	0
114	6918759	327	0
114	6918759	328	0
114	6918759	329	0
114	6918759	330	0
114	6918759	331	0
114	6918759	332	0
114	6918759	333	0
114	6918759	334	0
114	6918759	335	0
114	6918759	336	0
114	6918759	337	0
114	6918759	338	0
114	6918759	339	0
114	6918759	340	0
114	6918759	341	0
114	6918759	342	0
114	6918759	343	0
114	6918759	344	0
114	6918759	345	0
114	6918759	346	0
114	6918759	347	0
114	6918759	348	0
114	6918759	349	0
114	6918759	350	0
114	6918759	351	0
114	6918759	352	0
114	6918759	353	0
114	6918759	354	0
114	6918759	355	0
114	6918759	356	0
114	6918759	357	0
114	6918759	358	0
114	6918759	359	0
114	6918759	360	0
114	6918759	361	0
114	6918759	362	0
114	6918759	363	0
114	6918759	364	0
114	6918759	365	0
114	6918759	366	0
114	6918759	367	0
114	6918759	368	0
114	6918759	369	0
114	6918759	370	0
114	6918759	371	0
114	6918759	372	0
114	6918759	373	0
114	6918759	374	0
114	6918759	375	0
114	6918759	376	0
114	6918759	377	0
114	6918759	378	0
114	6918759	379	0
114	6918759	380	0
114	6918759	381	0
114	6918759	382	0
114	6918759	383	0
114	6918759	384	0
114	6918759	385	0
114	6918759	386	0
114	6918759	387	0
114	6918759	388	0
114	6918759	389	0
114	6918759	390	0
114	6918759	391	0
114	6918759	392	0
114	6918759	393	0
114	6918759	394	0
114	6918759	395	0
114	6918759	396	0
114	6918759	397	0
114	6918759	398	0
114	6918759	399	0
114	6918759	400	0
114	6918759	401	0
114	6918759	402	0
114	6918759	403	0
114	6918759	404	0
114	6918759	405	0
114	6918759	406	0
114	6918759	407	0
114	6918759	408	0
114	6918759	409	0
114	6918759	410	0
114	6918759	411	0
114	6918759	412	0
114	6918759	413	0
114	6918759	414	0
114	6918759	415	0
114	6918759	416	0
114	6918759	417	0
114	6918759	418	0
114	6918759	419	0
114	6918759	420	0
114	6918759	421	0
114	6918759	422	0
114	6918759	423	0
114	6918759	424	0
114	6918759	425	0
114	6918759	426	0
114	6918759	427	0
114	6918759	428	0
114	6918759	429	0
114	6918759	430	0
114	6918759	431	0
114	6918759	432	0
114	6918759	433	0
114	6918759	434	0
114	6918759	435	0
114	6918759	436	0
114	6918759	437	0
114	6918759	438	0
114	6918759	439	0
114	6918759	440	0
114	6918759	441	0
114	6918759	442	0
114	6918759	443	0
114	6918759	444	0
114	6918759	445	0
114	6918759	446	0
114	6918759	447	0
114	6918759	448	0
114	6918759	449	0
114	6918759	450	0
114	6918759	451	0
114	6918759	452	0
114	6918759	453	0
114	6918759	454	0
114	6918759	455	0
114	6918759	456	0
114	6918759	457	0
114	6918759	458	0
114	6918759	459	0
114	6918759	460	0
114	6918759	461	0
114	6918759	462	0
114	6918759	463	0
114	6918759	464	0
114	6918759	465	0
114	6918759	466	0
114	6918759	467	0
114	6918759	468	0
114	6918759	469	0
114	6918759	470	0
114	6918759	471	0
114	6918759	472	0
114	6918759	473	0
114	6918759	474	0
114	6918759	475	0
114	6918759	476	0
114	6918759	477	0
114	6918759	478	0
114	6918759	479	0
114	6918759	480	0
114	6918759	481	0
114	6918759	482	0
114	6918759	483	0
114	6918759	484	0
114	6918759	485	0
114	6918759	486	0
114	6918759	487	0
114	6918759	488	0
114	6918759	489	0
114	6918759	490	0
114	6918759	491	0
114	6918759	492	0
114	6918759	493	0
114	6918759	494	0
114	6918759	495	0
114	6918759	496	0
114	6918759	497	0
114	6918759	498	0
114	6918759	499	0
114	6918759	500	0
114	6918759	501	0
114	6918759	502	0
114	6918759	503	0
114	6918759	504	0
114	6918759	505	0
114	6918759	506	0
114	6918759	507	0
114	6918759	508	0
114	6918759	509	0
114	6918759	510	0
114	6918759	511	0
114	6918759	512	0
114	6918759	513	0
114	6918759	514	0
114	6918759	515	0
114	6918759	516	0
114	6918759	517	0
114	6918759	518	0
114	6918759	519	0
114	6918759	520	0
114	6918759	521	0
114	6918759	522	0
114	6918759	523	0
114	6918759	524	0
114	6918759	525	0
114	6918759	526	0
114	6918759	527	0
114	6918759	528	0
114	6918759	529	0
114	6918759	530	0
114	6918759	531	0
114	6918759	532	0
114	6918759	533	0
114	6918759	534	0
114	6918759	535	0
114	6918759	536	0
114	6918759	537	0
114	6918759	538	0
114	6918759	539	0
114	6918759	540	0
114	6918759	541	0
114	6918759	542	0
114	6918759	543	0
114	6918759	544	0
114	6918759	545	0
114	6918759	546	0
114	6918759	547	0
114	6918759	548	0
114	6918759	549	0
114	6918759	550	0
114	6918759	551	0
114	6918759	552	0
114	6918759	553	0
114	6918759	554	0
114	6918759	555	0
114	6918759	556	0
114	6918759	557	0
114	6918759	558	0
114	6918759	559	0
114	6918759	560	0
114	6918759	561	0
114	6918759	562	0
114	6918759	563	0
114	6918759	564	0
114	6918759	565	0
114	6918759	566	0
114	6918759	567	0
114	6918759	568	0
114	6918759	569	0
114	6918759	570	0
114	6918759	571	0
114	6918759	572	0
114	6918759	573	0
114	6918759	574	0
114	6918759	575	0
114	6918759	576	0
114	6918759	577	0
114	6918759	578	0
114	6918759	579	0
114	6918759	580	0
114	6918759	581	0
114	6918759	582	0
114	6918759	583	0
114	6918759	584	0
114	6918759	585	0
114	6918759	586	0
114	6918759	587	0
114	6918759	588	0
114	6918759	589	0
114	6918759	590	0
114	6918759	591	0
114	6918759	592	0
114	6918759	593	0
114	6918759	594	0
114	6918759	595	0
114	6918759	596	0
114	6918759	597	0
114	6918759	598	0
114	6918759	599	0
114	6918759	600	0
114	6918759	601	0
114	6918759	602	0
114	6918759	603	0
114	6918759	604	0
114	6918759	605	0
114	6918759	606	0
114	6918759	607	0
114	6918759	608	0
114	6918759	609	0
114	6918759	610	0
114	6918759	611	0
114	6918759	612	0
114	6918759	613	0
114	6918759	614	0
114	6918759	615	0
114	6918759	616	0
114	6918759	617	0
114	6918759	618	0
114	6918759	619	0
114	6918759	620	0
114	6918759	621	0
114	6918759	622	0
114	6918759	623	0
114	6918759	624	0
114	6918759	625	0
114	6918759	626	0
114	6918759	627	0
114	6918759	628	0
114	6918759	629	0
114	6918759	630	0
114	6918759	631	0
114	6918759	632	0
114	6918759	633	0
114	6918759	634	0
114	6918759	635	0
114	6918759	636	0
114	6918759	637	0
114	6918759	638	0
114	6918759	639	0
114	6918759	640	0
114	6918759	641	0
114	6918759	642	0
114	6918759	643	0
114	6918759	644	0
114	6918759	645	0
114	6918759	646	0
114	6918759	647	0
114	6918759	648	0
114	6918759	649	0
114	6918759	650	0
114	6918759	651	0
114	6918759	652	0
114	6918759	653	0
114	6918759	654	0
114	6918759	655	0
114	6918759	656	0
114	6918759	657	0
114	6918759	658	0
114	6918759	659	0
114	6918759	660	0
114	6918759	661	0
114	6918759	662	0
114	6918759	663	0
114	6918759	664	0
114	6918759	665	0
114	6918759	666	0
114	6918759	667	0
114	6918759	668	0
114	6918759	669	0
114	6918759	670	0
114	6918759	671	0
114	6918759	672	0
114	6918759	673	0
114	6918759	674	0
114	6918759	675	0
114	6918759	676	0
114	6918759	677	0
114	6918759	678	0
114	6918759	679	0
114	6918759	680	0
114	6918759	681	0
114	6918759	682	0
114	6918759	683	0
114	6918759	684	0
114	6918759	685	0
114	6918759	686	0
114	6918759	687	0
114	6918759	688	0
114	6918759	689	0
114	6918759	690	0
114	6918759	691	0
114	6918759	692	0
114	6918759	693	0
114	6918759	694	0
114	6918759	695	0
114	6918759	696	0
114	6918759	697	0
114	6918759	698	0
114	6918759	699	0
114	6918759	700	0
114	6918759	701	0
114	6918759	702	0
114	6918759	703	0
114	6918759	704	0
114	6918759	705	0
114	6918759	706	0
114	6918759	707	0
114	6918759	708	0
114	6918759	709	0
114	6918759	710	0
114	6918759	711	0
114	6918759	712	0
114	6918759	713	0
114	6918759	714	0
114	6918759	715	0
114	6918759	716	0
114	6918759	717	0
114	6918759	718	0
114	6918759	719	0
114	6918759	720	0
114	6918759	721	0
114	6918759	722	0
114	6918759	723	0
114	6918759	724	0
114	6918759	725	0
114	6918759	726	0
114	6918759	727	0
114	6918759	728	0
114	6918759	729	0
114	6918759	730	0
114	6918759	731	0
114	6918759	732	0
114	6918759	733	0
114	6918759	734	0
114	6918759	735	0
114	6918759	736	0
114	6918759	737	0
114	6918759	738	0
114	6918759	739	0
114	6918759	740	0
114	6918759	741	0
114	6918759	742	0
114	6918759	743	0
114	6918759	744	0
114	6918759	745	0
114	6918759	746	0
114	6918759	747	0
114	6918759	748	0
114	6918759	749	0
114	6918759	750	0
vector 115  simple_scenario_cache_at_border_network.node[1].content_store  hit_node[1]  ETV
115	6918759	1	1
115	6918759	2	-nan
115	6918759	3	-nan
115	6918759	4	1
115	6918759	5	-nan
115	6918759	6	-nan
115	6918759	7	-nan
115	6918759	8	-nan
115	6918759	9	-nan
115	6918759	10	-nan
115	6918759	11	-nan
115	6918759	12	1
115	6918759	13	1
115	6918759	14	-nan
115	6918759	15	1
115	6918759	16	1
115	6918759	17	1
115	6918759	18	1
115	6918759	19	1
115	6918759	20	-nan
115	6918759	21	1
115	6918759	22	-nan
115	6918759	23	-nan
115	6918759	24	1
115	6918759	25	1
115	6918759	26	-nan
115	6918759	27	-nan
115	6918759	28	-nan
115	6918759	29	-nan
115	6918759	30	1
115	6918759	31	-nan
115	6918759	32	1
115	6918759	33	-nan
115	6918759	34	1
115	6918759	35	-nan
115	6918759	36	-nan
115	6918759	37	1
115	6918759	38	-nan
115	6918759	39	-nan
115	6918759	40	1
115	6918759	41	1
115	6918759	42	-nan
115	6918759	43	1
115	6918759	44	-nan
115	6918759	45	-nan
115	6918759	46	-nan
115	6918759	47	-nan
115	6918759	48	-nan
115	6918759	49	1
115	6918759	50	-nan
115	6918759	51	1
115	6918759	52	-nan
115	6918759	53	-nan
115	6918759	54	-nan
115	6918759	55	-nan
115	6918759	56	1
115	6918759	57	-nan
115	6918759	58	1
115	6918759	59	1
115	6918759	60	-nan
115	6918759	61	-nan
115	6918759	62	1
115	6918759	63	-nan
115	6918759	64	1
115	6918759	65	-nan
115	6918759	66	1
115	6918759	67	1
115	6918759	68	1
115	6918759	69	1
115	6918759	70	1
115	6918759	71	-nan
115	6918759	72	-nan
115	6918759	73	1
115	6918759	74	1
115	6918759	75	1
115	6918759	76	-nan
115	6918759	77	-nan
115	6918759	78	1
115	6918759	79	-nan
115	6918759	80	1
115	6918759	81	1
115	6918759	82	-nan
115	6918759	83	1
115	6918759	84	-nan
115	6918759	85	-nan
115	6918759	86	-nan
115	6918759	87	-nan
115	6918759	88	-nan
115	6918759	89	-nan
115	6918759	90	1
115	6918759	91	-nan
115	6918759	92	-nan
115	6918759	93	1
115	6918759	94	1
115	6918759	95	-nan
115	6918759	96	1
115	6918759	97	1
115	6918759	98	-nan
115	6918759	99	-nan
115	6918759	100	1
115	6918759	101	-nan
115	6918759	102	1
115	6918759	103	1
115	6918759	104	-nan
115	6918759	105	1
115	6918759	106	1
115	6918759	107	1
115	6918759	108	-nan
115	6918759	109	-nan
115	6918759	110	1
115	6918759	111	-nan
115	6918759	112	1
115	6918759	113	1
115	6918759	114	1
115	6918759	115	1
115	6918759	116	1
115	6918759	117	-nan
115	6918759	118	1
115	6918759	119	-nan
115	6918759	120	1
115	6918759	121	-nan
115	6918759	122	-nan
115	6918759	123	-nan
115	6918759	124	-nan
115	6918759	125	-nan
115	6918759	126	1
115	6918759	127	-nan
115	6918759	128	-nan
115	6918759	129	-nan
115	6918759	130	-nan
115	6918759	131	1
115	6918759	132	-nan
115	6918759	133	-nan
115	6918759	134	1
115	6918759	135	1
115	6918759	136	-nan
115	6918759	137	1
115	6918759	138	1
115	6918759	139	1
115	6918759	140	1
115	6918759	141	-nan
115	6918759	142	-nan
115	6918759	143	1
115	6918759	144	1
115	6918759	145	-nan
115	6918759	146	1
115	6918759	147	-nan
115	6918759	148	-nan
115	6918759	149	-nan
115	6918759	150	-nan
115	6918759	151	1
115	6918759	152	1
115	6918759	153	1
115	6918759	154	-nan
115	6918759	155	1
115	6918759	156	-nan
115	6918759	157	-nan
115	6918759	158	-nan
115	6918759	159	1
115	6918759	160	-nan
115	6918759	161	1
115	6918759	162	1
115	6918759	163	-nan
115	6918759	164	1
115	6918759	165	-nan
115	6918759	166	-nan
115	6918759	167	1
115	6918759	168	1
115	6918759	169	-nan
115	6918759	170	1
115	6918759	171	-nan
115	6918759	172	1
115	6918759	173	-nan
115	6918759	174	1
115	6918759	175	-nan
115	6918759	176	1
115	6918759	177	-nan
115	6918759	178	1
115	6918759	179	1
115	6918759	180	1
115	6918759	181	-nan
115	6918759	182	1
115	6918759	183	-nan
115	6918759	184	1
115	6918759	185	-nan
115	6918759	186	1
115	6918759	187	1
115	6918759	188	1
115	6918759	189	1
115	6918759	190	1
115	6918759	191	-nan
115	6918759	192	1
115	6918759	193	1
115	6918759	194	-nan
115	6918759	195	1
115	6918759	196	1
115	6918759	197	1
115	6918759	198	-nan
115	6918759	199	1
115	6918759	200	1
115	6918759	201	-nan
115	6918759	202	1
115	6918759	203	-nan
115	6918759	204	1
115	6918759	205	1
115	6918759	206	-nan
115	6918759	207	-nan
115	6918759	208	1
115	6918759	209	1
115	6918759	210	1
115	6918759	211	-nan
115	6918759	212	-nan
115	6918759	213	1
115	6918759	214	1
115	6918759	215	1
115	6918759	216	1
115	6918759	217	1
115	6918759	218	-nan
115	6918759	219	1
115	6918759	220	-nan
115	6918759	221	1
115	6918759	222	1
115	6918759	223	1
115	6918759	224	-nan
115	6918759	225	-nan
115	6918759	226	-nan
115	6918759	227	1
115	6918759	228	1
115	6918759	229	-nan
115	6918759	230	-nan
115	6918759	231	-nan
115	6918759	232	-nan
115	6918759	233	1
115	6918759	234	1
115	6918759	235	1
115	6918759	236	-nan
115	6918759	237	-nan
115	6918759	238	1
115	6918759	239	-nan
115	6918759	240	1
115	6918759	241	1
115	6918759	242	-nan
115	6918759	243	1
115	6918759	244	-nan
115	6918759	245	-nan
115	6918759	246	-nan
115	6918759	247	-nan
115	6918759	248	1
115	6918759	249	1
115	6918759	250	1
115	6918759	251	-nan
115	6918759	252	-nan
115	6918759	253	-nan
115	6918759	254	1
115	6918759	255	-nan
115	6918759	256	-nan
115	6918759	257	-nan
115	6918759	258	-nan
115	6918759	259	1
115	6918759	260	1
115	6918759	261	-nan
115	6918759	262	-nan
115	6918759	263	1
115	6918759	264	1
115	6918759	265	1
115	6918759	266	-nan
115	6918759	267	-nan
115	6918759	268	1
115	6918759	269	-nan
115	6918759	270	-nan
115	6918759	271	-nan
115	6918759	272	-nan
115	6918759	273	-nan
115	6918759	274	1
115	6918759	275	1
115	6918759	276	1
115	6918759	277	-nan
115	6918759	278	1
115	6918759	279	-nan
115	6918759	280	1
115	6918759	281	-nan
115	6918759	282	-nan
115	6918759	283	1
115	6918759	284	1
115	6918759	285	1
115	6918759	286	-nan
115	6918759	287	1
115	6918759	288	1
115	6918759	289	-nan
115	6918759	290	-nan
115	6918759	291	-nan
115	6918759	292	-nan
115	6918759	293	1
115	6918759	294	-nan
115	6918759	295	1
115	6918759	296	1
115	6918759	297	1
115	6918759	298	1
115	6918759	299	-nan
115	6918759	300	-nan
115	6918759	301	-nan
115	6918759	302	1
115	6918759	303	-nan
115	6918759	304	1
115	6918759	305	1
115	6918759	306	-nan
115	6918759	307	-nan
115	6918759	308	-nan
115	6918759	309	-nan
115	6918759	310	-nan
115	6918759	311	-nan
115	6918759	312	1
115	6918759	313	1
115	6918759	314	-nan
115	6918759	315	-nan
115	6918759	316	-nan
115	6918759	317	-nan
115	6918759	318	-nan
115	6918759	319	-nan
115	6918759	320	-nan
115	6918759	321	-nan
115	6918759	322	-nan
115	6918759	323	-nan
115	6918759	324	1
115	6918759	325	1
115	6918759	326	1
115	6918759	327	1
115	6918759	328	-nan
115	6918759	329	-nan
115	6918759	330	-nan
115	6918759	331	1
115	6918759	332	-nan
115	6918759	333	-nan
115	6918759	334	-nan
115	6918759	335	-nan
115	6918759	336	-nan
115	6918759	337	-nan
115	6918759	338	-nan
115	6918759	339	1
115	6918759	340	1
115	6918759	341	1
115	6918759	342	1
115	6918759	343	-nan
115	6918759	344	-nan
115	6918759	345	1
115	6918759	346	-nan
115	6918759	347	1
115	6918759	348	1
115	6918759	349	-nan
115	6918759	350	1
115	6918759	351	-nan
115	6918759	352	1
115	6918759	353	-nan
115	6918759	354	1
115	6918759	355	1
115	6918759	356	1
115	6918759	357	1
115	6918759	358	-nan
115	6918759	359	-nan
115	6918759	360	-nan
115	6918759	361	1
115	6918759	362	-nan
115	6918759	363	1
115	6918759	364	-nan
115	6918759	365	1
115	6918759	366	1
115	6918759	367	1
115	6918759	368	1
115	6918759	369	-nan
115	6918759	370	-nan
115	6918759	371	-nan
115	6918759	372	1
115	6918759	373	-nan
115	6918759	374	1
115	6918759	375	1
115	6918759	376	-nan
115	6918759	377	-nan
115	6918759	378	-nan
115	6918759	379	1
115	6918759	380	-nan
115	6918759	381	-nan
115	6918759	382	1
115	6918759	383	-nan
115	6918759	384	1
115	6918759	385	-nan
115	6918759	386	-nan
115	6918759	387	1
115	6918759	388	1
115	6918759	389	-nan
115	6918759	390	-nan
115	6918759	391	1
115	6918759	392	-nan
115	6918759	393	-nan
115	6918759	394	-nan
115	6918759	395	-nan
115	6918759	396	-nan
115	6918759	397	-nan
115	6918759	398	1
115	6918759	399	1
115	6918759	400	-nan
115	6918759	401	1
115	6918759	402	-nan
115	6918759	403	1
115	6918759	404	1
115	6918759	405	-nan
115	6918759	406	-nan
115	6918759	407	-nan
115	6918759	408	-nan
115	6918759	409	-nan
115	6918759	410	1
115	6918759	411	-nan
115	6918759	412	-nan
115	6918759	413	-nan
115	6918759	414	1
115	6918759	415	1
115	6918759	416	-nan
115	6918759	417	-nan
115	6918759	418	1
115	6918759	419	-nan
115	6918759	420	-nan
115	6918759	421	-nan
115	6918759	422	1
115	6918759	423	1
115	6918759	424	1
115	6918759	425	-nan
115	6918759	426	1
115	6918759	427	1
115	6918759	428	1
115	6918759	429	1
115	6918759	430	1
115	6918759	431	1
115	6918759	432	-nan
115	6918759	433	-nan
115	6918759	434	-nan
115	6918759	435	1
115	6918759	436	1
115	6918759	437	-nan
115	6918759	438	-nan
115	6918759	439	-nan
115	6918759	440	1
115	6918759	441	-nan
115	6918759	442	1
115	6918759	443	-nan
115	6918759	444	1
115	6918759	445	-nan
115	6918759	446	-nan
115	6918759	447	-nan
115	6918759	448	1
115	6918759	449	-nan
115	6918759	450	1
115	6918759	451	1
115	6918759	452	-nan
115	6918759	453	1
115	6918759	454	-nan
115	6918759	455	1
115	6918759	456	1
115	6918759	457	-nan
115	6918759	458	1
115	6918759	459	1
115	6918759	460	1
115	6918759	461	1
115	6918759	462	1
115	6918759	463	1
115	6918759	464	1
115	6918759	465	1
115	6918759	466	1
115	6918759	467	-nan
115	6918759	468	1
115	6918759	469	-nan
115	6918759	470	-nan
115	6918759	471	1
115	6918759	472	-nan
115	6918759	473	-nan
115	6918759	474	-nan
115	6918759	475	1
115	6918759	476	1
115	6918759	477	-nan
115	6918759	478	-nan
115	6918759	479	-nan
115	6918759	480	-nan
115	6918759	481	1
115	6918759	482	-nan
115	6918759	483	1
115	6918759	484	-nan
115	6918759	485	1
115	6918759	486	1
115	6918759	487	1
115	6918759	488	1
115	6918759	489	-nan
115	6918759	490	-nan
115	6918759	491	-nan
115	6918759	492	-nan
115	6918759	493	-nan
115	6918759	494	1
115	6918759	495	-nan
115	6918759	496	1
115	6918759	497	-nan
115	6918759	498	1
115	6918759	499	-nan
115	6918759	500	1
115	6918759	501	-nan
115	6918759	502	-nan
115	6918759	503	1
115	6918759	504	1
115	6918759	505	1
115	6918759	506	-nan
115	6918759	507	-nan
115	6918759	508	-nan
115	6918759	509	1
115	6918759	510	1
115	6918759	511	-nan
115	6918759	512	1
115	6918759	513	1
115	6918759	514	-nan
115	6918759	515	1
115	6918759	516	1
115	6918759	517	1
115	6918759	518	-nan
115	6918759	519	1
115	6918759	520	-nan
115	6918759	521	1
115	6918759	522	-nan
115	6918759	523	1
115	6918759	524	-nan
115	6918759	525	-nan
115	6918759	526	1
115	6918759	527	1
115	6918759	528	-nan
115	6918759	529	1
115	6918759	530	-nan
115	6918759	531	1
115	6918759	532	-nan
115	6918759	533	1
115	6918759	534	1
115	6918759	535	1
115	6918759	536	1
115	6918759	537	-nan
115	6918759	538	-nan
115	6918759	539	1
115	6918759	540	-nan
115	6918759	541	1
115	6918759	542	-nan
115	6918759	543	-nan
115	6918759	544	1
115	6918759	545	-nan
115	6918759	546	1
115	6918759	547	1
115	6918759	548	1
115	6918759	549	1
115	6918759	550	1
115	6918759	551	-nan
115	6918759	552	-nan
115	6918759	553	1
115	6918759	554	1
115	6918759	555	1
115	6918759	556	1
115	6918759	557	-nan
115	6918759	558	-nan
115	6918759	559	1
115	6918759	560	1
115	6918759	561	-nan
115	6918759	562	1
115	6918759	563	-nan
115	6918759	564	-nan
115	6918759	565	-nan
115	6918759	566	-nan
115	6918759	567	-nan
115	6918759	568	-nan
115	6918759	569	-nan
115	6918759	570	-nan
115	6918759	571	-nan
115	6918759	572	-nan
115	6918759	573	-nan
115	6918759	574	1
115	6918759	575	1
115	6918759	576	-nan
115	6918759	577	-nan
115	6918759	578	-nan
115	6918759	579	-nan
115	6918759	580	1
115	6918759	581	1
115	6918759	582	-nan
115	6918759	583	1
115	6918759	584	1
115	6918759	585	-nan
115	6918759	586	1
115	6918759	587	-nan
115	6918759	588	1
115	6918759	589	-nan
115	6918759	590	1
115	6918759	591	1
115	6918759	592	-nan
115	6918759	593	1
115	6918759	594	1
115	6918759	595	1
115	6918759	596	1
115	6918759	597	1
115	6918759	598	-nan
115	6918759	599	1
115	6918759	600	-nan
115	6918759	601	1
115	6918759	602	1
115	6918759	603	-nan
115	6918759	604	-nan
115	6918759	605	-nan
115	6918759	606	-nan
115	6918759	607	1
115	6918759	608	1
115	6918759	609	-nan
115	6918759	610	1
115	6918759	611	-nan
115	6918759	612	-nan
115	6918759	613	-nan
115	6918759	614	-nan
115	6918759	615	1
115	6918759	616	1
115	6918759	617	-nan
115	6918759	618	1
115	6918759	619	1
115	6918759	620	-nan
115	6918759	621	-nan
115	6918759	622	-nan
115	6918759	623	1
115	6918759	624	1
115	6918759	625	1
115	6918759	626	-nan
115	6918759	627	-nan
115	6918759	628	1
115	6918759	629	-nan
115	6918759	630	1
115	6918759	631	1
115	6918759	632	1
115	6918759	633	-nan
115	6918759	634	-nan
115	6918759	635	1
115	6918759	636	-nan
115	6918759	637	1
115	6918759	638	-nan
115	6918759	639	1
115	6918759	640	1
115	6918759	641	-nan
115	6918759	642	1
115	6918759	643	1
115	6918759	644	1
115	6918759	645	1
115	6918759	646	1
115	6918759	647	-nan
115	6918759	648	-nan
115	6918759	649	-nan
115	6918759	650	-nan
115	6918759	651	-nan
115	6918759	652	-nan
115	6918759	653	-nan
115	6918759	654	-nan
115	6918759	655	1
115	6918759	656	1
115	6918759	657	1
115	6918759	658	1
115	6918759	659	-nan
115	6918759	660	-nan
115	6918759	661	-nan
115	6918759	662	-nan
115	6918759	663	1
115	6918759	664	-nan
115	6918759	665	1
115	6918759	666	1
115	6918759	667	-nan
115	6918759	668	-nan
115	6918759	669	-nan
115	6918759	670	1
115	6918759	671	-nan
115	6918759	672	-nan
115	6918759	673	-nan
115	6918759	674	1
115	6918759	675	-nan
115	6918759	676	-nan
115	6918759	677	-nan
115	6918759	678	-nan
115	6918759	679	-nan
115	6918759	680	1
115	6918759	681	1
115	6918759	682	-nan
115	6918759	683	1
115	6918759	684	1
115	6918759	685	1
115	6918759	686	-nan
115	6918759	687	1
115	6918759	688	-nan
115	6918759	689	1
115	6918759	690	-nan
115	6918759	691	1
115	6918759	692	-nan
115	6918759	693	-nan
115	6918759	694	1
115	6918759	695	-nan
115	6918759	696	1
115	6918759	697	1
115	6918759	698	1
115	6918759	699	-nan
115	6918759	700	1
115	6918759	701	-nan
115	6918759	702	1
115	6918759	703	-nan
115	6918759	704	-nan
115	6918759	705	1
115	6918759	706	-nan
115	6918759	707	-nan
115	6918759	708	1
115	6918759	709	-nan
115	6918759	710	-nan
115	6918759	711	-nan
115	6918759	712	-nan
115	6918759	713	-nan
115	6918759	714	1
115	6918759	715	1
115	6918759	716	-nan
115	6918759	717	-nan
115	6918759	718	-nan
115	6918759	719	-nan
115	6918759	720	1
115	6918759	721	-nan
115	6918759	722	1
115	6918759	723	1
115	6918759	724	-nan
115	6918759	725	1
115	6918759	726	-nan
115	6918759	727	1
115	6918759	728	-nan
115	6918759	729	-nan
115	6918759	730	1
115	6918759	731	-nan
115	6918759	732	-nan
115	6918759	733	1
115	6918759	734	-nan
115	6918759	735	1
115	6918759	736	1
115	6918759	737	1
115	6918759	738	1
115	6918759	739	-nan
115	6918759	740	1
115	6918759	741	1
115	6918759	742	-nan
115	6918759	743	1
115	6918759	744	1
115	6918759	745	1
115	6918759	746	-nan
115	6918759	747	1
115	6918759	748	-nan
115	6918759	749	1
115	6918759	750	1
vector 116  simple_scenario_cache_at_border_network.node[2].content_store  hit_node[2]  ETV
116	6918759	1	-nan
116	6918759	2	0
116	6918759	3	0
116	6918759	4	-nan
116	6918759	5	0
116	6918759	6	0
116	6918759	7	0
116	6918759	8	0
116	6918759	9	0
116	6918759	10	0
116	6918759	11	0
116	6918759	12	-nan
116	6918759	13	-nan
116	6918759	14	0
116	6918759	15	-nan
116	6918759	16	-nan
116	6918759	17	-nan
116	6918759	18	-nan
116	6918759	19	-nan
116	6918759	20	0
116	6918759	21	-nan
116	6918759	22	0
116	6918759	23	0
116	6918759	24	-nan
116	6918759	25	-nan
116	6918759	26	0
116	6918759	27	0
116	6918759	28	0
116	6918759	29	0
116	6918759	30	-nan
116	6918759	31	0
116	6918759	32	-nan
116	6918759	33	0
116	6918759	34	-nan
116	6918759	35	0
116	6918759	36	0
116	6918759	37	-nan
116	6918759	38	0
116	6918759	39	0
116	6918759	40	-nan
116	6918759	41	-nan
116	6918759	42	0
116	6918759	43	-nan
116	6918759	44	0
116	6918759	45	0
116	6918759	46	0
116	6918759	47	0
116	6918759	48	0
116	6918759	49	-nan
116	6918759	50	0
116	6918759	51	-nan
116	6918759	52	0
116	6918759	53	0
116	6918759	54	0
116	6918759	55	0
116	6918759	56	-nan
116	6918759	57	0
116	6918759	58	-nan
116	6918759	59	-nan
116	6918759	60	0
116	6918759	61	0
116	6918759	62	-nan
116	6918759	63	0
116	6918759	64	-nan
116	6918759	65	0
116	6918759	66	-nan
116	6918759	67	-nan
116	6918759	68	-nan
116	6918759	69	-nan
116	6918759	70	-nan
116	6918759	71	0
116	6918759	72	0
116	6918759	73	-nan
116	6918759	74	-nan
116	6918759	75	-nan
116	6918759	76	0
116	6918759	77	0
116	6918759	78	-nan
116	6918759	79	0
116	6918759	80	-nan
116	6918759	81	-nan
116	6918759	82	0
116	6918759	83	-nan
116	6918759	84	0
116	6918759	85	0
116	6918759	86	0
116	6918759	87	0
116	6918759	88	0
116	6918759	89	0
116	6918759	90	-nan
116	6918759	91	0
116	6918759	92	0
116	6918759	93	-nan
116	6918759	94	-nan
116	6918759	95	0
116	6918759	96	-nan
116	6918759	97	-nan
116	6918759	98	0
116	6918759	99	0
116	6918759	100	-nan
116	6918759	101	0
116	6918759	102	-nan
116	6918759	103	-nan
116	6918759	104	0
116	6918759	105	-nan
116	6918759	106	-nan
116	6918759	107	-nan
116	6918759	108	0
116	6918759	109	0
116	6918759	110	-nan
116	6918759	111	0
116	6918759	112	-nan
116	6918759	113	-nan
116	6918759	114	-nan
116	6918759	115	-nan
116	6918759	116	-nan
116	6918759	117	0
116	6918759	118	-nan
116	6918759	119	0
116	6918759	120	-nan
116	6918759	121	0
116	6918759	122	0
116	6918759	123	0
116	6918759	124	0
116	6918759	125	0
116	6918759	126	-nan
116	6918759	127	0
116	6918759	128	0
116	6918759	129	0
116	6918759	130	0
116	6918759	131	-nan
116	6918759	132	0
116	6918759	133	0
116	6918759	134	-nan
116	6918759	135	-nan
116	6918759	136	0
116	6918759	137	-nan
116	6918759	138	-nan
116	6918759	139	-nan
116	6918759	140	-nan
116	6918759	141	0
116	6918759	142	0
116	6918759	143	-nan
116	6918759	144	-nan
116	6918759	145	0
116	6918759	146	-nan
116	6918759	147	0
116	6918759	148	0
116	6918759	149	0
116	6918759	150	0
116	6918759	151	-nan
116	6918759	152	-nan
116	6918759	153	-nan
116	6918759	154	0
116	6918759	155	-nan
116	6918759	156	0
116	6918759	157	0
116	6918759	158	0
116	6918759	159	-nan
116	6918759	160	0
116	6918759	161	-nan
116	6918759	162	-nan
116	6918759	163	0
116	6918759	164	-nan
116	6918759	165	0
116	6918759	166	0
116	6918759	167	-nan
116	6918759	168	-nan
116	6918759	169	0
116	6918759	170	-nan
116	6918759	171	0
116	6918759	172	-nan
116	6918759	173	0
116	6918759	174	-nan
116	6918759	175	0
116	6918759	176	-nan
116	6918759	177	0
116	6918759	178	-nan
116	6918759	179	-nan
116	6918759	180	-nan
116	6918759	181	0
116	6918759	182	-nan
116	6918759	183	0
116	6918759	184	-nan
116	6918759	185	0
116	6918759	186	-nan
116	6918759	187	-nan
116	6918759	188	-nan
116	6918759	189	-nan
116	6918759	190	-nan
116	6918759	191	0
116	6918759	192	-nan
116	6918759	193	-nan
116	6918759	194	0
116	6918759	195	-nan
116	6918759	196	-nan
116	6918759	197	-nan
116	6918759	198	0
116	6918759	199	-nan
116	6918759	200	-nan
116	6918759	201	0
116	6918759	202	-nan
116	6918759	203	0
116	6918759	204	-nan
116	6918759	205	-nan
116	6918759	206	0
116	6918759	207	0
116	6918759	208	-nan
116	6918759	209	-nan
116	6918759	210	-nan
116	6918759	211	0
116	6918759	212	0
116	6918759	213	-nan
116	6918759	214	-nan
116	6918759	215	-nan
116	6918759	216	-nan
116	6918759	217	-nan
116	6918759	218	0
116	6918759	219	-nan
116	6918759	220	0
116	6918759	221	-nan
116	6918759	222	-nan
116	6918759	223	-nan
116	6918759	224	0
116	6918759	225	0
116	6918759	226	0
116	6918759	227	-nan
116	6918759	228	-nan
116	6918759	229	0
116	6918759	230	0
116	6918759	231	0
116	6918759	232	0
116	6918759	233	-nan
116	6918759	234	-nan
116	6918759	235	-nan
116	6918759	236	0
116	6918759	237	0
116	6918759	238	-nan
116	6918759	239	0
116	6918759	240	-nan
116	6918759	241	-nan
116	6918759	242	0
116	6918759	243	-nan
116	6918759	244	0
116	6918759	245	0
116	6918759	246	0
116	6918759	247	0
116	6918759	248	-nan
116	6918759	249	-nan
116	6918759	250	-nan
116	6918759	251	0
116	6918759	252	0
116	6918759	253	0
116	6918759	254	-nan
116	6918759	255	0
116	6918759	256	0
116	6918759	257	0
116	6918759	258	0
116	6918759	259	-nan
116	6918759	260	-nan
116	6918759	261	0
116	6918759	262	0
116	6918759	263	-nan
116	6918759	264	-nan
116	6918759	265	-nan
116	6918759	266	0
116	6918759	267	0
116	6918759	268	-nan
116	6918759	269	0
116	6918759	270	0
116	6918759	271	0
116	6918759	272	0
116	6918759	273	0
116	6918759	274	-nan
116	6918759	275	-nan
116	6918759	276	-nan
116	6918759	277	0
116	6918759	278	-nan
116	6918759	279	0
116	6918759	280	-nan
116	6918759	281	0
116	6918759	282	0
116	6918759	283	-nan
116	6918759	284	-nan
116	6918759	285	-nan
116	6918759	286	0
116	6918759	287	-nan
116	6918759	288	-nan
116	6918759	289	0
116	6918759	290	0
116	6918759	291	0
116	6918759	292	0
116	6918759	293	-nan
116	6918759	294	0
116	6918759	295	-nan
116	6918759	296	-nan
116	6918759	297	-nan
116	6918759	298	-nan
116	6918759	299	0
116	6918759	300	0
116	6918759	301	0
116	6918759	302	-nan
116	6918759	303	0
116	6918759	304	-nan
116	6918759	305	-nan
116	6918759	306	0
116	6918759	307	0
116	6918759	308	0
116	6918759	309	0
116	6918759	310	0
116	6918759	311	0
116	6918759	312	-nan
116	6918759	313	-nan
116	6918759	314	0
116	6918759	315	0
116	6918759	316	0
116	6918759	317	0
116	6918759	318	0
116	6918759	319	0
116	6918759	320	0
116	6918759	321	0
116	6918759	322	0
116	6918759	323	0
116	6918759	324	-nan
116	6918759	325	-nan
116	6918759	326	-nan
116	6918759	327	-nan
116	6918759	328	0
116	6918759	329	0
116	6918759	330	0
116	6918759	331	-nan
116	6918759	332	0
116	6918759	333	0
116	6918759	334	0
116	6918759	335	0
116	6918759	336	0
116	6918759	337	0
116	6918759	338	0
116	6918759	339	-nan
116	6918759	340	-nan
116	6918759	341	-nan
116	6918759	342	-nan
116	6918759	343	0
116	6918759	344	0
116	6918759	345	-nan
116	6918759	346	0
116	6918759	347	-nan
116	6918759	348	-nan
116	6918759	349	0
116	6918759	350	-nan
116	6918759	351	0
116	6918759	352	-nan
116	6918759	353	0
116	6918759	354	-nan
116	6918759	355	-nan
116	6918759	356	-nan
116	6918759	357	-nan
116	6918759	358	0
116	6918759	359	0
116	6918759	360	0
116	6918759	361	-nan
116	6918759	362	0
116	6918759	363	-nan
116	6918759	364	0
116	6918759	365	-nan
116	6918759	366	-nan
116	6918759	367	-nan
116	6918759	368	-nan
116	6918759	369	0
116	6918759	370	0
116	6918759	371	0
116	6918759	372	-nan
116	6918759	373	0
116	6918759	374	-nan
116	6918759	375	-nan
116	6918759	376	0
116	6918759	377	0
116	6918759	378	0
116	6918759	379	-nan
116	6918759	380	0
116	6918759	381	0
116	6918759	382	-nan
116	6918759	383	0
116	6918759	384	-nan
116	6918759	385	0
116	6918759	386	0
116	6918759	387	-nan
116	6918759	388	-nan
116	6918759	389	0
116	6918759	390	0
116	6918759	391	-nan
116	6918759	392	0
116	6918759	393	0
116	6918759	394	0
116	6918759	395	0
116	6918759	396	0
116	6918759	397	0
116	6918759	398	-nan
116	6918759	399	-nan
116	6918759	400	0
116	6918759	401	-nan
116	6918759	402	0
116	6918759	403	-nan
116	6918759	404	-nan
116	6918759	405	0
116	6918759	406	0
116	6918759	407	0
116	6918759	408	0
116	6918759	409	0
116	6918759	410	-nan
116	6918759	411	0
116	6918759	412	0
116	6918759	413	0
116	6918759	414	-nan
116	6918759	415	-nan
116	6918759	416	0
116	6918759	417	0
116	6918759	418	-nan
116	6918759	419	0
116	6918759	420	0
116	6918759	421	0
116	6918759	422	-nan
116	6918759	423	-nan
116	6918759	424	-nan
116	6918759	425	0
116	6918759	426	-nan
116	6918759	427	-nan
116	6918759	428	-nan
116	6918759	429	-nan
116	6918759	430	-nan
116	6918759	431	-nan
116	6918759	432	0
116	6918759	433	0
116	6918759	434	0
116	6918759	435	-nan
116	6918759	436	-nan
116	6918759	437	0
116	6918759	438	0
116	6918759	439	0
116	6918759	440	-nan
116	6918759	441	0
116	6918759	442	-nan
116	6918759	443	0
116	6918759	444	-nan
116	6918759	445	0
116	6918759	446	0
116	6918759	447	0
116	6918759	448	-nan
116	6918759	449	0
116	6918759	450	-nan
116	6918759	451	-nan
116	6918759	452	0
116	6918759	453	-nan
116	6918759	454	0
116	6918759	455	-nan
116	6918759	456	-nan
116	6918759	457	0
116	6918759	458	-nan
116	6918759	459	-nan
116	6918759	460	-nan
116	6918759	461	-nan
116	6918759	462	-nan
116	6918759	463	-nan
116	6918759	464	-nan
116	6918759	465	-nan
116	6918759	466	-nan
116	6918759	467	0
116	6918759	468	-nan
116	6918759	469	0
116	6918759	470	0
116	6918759	471	-nan
116	6918759	472	0
116	6918759	473	0
116	6918759	474	0
116	6918759	475	-nan
116	6918759	476	-nan
116	6918759	477	0
116	6918759	478	0
116	6918759	479	0
116	6918759	480	0
116	6918759	481	-nan
116	6918759	482	0
116	6918759	483	-nan
116	6918759	484	0
116	6918759	485	-nan
116	6918759	486	-nan
116	6918759	487	-nan
116	6918759	488	-nan
116	6918759	489	0
116	6918759	490	0
116	6918759	491	0
116	6918759	492	0
116	6918759	493	0
116	6918759	494	-nan
116	6918759	495	0
116	6918759	496	-nan
116	6918759	497	0
116	6918759	498	-nan
116	6918759	499	0
116	6918759	500	-nan
116	6918759	501	0
116	6918759	502	0
116	6918759	503	-nan
116	6918759	504	-nan
116	6918759	505	-nan
116	6918759	506	0
116	6918759	507	0
116	6918759	508	0
116	6918759	509	-nan
116	6918759	510	-nan
116	6918759	511	0
116	6918759	512	-nan
116	6918759	513	-nan
116	6918759	514	0
116	6918759	515	-nan
116	6918759	516	-nan
116	6918759	517	-nan
116	6918759	518	0
116	6918759	519	-nan
116	6918759	520	0
116	6918759	521	-nan
116	6918759	522	0
116	6918759	523	-nan
116	6918759	524	0
116	6918759	525	0
116	6918759	526	-nan
116	6918759	527	-nan
116	6918759	528	0
116	6918759	529	-nan
116	6918759	530	0
116	6918759	531	-nan
116	6918759	532	0
116	6918759	533	-nan
116	6918759	534	-nan
116	6918759	535	-nan
116	6918759	536	-nan
116	6918759	537	0
116	6918759	538	0
116	6918759	539	-nan
116	6918759	540	0
116	6918759	541	-nan
116	6918759	542	0
116	6918759	543	0
116	6918759	544	-nan
116	6918759	545	0
116	6918759	546	-nan
116	6918759	547	-nan
116	6918759	548	-nan
116	6918759	549	-nan
116	6918759	550	-nan
116	6918759	551	0
116	6918759	552	0
116	6918759	553	-nan
116	6918759	554	-nan
116	6918759	555	-nan
116	6918759	556	-nan
116	6918759	557	0
116	6918759	558	0
116	6918759	559	-nan
116	6918759	560	-nan
116	6918759	561	0
116	6918759	562	-nan
116	6918759	563	0
116	6918759	564	0
116	6918759	565	0
116	6918759	566	0
116	6918759	567	0
116	6918759	568	0
116	6918759	569	0
116	6918759	570	0
116	6918759	571	0
116	6918759	572	0
116	6918759	573	0
116	6918759	574	-nan
116	6918759	575	-nan
116	6918759	576	0
116	6918759	577	0
116	6918759	578	0
116	6918759	579	0
116	6918759	580	-nan
116	6918759	581	-nan
116	6918759	582	0
116	6918759	583	-nan
116	6918759	584	-nan
116	6918759	585	0
116	6918759	586	-nan
116	6918759	587	0
116	6918759	588	-nan
116	6918759	589	0
116	6918759	590	-nan
116	6918759	591	-nan
116	6918759	592	0
116	6918759	593	-nan
116	6918759	594	-nan
116	6918759	595	-nan
116	6918759	596	-nan
116	6918759	597	-nan
116	6918759	598	0
116	6918759	599	-nan
116	6918759	600	0
116	6918759	601	-nan
116	6918759	602	-nan
116	6918759	603	0
116	6918759	604	0
116	6918759	605	0
116	6918759	606	0
116	6918759	607	-nan
116	6918759	608	-nan
116	6918759	609	0
116	6918759	610	-nan
116	6918759	611	0
116	6918759	612	0
116	6918759	613	0
116	6918759	614	0
116	6918759	615	-nan
116	6918759	616	-nan
116	6918759	617	0
116	6918759	618	-nan
116	6918759	619	-nan
116	6918759	620	0
116	6918759	621	0
116	6918759	622	0
116	6918759	623	-nan
116	6918759	624	-nan
116	6918759	625	-nan
116	6918759	626	0
116	6918759	627	0
116	6918759	628	-nan
116	6918759	629	0
116	6918759	630	-nan
116	6918759	631	-nan
116	6918759	632	-nan
116	6918759	633	0
116	6918759	634	0
116	6918759	635	-nan
116	6918759	636	0
116	6918759	637	-nan
116	6918759	638	0
116	6918759	639	-nan
116	6918759	640	-nan
116	6918759	641	0
116	6918759	642	-nan
116	6918759	643	-nan
116	6918759	644	-nan
116	6918759	645	-nan
116	6918759	646	-nan
116	6918759	647	0
116	6918759	648	0
116	6918759	649	0
116	6918759	650	0
116	6918759	651	0
116	6918759	652	0
116	6918759	653	0
116	6918759	654	0
116	6918759	655	-nan
116	6918759	656	-nan
116	6918759	657	-nan
116	6918759	658	-nan
116	6918759	659	0
116	6918759	660	0
116	6918759	661	0
116	6918759	662	0
116	6918759	663	-nan
116	6918759	664	0
116	6918759	665	-nan
116	6918759	666	-nan
116	6918759	667	0
116	6918759	668	0
116	6918759	669	0
116	6918759	670	-nan
116	6918759	671	0
116	6918759	672	0
116	6918759	673	0
116	6918759	674	-nan
116	6918759	675	0
116	6918759	676	0
116	6918759	677	0
116	6918759	678	0
116	6918759	679	0
116	6918759	680	-nan
116	6918759	681	-nan
116	6918759	682	0
116	6918759	683	-nan
116	6918759	684	-nan
116	6918759	685	-nan
116	6918759	686	0
116	6918759	687	-nan
116	6918759	688	0
116	6918759	689	-nan
116	6918759	690	0
116	6918759	691	-nan
116	6918759	692	0
116	6918759	693	0
116	6918759	694	-nan
116	6918759	695	0
116	6918759	696	-nan
116	6918759	697	-nan
116	6918759	698	-nan
116	6918759	699	0
116	6918759	700	-nan
116	6918759	701	0
116	6918759	702	-nan
116	6918759	703	0
116	6918759	704	0
116	6918759	705	-nan
116	6918759	706	0
116	6918759	707	0
116	6918759	708	-nan
116	6918759	709	0
116	6918759	710	0
116	6918759	711	0
116	6918759	712	0
116	6918759	713	0
116	6918759	714	-nan
116	6918759	715	-nan
116	6918759	716	0
116	6918759	717	0
116	6918759	718	0
116	6918759	719	0
116	6918759	720	-nan
116	6918759	721	0
116	6918759	722	-nan
116	6918759	723	-nan
116	6918759	724	0
116	6918759	725	-nan
116	6918759	726	0
116	6918759	727	-nan
116	6918759	728	0
116	6918759	729	0
116	6918759	730	-nan
116	6918759	731	0
116	6918759	732	0
116	6918759	733	-nan
116	6918759	734	0
116	6918759	735	-nan
116	6918759	736	-nan
116	6918759	737	-nan
116	6918759	738	-nan
116	6918759	739	0
116	6918759	740	-nan
116	6918759	741	-nan
116	6918759	742	0
116	6918759	743	-nan
116	6918759	744	-nan
116	6918759	745	-nan
116	6918759	746	0
116	6918759	747	-nan
116	6918759	748	0
116	6918759	749	-nan
116	6918759	750	-nan
vector 117  simple_scenario_cache_at_border_network.node[3].content_store  hit_node[3]  ETV
117	6918759	1	-nan
117	6918759	2	-nan
117	6918759	3	-nan
117	6918759	4	-nan
117	6918759	5	-nan
117	6918759	6	-nan
117	6918759	7	-nan
117	6918759	8	-nan
117	6918759	9	-nan
117	6918759	10	-nan
117	6918759	11	-nan
117	6918759	12	-nan
117	6918759	13	-nan
117	6918759	14	-nan
117	6918759	15	-nan
117	6918759	16	-nan
117	6918759	17	-nan
117	6918759	18	-nan
117	6918759	19	-nan
117	6918759	20	-nan
117	6918759	21	-nan
117	6918759	22	-nan
117	6918759	23	-nan
117	6918759	24	-nan
117	6918759	25	-nan
117	6918759	26	-nan
117	6918759	27	-nan
117	6918759	28	-nan
117	6918759	29	-nan
117	6918759	30	-nan
117	6918759	31	-nan
117	6918759	32	-nan
117	6918759	33	-nan
117	6918759	34	-nan
117	6918759	35	-nan
117	6918759	36	-nan
117	6918759	37	-nan
117	6918759	38	-nan
117	6918759	39	-nan
117	6918759	40	-nan
117	6918759	41	-nan
117	6918759	42	-nan
117	6918759	43	-nan
117	6918759	44	-nan
117	6918759	45	-nan
117	6918759	46	-nan
117	6918759	47	-nan
117	6918759	48	-nan
117	6918759	49	-nan
117	6918759	50	-nan
117	6918759	51	-nan
117	6918759	52	-nan
117	6918759	53	-nan
117	6918759	54	-nan
117	6918759	55	-nan
117	6918759	56	-nan
117	6918759	57	-nan
117	6918759	58	-nan
117	6918759	59	-nan
117	6918759	60	-nan
117	6918759	61	-nan
117	6918759	62	-nan
117	6918759	63	-nan
117	6918759	64	-nan
117	6918759	65	-nan
117	6918759	66	-nan
117	6918759	67	-nan
117	6918759	68	-nan
117	6918759	69	-nan
117	6918759	70	-nan
117	6918759	71	-nan
117	6918759	72	-nan
117	6918759	73	-nan
117	6918759	74	-nan
117	6918759	75	-nan
117	6918759	76	-nan
117	6918759	77	-nan
117	6918759	78	-nan
117	6918759	79	-nan
117	6918759	80	-nan
117	6918759	81	-nan
117	6918759	82	-nan
117	6918759	83	-nan
117	6918759	84	-nan
117	6918759	85	-nan
117	6918759	86	-nan
117	6918759	87	-nan
117	6918759	88	-nan
117	6918759	89	-nan
117	6918759	90	-nan
117	6918759	91	-nan
117	6918759	92	-nan
117	6918759	93	-nan
117	6918759	94	-nan
117	6918759	95	-nan
117	6918759	96	-nan
117	6918759	97	-nan
117	6918759	98	-nan
117	6918759	99	-nan
117	6918759	100	-nan
117	6918759	101	-nan
117	6918759	102	-nan
117	6918759	103	-nan
117	6918759	104	-nan
117	6918759	105	-nan
117	6918759	106	-nan
117	6918759	107	-nan
117	6918759	108	-nan
117	6918759	109	-nan
117	6918759	110	-nan
117	6918759	111	-nan
117	6918759	112	-nan
117	6918759	113	-nan
117	6918759	114	-nan
117	6918759	115	-nan
117	6918759	116	-nan
117	6918759	117	-nan
117	6918759	118	-nan
117	6918759	119	-nan
117	6918759	120	-nan
117	6918759	121	-nan
117	6918759	122	-nan
117	6918759	123	-nan
117	6918759	124	-nan
117	6918759	125	-nan
117	6918759	126	-nan
117	6918759	127	-nan
117	6918759	128	-nan
117	6918759	129	-nan
117	6918759	130	-nan
117	6918759	131	-nan
117	6918759	132	-nan
117	6918759	133	-nan
117	6918759	134	-nan
117	6918759	135	-nan
117	6918759	136	-nan
117	6918759	137	-nan
117	6918759	138	-nan
117	6918759	139	-nan
117	6918759	140	-nan
117	6918759	141	-nan
117	6918759	142	-nan
117	6918759	143	-nan
117	6918759	144	-nan
117	6918759	145	-nan
117	6918759	146	-nan
117	6918759	147	-nan
117	6918759	148	-nan
117	6918759	149	-nan
117	6918759	150	-nan
117	6918759	151	-nan
117	6918759	152	-nan
117	6918759	153	-nan
117	6918759	154	-nan
117	6918759	155	-nan
117	6918759	156	-nan
117	6918759	157	-nan
117	6918759	158	-nan
117	6918759	159	-nan
117	6918759	160	-nan
117	6918759	161	-nan
117	6918759	162	-nan
117	6918759	163	-nan
117	6918759	164	-nan
117	6918759	165	-nan
117	6918759	166	-nan
117	6918759	167	-nan
117	6918759	168	-nan
117	6918759	169	-nan
117	6918759	170	-nan
117	6918759	171	-nan
117	6918759	172	-nan
117	6918759	173	-nan
117	6918759	174	-nan
117	6918759	175	-nan
117	6918759	176	-nan
117	6918759	177	-nan
117	6918759	178	-nan
117	6918759	179	-nan
117	6918759	180	-nan
117	6918759	181	-nan
117	6918759	182	-nan
117	6918759	183	-nan
117	6918759	184	-nan
117	6918759	185	-nan
117	6918759	186	-nan
117	6918759	187	-nan
117	6918759	188	-nan
117	6918759	189	-nan
117	6918759	190	-nan
117	6918759	191	-nan
117	6918759	192	-nan
117	6918759	193	-nan
117	6918759	194	-nan
117	6918759	195	-nan
117	6918759	196	-nan
117	6918759	197	-nan
117	6918759	198	-nan
117	6918759	199	-nan
117	6918759	200	-nan
117	6918759	201	-nan
117	6918759	202	-nan
117	6918759	203	-nan
117	6918759	204	-nan
117	6918759	205	-nan
117	6918759	206	-nan
117	6918759	207	-nan
117	6918759	208	-nan
117	6918759	209	-nan
117	6918759	210	-nan
117	6918759	211	-nan
117	6918759	212	-nan
117	6918759	213	-nan
117	6918759	214	-nan
117	6918759	215	-nan
117	6918759	216	-nan
117	6918759	217	-nan
117	6918759	218	-nan
117	6918759	219	-nan
117	6918759	220	-nan
117	6918759	221	-nan
117	6918759	222	-nan
117	6918759	223	-nan
117	6918759	224	-nan
117	6918759	225	-nan
117	6918759	226	-nan
117	6918759	227	-nan
117	6918759	228	-nan
117	6918759	229	-nan
117	6918759	230	-nan
117	6918759	231	-nan
117	6918759	232	-nan
117	6918759	233	-nan
117	6918759	234	-nan
117	6918759	235	-nan
117	6918759	236	-nan
117	6918759	237	-nan
117	6918759	238	-nan
117	6918759	239	-nan
117	6918759	240	-nan
117	6918759	241	-nan
117	6918759	242	-nan
117	6918759	243	-nan
117	6918759	244	-nan
117	6918759	245	-nan
117	6918759	246	-nan
117	6918759	247	-nan
117	6918759	248	-nan
117	6918759	249	-nan
117	6918759	250	-nan
117	6918759	251	-nan
117	6918759	252	-nan
117	6918759	253	-nan
117	6918759	254	-nan
117	6918759	255	-nan
117	6918759	256	-nan
117	6918759	257	-nan
117	6918759	258	-nan
117	6918759	259	-nan
117	6918759	260	-nan
117	6918759	261	-nan
117	6918759	262	-nan
117	6918759	263	-nan
117	6918759	264	-nan
117	6918759	265	-nan
117	6918759	266	-nan
117	6918759	267	-nan
117	6918759	268	-nan
117	6918759	269	-nan
117	6918759	270	-nan
117	6918759	271	-nan
117	6918759	272	-nan
117	6918759	273	-nan
117	6918759	274	-nan
117	6918759	275	-nan
117	6918759	276	-nan
117	6918759	277	-nan
117	6918759	278	-nan
117	6918759	279	-nan
117	6918759	280	-nan
117	6918759	281	-nan
117	6918759	282	-nan
117	6918759	283	-nan
117	6918759	284	-nan
117	6918759	285	-nan
117	6918759	286	-nan
117	6918759	287	-nan
117	6918759	288	-nan
117	6918759	289	-nan
117	6918759	290	-nan
117	6918759	291	-nan
117	6918759	292	-nan
117	6918759	293	-nan
117	6918759	294	-nan
117	6918759	295	-nan
117	6918759	296	-nan
117	6918759	297	-nan
117	6918759	298	-nan
117	6918759	299	-nan
117	6918759	300	-nan
117	6918759	301	-nan
117	6918759	302	-nan
117	6918759	303	-nan
117	6918759	304	-nan
117	6918759	305	-nan
117	6918759	306	-nan
117	6918759	307	-nan
117	6918759	308	-nan
117	6918759	309	-nan
117	6918759	310	-nan
117	6918759	311	-nan
117	6918759	312	-nan
117	6918759	313	-nan
117	6918759	314	-nan
117	6918759	315	-nan
117	6918759	316	-nan
117	6918759	317	-nan
117	6918759	318	-nan
117	6918759	319	-nan
117	6918759	320	-nan
117	6918759	321	-nan
117	6918759	322	-nan
117	6918759	323	-nan
117	6918759	324	-nan
117	6918759	325	-nan
117	6918759	326	-nan
117	6918759	327	-nan
117	6918759	328	-nan
117	6918759	329	-nan
117	6918759	330	-nan
117	6918759	331	-nan
117	6918759	332	-nan
117	6918759	333	-nan
117	6918759	334	-nan
117	6918759	335	-nan
117	6918759	336	-nan
117	6918759	337	-nan
117	6918759	338	-nan
117	6918759	339	-nan
117	6918759	340	-nan
117	6918759	341	-nan
117	6918759	342	-nan
117	6918759	343	-nan
117	6918759	344	-nan
117	6918759	345	-nan
117	6918759	346	-nan
117	6918759	347	-nan
117	6918759	348	-nan
117	6918759	349	-nan
117	6918759	350	-nan
117	6918759	351	-nan
117	6918759	352	-nan
117	6918759	353	-nan
117	6918759	354	-nan
117	6918759	355	-nan
117	6918759	356	-nan
117	6918759	357	-nan
117	6918759	358	-nan
117	6918759	359	-nan
117	6918759	360	-nan
117	6918759	361	-nan
117	6918759	362	-nan
117	6918759	363	-nan
117	6918759	364	-nan
117	6918759	365	-nan
117	6918759	366	-nan
117	6918759	367	-nan
117	6918759	368	-nan
117	6918759	369	-nan
117	6918759	370	-nan
117	6918759	371	-nan
117	6918759	372	-nan
117	6918759	373	-nan
117	6918759	374	-nan
117	6918759	375	-nan
117	6918759	376	-nan
117	6918759	377	-nan
117	6918759	378	-nan
117	6918759	379	-nan
117	6918759	380	-nan
117	6918759	381	-nan
117	6918759	382	-nan
117	6918759	383	-nan
117	6918759	384	-nan
117	6918759	385	-nan
117	6918759	386	-nan
117	6918759	387	-nan
117	6918759	388	-nan
117	6918759	389	-nan
117	6918759	390	-nan
117	6918759	391	-nan
117	6918759	392	-nan
117	6918759	393	-nan
117	6918759	394	-nan
117	6918759	395	-nan
117	6918759	396	-nan
117	6918759	397	-nan
117	6918759	398	-nan
117	6918759	399	-nan
117	6918759	400	-nan
117	6918759	401	-nan
117	6918759	402	-nan
117	6918759	403	-nan
117	6918759	404	-nan
117	6918759	405	-nan
117	6918759	406	-nan
117	6918759	407	-nan
117	6918759	408	-nan
117	6918759	409	-nan
117	6918759	410	-nan
117	6918759	411	-nan
117	6918759	412	-nan
117	6918759	413	-nan
117	6918759	414	-nan
117	6918759	415	-nan
117	6918759	416	-nan
117	6918759	417	-nan
117	6918759	418	-nan
117	6918759	419	-nan
117	6918759	420	-nan
117	6918759	421	-nan
117	6918759	422	-nan
117	6918759	423	-nan
117	6918759	424	-nan
117	6918759	425	-nan
117	6918759	426	-nan
117	6918759	427	-nan
117	6918759	428	-nan
117	6918759	429	-nan
117	6918759	430	-nan
117	6918759	431	-nan
117	6918759	432	-nan
117	6918759	433	-nan
117	6918759	434	-nan
117	6918759	435	-nan
117	6918759	436	-nan
117	6918759	437	-nan
117	6918759	438	-nan
117	6918759	439	-nan
117	6918759	440	-nan
117	6918759	441	-nan
117	6918759	442	-nan
117	6918759	443	-nan
117	6918759	444	-nan
117	6918759	445	-nan
117	6918759	446	-nan
117	6918759	447	-nan
117	6918759	448	-nan
117	6918759	449	-nan
117	6918759	450	-nan
117	6918759	451	-nan
117	6918759	452	-nan
117	6918759	453	-nan
117	6918759	454	-nan
117	6918759	455	-nan
117	6918759	456	-nan
117	6918759	457	-nan
117	6918759	458	-nan
117	6918759	459	-nan
117	6918759	460	-nan
117	6918759	461	-nan
117	6918759	462	-nan
117	6918759	463	-nan
117	6918759	464	-nan
117	6918759	465	-nan
117	6918759	466	-nan
117	6918759	467	-nan
117	6918759	468	-nan
117	6918759	469	-nan
117	6918759	470	-nan
117	6918759	471	-nan
117	6918759	472	-nan
117	6918759	473	-nan
117	6918759	474	-nan
117	6918759	475	-nan
117	6918759	476	-nan
117	6918759	477	-nan
117	6918759	478	-nan
117	6918759	479	-nan
117	6918759	480	-nan
117	6918759	481	-nan
117	6918759	482	-nan
117	6918759	483	-nan
117	6918759	484	-nan
117	6918759	485	-nan
117	6918759	486	-nan
117	6918759	487	-nan
117	6918759	488	-nan
117	6918759	489	-nan
117	6918759	490	-nan
117	6918759	491	-nan
117	6918759	492	-nan
117	6918759	493	-nan
117	6918759	494	-nan
117	6918759	495	-nan
117	6918759	496	-nan
117	6918759	497	-nan
117	6918759	498	-nan
117	6918759	499	-nan
117	6918759	500	-nan
117	6918759	501	-nan
117	6918759	502	-nan
117	6918759	503	-nan
117	6918759	504	-nan
117	6918759	505	-nan
117	6918759	506	-nan
117	6918759	507	-nan
117	6918759	508	-nan
117	6918759	509	-nan
117	6918759	510	-nan
117	6918759	511	-nan
117	6918759	512	-nan
117	6918759	513	-nan
117	6918759	514	-nan
117	6918759	515	-nan
117	6918759	516	-nan
117	6918759	517	-nan
117	6918759	518	-nan
117	6918759	519	-nan
117	6918759	520	-nan
117	6918759	521	-nan
117	6918759	522	-nan
117	6918759	523	-nan
117	6918759	524	-nan
117	6918759	525	-nan
117	6918759	526	-nan
117	6918759	527	-nan
117	6918759	528	-nan
117	6918759	529	-nan
117	6918759	530	-nan
117	6918759	531	-nan
117	6918759	532	-nan
117	6918759	533	-nan
117	6918759	534	-nan
117	6918759	535	-nan
117	6918759	536	-nan
117	6918759	537	-nan
117	6918759	538	-nan
117	6918759	539	-nan
117	6918759	540	-nan
117	6918759	541	-nan
117	6918759	542	-nan
117	6918759	543	-nan
117	6918759	544	-nan
117	6918759	545	-nan
117	6918759	546	-nan
117	6918759	547	-nan
117	6918759	548	-nan
117	6918759	549	-nan
117	6918759	550	-nan
117	6918759	551	-nan
117	6918759	552	-nan
117	6918759	553	-nan
117	6918759	554	-nan
117	6918759	555	-nan
117	6918759	556	-nan
117	6918759	557	-nan
117	6918759	558	-nan
117	6918759	559	-nan
117	6918759	560	-nan
117	6918759	561	-nan
117	6918759	562	-nan
117	6918759	563	-nan
117	6918759	564	-nan
117	6918759	565	-nan
117	6918759	566	-nan
117	6918759	567	-nan
117	6918759	568	-nan
117	6918759	569	-nan
117	6918759	570	-nan
117	6918759	571	-nan
117	6918759	572	-nan
117	6918759	573	-nan
117	6918759	574	-nan
117	6918759	575	-nan
117	6918759	576	-nan
117	6918759	577	-nan
117	6918759	578	-nan
117	6918759	579	-nan
117	6918759	580	-nan
117	6918759	581	-nan
117	6918759	582	-nan
117	6918759	583	-nan
117	6918759	584	-nan
117	6918759	585	-nan
117	6918759	586	-nan
117	6918759	587	-nan
117	6918759	588	-nan
117	6918759	589	-nan
117	6918759	590	-nan
117	6918759	591	-nan
117	6918759	592	-nan
117	6918759	593	-nan
117	6918759	594	-nan
117	6918759	595	-nan
117	6918759	596	-nan
117	6918759	597	-nan
117	6918759	598	-nan
117	6918759	599	-nan
117	6918759	600	-nan
117	6918759	601	-nan
117	6918759	602	-nan
117	6918759	603	-nan
117	6918759	604	-nan
117	6918759	605	-nan
117	6918759	606	-nan
117	6918759	607	-nan
117	6918759	608	-nan
117	6918759	609	-nan
117	6918759	610	-nan
117	6918759	611	-nan
117	6918759	612	-nan
117	6918759	613	-nan
117	6918759	614	-nan
117	6918759	615	-nan
117	6918759	616	-nan
117	6918759	617	-nan
117	6918759	618	-nan
117	6918759	619	-nan
117	6918759	620	-nan
117	6918759	621	-nan
117	6918759	622	-nan
117	6918759	623	-nan
117	6918759	624	-nan
117	6918759	625	-nan
117	6918759	626	-nan
117	6918759	627	-nan
117	6918759	628	-nan
117	6918759	629	-nan
117	6918759	630	-nan
117	6918759	631	-nan
117	6918759	632	-nan
117	6918759	633	-nan
117	6918759	634	-nan
117	6918759	635	-nan
117	6918759	636	-nan
117	6918759	637	-nan
117	6918759	638	-nan
117	6918759	639	-nan
117	6918759	640	-nan
117	6918759	641	-nan
117	6918759	642	-nan
117	6918759	643	-nan
117	6918759	644	-nan
117	6918759	645	-nan
117	6918759	646	-nan
117	6918759	647	-nan
117	6918759	648	-nan
117	6918759	649	-nan
117	6918759	650	-nan
117	6918759	651	-nan
117	6918759	652	-nan
117	6918759	653	-nan
117	6918759	654	-nan
117	6918759	655	-nan
117	6918759	656	-nan
117	6918759	657	-nan
117	6918759	658	-nan
117	6918759	659	-nan
117	6918759	660	-nan
117	6918759	661	-nan
117	6918759	662	-nan
117	6918759	663	-nan
117	6918759	664	-nan
117	6918759	665	-nan
117	6918759	666	-nan
117	6918759	667	-nan
117	6918759	668	-nan
117	6918759	669	-nan
117	6918759	670	-nan
117	6918759	671	-nan
117	6918759	672	-nan
117	6918759	673	-nan
117	6918759	674	-nan
117	6918759	675	-nan
117	6918759	676	-nan
117	6918759	677	-nan
117	6918759	678	-nan
117	6918759	679	-nan
117	6918759	680	-nan
117	6918759	681	-nan
117	6918759	682	-nan
117	6918759	683	-nan
117	6918759	684	-nan
117	6918759	685	-nan
117	6918759	686	-nan
117	6918759	687	-nan
117	6918759	688	-nan
117	6918759	689	-nan
117	6918759	690	-nan
117	6918759	691	-nan
117	6918759	692	-nan
117	6918759	693	-nan
117	6918759	694	-nan
117	6918759	695	-nan
117	6918759	696	-nan
117	6918759	697	-nan
117	6918759	698	-nan
117	6918759	699	-nan
117	6918759	700	-nan
117	6918759	701	-nan
117	6918759	702	-nan
117	6918759	703	-nan
117	6918759	704	-nan
117	6918759	705	-nan
117	6918759	706	-nan
117	6918759	707	-nan
117	6918759	708	-nan
117	6918759	709	-nan
117	6918759	710	-nan
117	6918759	711	-nan
117	6918759	712	-nan
117	6918759	713	-nan
117	6918759	714	-nan
117	6918759	715	-nan
117	6918759	716	-nan
117	6918759	717	-nan
117	6918759	718	-nan
117	6918759	719	-nan
117	6918759	720	-nan
117	6918759	721	-nan
117	6918759	722	-nan
117	6918759	723	-nan
117	6918759	724	-nan
117	6918759	725	-nan
117	6918759	726	-nan
117	6918759	727	-nan
117	6918759	728	-nan
117	6918759	729	-nan
117	6918759	730	-nan
117	6918759	731	-nan
117	6918759	732	-nan
117	6918759	733	-nan
117	6918759	734	-nan
117	6918759	735	-nan
117	6918759	736	-nan
117	6918759	737	-nan
117	6918759	738	-nan
117	6918759	739	-nan
117	6918759	740	-nan
117	6918759	741	-nan
117	6918759	742	-nan
117	6918759	743	-nan
117	6918759	744	-nan
117	6918759	745	-nan
117	6918759	746	-nan
117	6918759	747	-nan
117	6918759	748	-nan
117	6918759	749	-nan
117	6918759	750	-nan
vector 118  simple_scenario_cache_at_border_network.node[4].content_store  hit_node[4]  ETV
118	6918759	1	-nan
118	6918759	2	0
118	6918759	3	0
118	6918759	4	-nan
118	6918759	5	0
118	6918759	6	0
118	6918759	7	0
118	6918759	8	0
118	6918759	9	0
118	6918759	10	0
118	6918759	11	0
118	6918759	12	-nan
118	6918759	13	-nan
118	6918759	14	0
118	6918759	15	-nan
118	6918759	16	-nan
118	6918759	17	-nan
118	6918759	18	-nan
118	6918759	19	-nan
118	6918759	20	0
118	6918759	21	-nan
118	6918759	22	0
118	6918759	23	0
118	6918759	24	-nan
118	6918759	25	-nan
118	6918759	26	0
118	6918759	27	0
118	6918759	28	0
118	6918759	29	0
118	6918759	30	-nan
118	6918759	31	0
118	6918759	32	-nan
118	6918759	33	0
118	6918759	34	-nan
118	6918759	35	0
118	6918759	36	0
118	6918759	37	-nan
118	6918759	38	0
118	6918759	39	0
118	6918759	40	-nan
118	6918759	41	-nan
118	6918759	42	0
118	6918759	43	-nan
118	6918759	44	0
118	6918759	45	0
118	6918759	46	0
118	6918759	47	0
118	6918759	48	0
118	6918759	49	-nan
118	6918759	50	0
118	6918759	51	-nan
118	6918759	52	0
118	6918759	53	0
118	6918759	54	0
118	6918759	55	0
118	6918759	56	-nan
118	6918759	57	0
118	6918759	58	-nan
118	6918759	59	-nan
118	6918759	60	0
118	6918759	61	0
118	6918759	62	-nan
118	6918759	63	0
118	6918759	64	-nan
118	6918759	65	0
118	6918759	66	-nan
118	6918759	67	-nan
118	6918759	68	-nan
118	6918759	69	-nan
118	6918759	70	-nan
118	6918759	71	0
118	6918759	72	0
118	6918759	73	-nan
118	6918759	74	-nan
118	6918759	75	-nan
118	6918759	76	0
118	6918759	77	0
118	6918759	78	-nan
118	6918759	79	0
118	6918759	80	-nan
118	6918759	81	-nan
118	6918759	82	0
118	6918759	83	-nan
118	6918759	84	0
118	6918759	85	0
118	6918759	86	0
118	6918759	87	0
118	6918759	88	0
118	6918759	89	0
118	6918759	90	-nan
118	6918759	91	0
118	6918759	92	0
118	6918759	93	-nan
118	6918759	94	-nan
118	6918759	95	0
118	6918759	96	-nan
118	6918759	97	-nan
118	6918759	98	0
118	6918759	99	0
118	6918759	100	-nan
118	6918759	101	0
118	6918759	102	-nan
118	6918759	103	-nan
118	6918759	104	0
118	6918759	105	-nan
118	6918759	106	-nan
118	6918759	107	-nan
118	6918759	108	0
118	6918759	109	0
118	6918759	110	-nan
118	6918759	111	0
118	6918759	112	-nan
118	6918759	113	-nan
118	6918759	114	-nan
118	6918759	115	-nan
118	6918759	116	-nan
118	6918759	117	0
118	6918759	118	-nan
118	6918759	119	0
118	6918759	120	-nan
118	6918759	121	0
118	6918759	122	0
118	6918759	123	0
118	6918759	124	0
118	6918759	125	0
118	6918759	126	-nan
118	6918759	127	0
118	6918759	128	0
118	6918759	129	0
118	6918759	130	0
118	6918759	131	-nan
118	6918759	132	0
118	6918759	133	0
118	6918759	134	-nan
118	6918759	135	-nan
118	6918759	136	0
118	6918759	137	-nan
118	6918759	138	-nan
118	6918759	139	-nan
118	6918759	140	-nan
118	6918759	141	0
118	6918759	142	0
118	6918759	143	-nan
118	6918759	144	-nan
118	6918759	145	0
118	6918759	146	-nan
118	6918759	147	0
118	6918759	148	0
118	6918759	149	0
118	6918759	150	0
118	6918759	151	-nan
118	6918759	152	-nan
118	6918759	153	-nan
118	6918759	154	0
118	6918759	155	-nan
118	6918759	156	0
118	6918759	157	0
118	6918759	158	0
118	6918759	159	-nan
118	6918759	160	0
118	6918759	161	-nan
118	6918759	162	-nan
118	6918759	163	0
118	6918759	164	-nan
118	6918759	165	0
118	6918759	166	0
118	6918759	167	-nan
118	6918759	168	-nan
118	6918759	169	0
118	6918759	170	-nan
118	6918759	171	0
118	6918759	172	-nan
118	6918759	173	0
118	6918759	174	-nan
118	6918759	175	0
118	6918759	176	-nan
118	6918759	177	0
118	6918759	178	-nan
118	6918759	179	-nan
118	6918759	180	-nan
118	6918759	181	0
118	6918759	182	-nan
118	6918759	183	0
118	6918759	184	-nan
118	6918759	185	0
118	6918759	186	-nan
118	6918759	187	-nan
118	6918759	188	-nan
118	6918759	189	-nan
118	6918759	190	-nan
118	6918759	191	0
118	6918759	192	-nan
118	6918759	193	-nan
118	6918759	194	0
118	6918759	195	-nan
118	6918759	196	-nan
118	6918759	197	-nan
118	6918759	198	0
118	6918759	199	-nan
118	6918759	200	-nan
118	6918759	201	0
118	6918759	202	-nan
118	6918759	203	0
118	6918759	204	-nan
118	6918759	205	-nan
118	6918759	206	0
118	6918759	207	0
118	6918759	208	-nan
118	6918759	209	-nan
118	6918759	210	-nan
118	6918759	211	0
118	6918759	212	0
118	6918759	213	-nan
118	6918759	214	-nan
118	6918759	215	-nan
118	6918759	216	-nan
118	6918759	217	-nan
118	6918759	218	0
118	6918759	219	-nan
118	6918759	220	0
118	6918759	221	-nan
118	6918759	222	-nan
118	6918759	223	-nan
118	6918759	224	0
118	6918759	225	0
118	6918759	226	0
118	6918759	227	-nan
118	6918759	228	-nan
118	6918759	229	0
118	6918759	230	0
118	6918759	231	0
118	6918759	232	0
118	6918759	233	-nan
118	6918759	234	-nan
118	6918759	235	-nan
118	6918759	236	0
118	6918759	237	0
118	6918759	238	-nan
118	6918759	239	0
118	6918759	240	-nan
118	6918759	241	-nan
118	6918759	242	0
118	6918759	243	-nan
118	6918759	244	0
118	6918759	245	0
118	6918759	246	0
118	6918759	247	0
118	6918759	248	-nan
118	6918759	249	-nan
118	6918759	250	-nan
118	6918759	251	0
118	6918759	252	0
118	6918759	253	0
118	6918759	254	-nan
118	6918759	255	0
118	6918759	256	0
118	6918759	257	0
118	6918759	258	0
118	6918759	259	-nan
118	6918759	260	-nan
118	6918759	261	0
118	6918759	262	0
118	6918759	263	-nan
118	6918759	264	-nan
118	6918759	265	-nan
118	6918759	266	0
118	6918759	267	0
118	6918759	268	-nan
118	6918759	269	0
118	6918759	270	0
118	6918759	271	0
118	6918759	272	0
118	6918759	273	0
118	6918759	274	-nan
118	6918759	275	-nan
118	6918759	276	-nan
118	6918759	277	0
118	6918759	278	-nan
118	6918759	279	0
118	6918759	280	-nan
118	6918759	281	0
118	6918759	282	0
118	6918759	283	-nan
118	6918759	284	-nan
118	6918759	285	-nan
118	6918759	286	0
118	6918759	287	-nan
118	6918759	288	-nan
118	6918759	289	0
118	6918759	290	0
118	6918759	291	0
118	6918759	292	0
118	6918759	293	-nan
118	6918759	294	0
118	6918759	295	-nan
118	6918759	296	-nan
118	6918759	297	-nan
118	6918759	298	-nan
118	6918759	299	0
118	6918759	300	0
118	6918759	301	0
118	6918759	302	-nan
118	6918759	303	0
118	6918759	304	-nan
118	6918759	305	-nan
118	6918759	306	0
118	6918759	307	0
118	6918759	308	0
118	6918759	309	0
118	6918759	310	0
118	6918759	311	0
118	6918759	312	-nan
118	6918759	313	-nan
118	6918759	314	0
118	6918759	315	0
118	6918759	316	0
118	6918759	317	0
118	6918759	318	0
118	6918759	319	0
118	6918759	320	0
118	6918759	321	0
118	6918759	322	0
118	6918759	323	0
118	6918759	324	-nan
118	6918759	325	-nan
118	6918759	326	-nan
118	6918759	327	-nan
118	6918759	328	0
118	6918759	329	0
118	6918759	330	0
118	6918759	331	-nan
118	6918759	332	0
118	6918759	333	0
118	6918759	334	0
118	6918759	335	0
118	6918759	336	0
118	6918759	337	0
118	6918759	338	0
118	6918759	339	-nan
118	6918759	340	-nan
118	6918759	341	-nan
118	6918759	342	-nan
118	6918759	343	0
118	6918759	344	0
118	6918759	345	-nan
118	6918759	346	0
118	6918759	347	-nan
118	6918759	348	-nan
118	6918759	349	0
118	6918759	350	-nan
118	6918759	351	0
118	6918759	352	-nan
118	6918759	353	0
118	6918759	354	-nan
118	6918759	355	-nan
118	6918759	356	-nan
118	6918759	357	-nan
118	6918759	358	0
118	6918759	359	0
118	6918759	360	0
118	6918759	361	-nan
118	6918759	362	0
118	6918759	363	-nan
118	6918759	364	0
118	6918759	365	-nan
118	6918759	366	-nan
118	6918759	367	-nan
118	6918759	368	-nan
118	6918759	369	0
118	6918759	370	0
118	6918759	371	0
118	6918759	372	-nan
118	6918759	373	0
118	6918759	374	-nan
118	6918759	375	-nan
118	6918759	376	0
118	6918759	377	0
118	6918759	378	0
118	6918759	379	-nan
118	6918759	380	0
118	6918759	381	0
118	6918759	382	-nan
118	6918759	383	0
118	6918759	384	-nan
118	6918759	385	0
118	6918759	386	0
118	6918759	387	-nan
118	6918759	388	-nan
118	6918759	389	0
118	6918759	390	0
118	6918759	391	-nan
118	6918759	392	0
118	6918759	393	0
118	6918759	394	0
118	6918759	395	0
118	6918759	396	0
118	6918759	397	0
118	6918759	398	-nan
118	6918759	399	-nan
118	6918759	400	0
118	6918759	401	-nan
118	6918759	402	0
118	6918759	403	-nan
118	6918759	404	-nan
118	6918759	405	0
118	6918759	406	0
118	6918759	407	0
118	6918759	408	0
118	6918759	409	0
118	6918759	410	-nan
118	6918759	411	0
118	6918759	412	0
118	6918759	413	0
118	6918759	414	-nan
118	6918759	415	-nan
118	6918759	416	0
118	6918759	417	0
118	6918759	418	-nan
118	6918759	419	0
118	6918759	420	0
118	6918759	421	0
118	6918759	422	-nan
118	6918759	423	-nan
118	6918759	424	-nan
118	6918759	425	0
118	6918759	426	-nan
118	6918759	427	-nan
118	6918759	428	-nan
118	6918759	429	-nan
118	6918759	430	-nan
118	6918759	431	-nan
118	6918759	432	0
118	6918759	433	0
118	6918759	434	0
118	6918759	435	-nan
118	6918759	436	-nan
118	6918759	437	0
118	6918759	438	0
118	6918759	439	0
118	6918759	440	-nan
118	6918759	441	0
118	6918759	442	-nan
118	6918759	443	0
118	6918759	444	-nan
118	6918759	445	0
118	6918759	446	0
118	6918759	447	0
118	6918759	448	-nan
118	6918759	449	0
118	6918759	450	-nan
118	6918759	451	-nan
118	6918759	452	0
118	6918759	453	-nan
118	6918759	454	0
118	6918759	455	-nan
118	6918759	456	-nan
118	6918759	457	0
118	6918759	458	-nan
118	6918759	459	-nan
118	6918759	460	-nan
118	6918759	461	-nan
118	6918759	462	-nan
118	6918759	463	-nan
118	6918759	464	-nan
118	6918759	465	-nan
118	6918759	466	-nan
118	6918759	467	0
118	6918759	468	-nan
118	6918759	469	0
118	6918759	470	0
118	6918759	471	-nan
118	6918759	472	0
118	6918759	473	0
118	6918759	474	0
118	6918759	475	-nan
118	6918759	476	-nan
118	6918759	477	0
118	6918759	478	0
118	6918759	479	0
118	6918759	480	0
118	6918759	481	-nan
118	6918759	482	0
118	6918759	483	-nan
118	6918759	484	0
118	6918759	485	-nan
118	6918759	486	-nan
118	6918759	487	-nan
118	6918759	488	-nan
118	6918759	489	0
118	6918759	490	0
118	6918759	491	0
118	6918759	492	0
118	6918759	493	0
118	6918759	494	-nan
118	6918759	495	0
118	6918759	496	-nan
118	6918759	497	0
118	6918759	498	-nan
118	6918759	499	0
118	6918759	500	-nan
118	6918759	501	0
118	6918759	502	0
118	6918759	503	-nan
118	6918759	504	-nan
118	6918759	505	-nan
118	6918759	506	0
118	6918759	507	0
118	6918759	508	0
118	6918759	509	-nan
118	6918759	510	-nan
118	6918759	511	0
118	6918759	512	-nan
118	6918759	513	-nan
118	6918759	514	0
118	6918759	515	-nan
118	6918759	516	-nan
118	6918759	517	-nan
118	6918759	518	0
118	6918759	519	-nan
118	6918759	520	0
118	6918759	521	-nan
118	6918759	522	0
118	6918759	523	-nan
118	6918759	524	0
118	6918759	525	0
118	6918759	526	-nan
118	6918759	527	-nan
118	6918759	528	0
118	6918759	529	-nan
118	6918759	530	0
118	6918759	531	-nan
118	6918759	532	0
118	6918759	533	-nan
118	6918759	534	-nan
118	6918759	535	-nan
118	6918759	536	-nan
118	6918759	537	0
118	6918759	538	0
118	6918759	539	-nan
118	6918759	540	0
118	6918759	541	-nan
118	6918759	542	0
118	6918759	543	0
118	6918759	544	-nan
118	6918759	545	0
118	6918759	546	-nan
118	6918759	547	-nan
118	6918759	548	-nan
118	6918759	549	-nan
118	6918759	550	-nan
118	6918759	551	0
118	6918759	552	0
118	6918759	553	-nan
118	6918759	554	-nan
118	6918759	555	-nan
118	6918759	556	-nan
118	6918759	557	0
118	6918759	558	0
118	6918759	559	-nan
118	6918759	560	-nan
118	6918759	561	0
118	6918759	562	-nan
118	6918759	563	0
118	6918759	564	0
118	6918759	565	0
118	6918759	566	0
118	6918759	567	0
118	6918759	568	0
118	6918759	569	0
118	6918759	570	0
118	6918759	571	0
118	6918759	572	0
118	6918759	573	0
118	6918759	574	-nan
118	6918759	575	-nan
118	6918759	576	0
118	6918759	577	0
118	6918759	578	0
118	6918759	579	0
118	6918759	580	-nan
118	6918759	581	-nan
118	6918759	582	0
118	6918759	583	-nan
118	6918759	584	-nan
118	6918759	585	0
118	6918759	586	-nan
118	6918759	587	0
118	6918759	588	-nan
118	6918759	589	0
118	6918759	590	-nan
118	6918759	591	-nan
118	6918759	592	0
118	6918759	593	-nan
118	6918759	594	-nan
118	6918759	595	-nan
118	6918759	596	-nan
118	6918759	597	-nan
118	6918759	598	0
118	6918759	599	-nan
118	6918759	600	0
118	6918759	601	-nan
118	6918759	602	-nan
118	6918759	603	0
118	6918759	604	0
118	6918759	605	0
118	6918759	606	0
118	6918759	607	-nan
118	6918759	608	-nan
118	6918759	609	0
118	6918759	610	-nan
118	6918759	611	0
118	6918759	612	0
118	6918759	613	0
118	6918759	614	0
118	6918759	615	-nan
118	6918759	616	-nan
118	6918759	617	0
118	6918759	618	-nan
118	6918759	619	-nan
118	6918759	620	0
118	6918759	621	0
118	6918759	622	0
118	6918759	623	-nan
118	6918759	624	-nan
118	6918759	625	-nan
118	6918759	626	0
118	6918759	627	0
118	6918759	628	-nan
118	6918759	629	0
118	6918759	630	-nan
118	6918759	631	-nan
118	6918759	632	-nan
118	6918759	633	0
118	6918759	634	0
118	6918759	635	-nan
118	6918759	636	0
118	6918759	637	-nan
118	6918759	638	0
118	6918759	639	-nan
118	6918759	640	-nan
118	6918759	641	0
118	6918759	642	-nan
118	6918759	643	-nan
118	6918759	644	-nan
118	6918759	645	-nan
118	6918759	646	-nan
118	6918759	647	0
118	6918759	648	0
118	6918759	649	0
118	6918759	650	0
118	6918759	651	0
118	6918759	652	0
118	6918759	653	0
118	6918759	654	0
118	6918759	655	-nan
118	6918759	656	-nan
118	6918759	657	-nan
118	6918759	658	-nan
118	6918759	659	0
118	6918759	660	0
118	6918759	661	0
118	6918759	662	0
118	6918759	663	-nan
118	6918759	664	0
118	6918759	665	-nan
118	6918759	666	-nan
118	6918759	667	0
118	6918759	668	0
118	6918759	669	0
118	6918759	670	-nan
118	6918759	671	0
118	6918759	672	0
118	6918759	673	0
118	6918759	674	-nan
118	6918759	675	0
118	6918759	676	0
118	6918759	677	0
118	6918759	678	0
118	6918759	679	0
118	6918759	680	-nan
118	6918759	681	-nan
118	6918759	682	0
118	6918759	683	-nan
118	6918759	684	-nan
118	6918759	685	-nan
118	6918759	686	0
118	6918759	687	-nan
118	6918759	688	0
118	6918759	689	-nan
118	6918759	690	0
118	6918759	691	-nan
118	6918759	692	0
118	6918759	693	0
118	6918759	694	-nan
118	6918759	695	0
118	6918759	696	-nan
118	6918759	697	-nan
118	6918759	698	-nan
118	6918759	699	0
118	6918759	700	-nan
118	6918759	701	0
118	6918759	702	-nan
118	6918759	703	0
118	6918759	704	0
118	6918759	705	-nan
118	6918759	706	0
118	6918759	707	0
118	6918759	708	-nan
118	6918759	709	0
118	6918759	710	0
118	6918759	711	0
118	6918759	712	0
118	6918759	713	0
118	6918759	714	-nan
118	6918759	715	-nan
118	6918759	716	0
118	6918759	717	0
118	6918759	718	0
118	6918759	719	0
118	6918759	720	-nan
118	6918759	721	0
118	6918759	722	-nan
118	6918759	723	-nan
118	6918759	724	0
118	6918759	725	-nan
118	6918759	726	0
118	6918759	727	-nan
118	6918759	728	0
118	6918759	729	0
118	6918759	730	-nan
118	6918759	731	0
118	6918759	732	0
118	6918759	733	-nan
118	6918759	734	0
118	6918759	735	-nan
118	6918759	736	-nan
118	6918759	737	-nan
118	6918759	738	-nan
118	6918759	739	0
118	6918759	740	-nan
118	6918759	741	-nan
118	6918759	742	0
118	6918759	743	-nan
118	6918759	744	-nan
118	6918759	745	-nan
118	6918759	746	0
118	6918759	747	-nan
118	6918759	748	0
118	6918759	749	-nan
118	6918759	750	-nan
vector 119  simple_scenario_cache_at_border_network.client[0]  hdistance[0]  ETV
119	6918759	1	2.1895940086957
119	6918759	2	2.1898281800829
119	6918759	3	2.1898683725073
119	6918759	4	2.189280939181
119	6918759	5	2.1900188793335
119	6918759	6	2.1901007380222
119	6918759	7	2.1901512081152
119	6918759	8	2.1901519644054
119	6918759	9	2.1902560044712
119	6918759	10	2.1903211299412
119	6918759	11	2.1903051909672
119	6918759	12	2.1884984758531
119	6918759	13	2.1884763466934
119	6918759	14	2.1906650077346
119	6918759	15	2.1882002423022
119	6918759	16	2.1881209439083
119	6918759	17	2.1880385048252
119	6918759	18	2.1879196008612
119	6918759	19	2.1878903324482
119	6918759	20	2.1910211291399
119	6918759	21	2.1877856893607
119	6918759	22	2.191268205759
119	6918759	23	2.1909743597691
119	6918759	24	2.1873559842803
119	6918759	25	2.1873137779129
119	6918759	26	2.1914113098297
119	6918759	27	2.1912052057041
119	6918759	28	2.1913675797586
119	6918759	29	2.1914713541014
119	6918759	30	2.1867022573817
119	6918759	31	2.1918014280914
119	6918759	32	2.186901451978
119	6918759	33	2.191908795928
119	6918759	34	2.1865394435361
119	6918759	35	2.1924270710995
119	6918759	36	2.191912760987
119	6918759	37	2.186339383898
119	6918759	38	2.1922100347222
119	6918759	39	2.1920423301596
119	6918759	40	2.1858425901161
119	6918759	41	2.185745404213
119	6918759	42	2.1923898648536
119	6918759	43	2.1856184213793
119	6918759	44	2.1924970190219
119	6918759	45	2.1927533109631
119	6918759	46	2.1930376208928
119	6918759	47	2.1929144122965
119	6918759	48	2.1926805859755
119	6918759	49	2.1847271544797
119	6918759	50	2.1933139709084
119	6918759	51	2.1851473764326
119	6918759	52	2.1928346251808
119	6918759	53	2.1931078321404
119	6918759	54	2.1933584875624
119	6918759	55	2.193365795053
119	6918759	56	2.184359322693
119	6918759	57	2.1933516048708
119	6918759	58	2.1838925185519
119	6918759	59	2.1845883437532
119	6918759	60	2.1936803658763
119	6918759	61	2.1936850139195
119	6918759	62	2.1835681241382
119	6918759	63	2.1939308068295
119	6918759	64	2.1834591067752
119	6918759	65	2.1944836659309
119	6918759	66	2.1841353111428
119	6918759	67	2.1824084799635
119	6918759	68	2.1827893267891
119	6918759	69	2.182707303726
119	6918759	70	2.1827919512009
119	6918759	71	2.1947072604393
119	6918759	72	2.1946339794787
119	6918759	73	2.1825780934531
119	6918759	74	2.1826570446066
119	6918759	75	2.1818066237202
119	6918759	76	2.1941967240647
119	6918759	77	2.1950719206798
119	6918759	78	2.1814206339969
119	6918759	79	2.1946403241605
119	6918759	80	2.1824834509222
119	6918759	81	2.1814653297859
119	6918759	82	2.1955383216257
119	6918759	83	2.1827214444968
119	6918759	84	2.1952579117592
119	6918759	85	2.1950725153352
119	6918759	86	2.1955754753732
119	6918759	87	2.195309871268
119	6918759	88	2.1957109816663
119	6918759	89	2.1957575810908
119	6918759	90	2.1806243697574
119	6918759	91	2.1960399643528
119	6918759	92	2.1956736248159
119	6918759	93	2.1800511082718
119	6918759	94	2.18209557575
119	6918759	95	2.1966656217953
119	6918759	96	2.1795067354696
119	6918759	97	2.1800035103494
119	6918759	98	2.1954667293394
119	6918759	99	2.1961128873163
119	6918759	100	2.1796944684921
119	6918759	101	2.1960064297114
119	6918759	102	2.1791577534758
119	6918759	103	2.181651776965
119	6918759	104	2.1958076933788
119	6918759	105	2.177547768472
119	6918759	106	2.1800753113864
119	6918759	107	2.1788958146792
119	6918759	108	2.196748069537
119	6918759	109	2.1966246926622
119	6918759	110	2.1789945421627
119	6918759	111	2.1956603916606
119	6918759	112	2.179628746672
119	6918759	113	2.1791589865809
119	6918759	114	2.1772897449038
119	6918759	115	2.1810270615434
119	6918759	116	2.1772861273248
119	6918759	117	2.1974219646389
119	6918759	118	2.1779133738406
119	6918759	119	2.1985595869253
119	6918759	120	2.1785344709325
119	6918759	121	2.1971929885458
119	6918759	122	2.1969821816735
119	6918759	123	2.1979683328564
119	6918759	124	2.1962375919381
119	6918759	125	2.196048285497
119	6918759	126	2.1774081153991
119	6918759	127	2.1972301018461
119	6918759	128	2.198608328259
119	6918759	129	2.1985272025338
119	6918759	130	2.1978269939226
119	6918759	131	2.1760187682131
119	6918759	132	2.198390577937
119	6918759	133	2.1973782768381
119	6918759	134	2.1771051945786
119	6918759	135	2.1778891715788
119	6918759	136	2.2001070214426
119	6918759	137	2.1765098381895
119	6918759	138	2.1792180800142
119	6918759	139	2.1721501002176
119	6918759	140	2.1772367017612
119	6918759	141	2.1995673979067
119	6918759	142	2.1987481980067
119	6918759	143	2.17635807406
119	6918759	144	2.1776322599928
119	6918759	145	2.2013937751012
119	6918759	146	2.1745869156103
119	6918759	147	2.2002410816917
119	6918759	148	2.2006958140157
119	6918759	149	2.1994614920235
119	6918759	150	2.2004706472157
119	6918759	151	2.1740437017356
119	6918759	152	2.1754246106961
119	6918759	153	2.1724595037751
119	6918759	154	2.1992563357203
119	6918759	155	2.1739486072315
119	6918759	156	2.2018132052929
119	6918759	157	2.19998894728
119	6918759	158	2.1995730153808
119	6918759	159	2.174626035525
119	6918759	160	2.2003369622685
119	6918759	161	2.1741595107042
119	6918759	162	2.1738625432142
119	6918759	163	2.1989560402104
119	6918759	164	2.1752593527388
119	6918759	165	2.1996911730637
119	6918759	166	2.2015258581798
119	6918759	167	2.1726487849378
119	6918759	168	2.1743417925747
119	6918759	169	2.2005126724272
119	6918759	170	2.1723953661187
119	6918759	171	2.2004717947743
119	6918759	172	2.1735794052469
119	6918759	173	2.1999513410465
119	6918759	174	2.1719550101762
119	6918759	175	2.2013789717636
119	6918759	176	2.170869822922
119	6918759	177	2.2014406450363
119	6918759	178	2.172750983334
119	6918759	179	2.1693972398596
119	6918759	180	2.1713478804954
119	6918759	181	2.199311850025
119	6918759	182	2.1729161765985
119	6918759	183	2.1997160607895
119	6918759	184	2.1639015746607
119	6918759	185	2.2009577715288
119	6918759	186	2.1654136771453
119	6918759	187	2.1733831448699
119	6918759	188	2.1737523753704
119	6918759	189	2.1694731999481
119	6918759	190	2.1704256202413
119	6918759	191	2.2017936396101
119	6918759	192	2.1740000192941
119	6918759	193	2.1699823643084
119	6918759	194	2.2069189567429
119	6918759	195	2.1707785834046
119	6918759	196	2.1688836465411
119	6918759	197	2.1723956366968
119	6918759	198	2.2027771049945
119	6918759	199	2.1698504697631
119	6918759	200	2.1706758903223
119	6918759	201	2.2025819198693
119	6918759	202	2.1733902080859
119	6918759	203	2.2022811376244
119	6918759	204	2.1662181925976
119	6918759	205	2.1686522478255
119	6918759	206	2.2021659471619
119	6918759	207	2.2050894716507
119	6918759	208	2.1666720975431
119	6918759	209	2.1726658623508
119	6918759	210	2.1695263820021
119	6918759	211	2.2029465763207
119	6918759	212	2.2019181684163
119	6918759	213	2.1715116078394
119	6918759	214	2.1708897213181
119	6918759	215	2.1698325816127
119	6918759	216	2.1680494964754
119	6918759	217	2.1707433681409
119	6918759	218	2.2055633434029
119	6918759	219	2.1692415767626
119	6918759	220	2.2024187833168
119	6918759	221	2.165812032419
119	6918759	222	2.1707903075404
119	6918759	223	2.1692611828358
119	6918759	224	2.2029704193574
119	6918759	225	2.2048256694618
119	6918759	226	2.2068712860758
119	6918759	227	2.1729812743919
119	6918759	228	2.164369346325
119	6918759	229	2.2052003495228
119	6918759	230	2.204771882602
119	6918759	231	2.2013779621922
119	6918759	232	2.2103876351291
119	6918759	233	2.1638766870415
119	6918759	234	2.1670129133026
119	6918759	235	2.1700689316858
119	6918759	236	2.204246990844
119	6918759	237	2.2059713521384
119	6918759	238	2.1710090118414
119	6918759	239	2.2034230730995
119	6918759	240	2.1684339120606
119	6918759	241	2.1725030695426
119	6918759	242	2.2028670053423
119	6918759	243	2.1670170592741
119	6918759	244	2.2025400097332
119	6918759	245	2.202686449259
119	6918759	246	2.2054994208118
119	6918759	247	2.201875025935
119	6918759	248	2.1674103416328
119	6918759	249	2.1641655475855
119	6918759	250	2.1614256395179
119	6918759	251	2.2085357490679
119	6918759	252	2.2070283840792
119	6918759	253	2.207552258373
119	6918759	254	2.160396316661
119	6918759	255	2.2039644236292
119	6918759	256	2.2055884356922
119	6918759	257	2.2033365428535
119	6918759	258	2.2054822096593
119	6918759	259	2.1676655597748
119	6918759	260	2.1661501611307
119	6918759	261	2.2114549005556
119	6918759	262	2.2076949286073
119	6918759	263	2.1639521461341
119	6918759	264	2.1644497300969
119	6918759	265	2.1672470273155
119	6918759	266	2.2043913473774
119	6918759	267	2.2057855350676
119	6918759	268	2.1584095292689
119	6918759	269	2.210506754743
119	6918759	270	2.2062340335244
119	6918759	271	2.2063810776974
119	6918759	272	2.2076954430586
119	6918759	273	2.2135906481631
119	6918759	274	2.1638819786325
119	6918759	275	2.1536960025698
119	6918759	276	2.1680838424633
119	6918759	277	2.2053943511643
119	6918759	278	2.1566849613899
119	6918759	279	2.2082069846079
119	6918759	280	2.1609151494332
119	6918759	281	2.2077288736075
119	6918759	282	2.2093347346173
119	6918759	283	2.1585169876545
119	6918759	284	2.1621358864564
119	6918759	285	2.1623687392187
119	6918759	286	2.2071644033096
119	6918759	287	2.1587221488053
119	6918759	288	2.1646714068172
119	6918759	289	2.2132027979528
119	6918759	290	2.2129120317986
119	6918759	291	2.2096302351449
119	6918759	292	2.2083883092285
119	6918759	293	2.1602874219917
119	6918759	294	2.2102766524305
119	6918759	295	2.1637691877542
119	6918759	296	2.1546373274504
119	6918759	297	2.1651047709157
119	6918759	298	2.1614094074327
119	6918759	299	2.2072189700168
119	6918759	300	2.2059901877139
119	6918759	301	2.2070331148381
119	6918759	302	2.1547497066316
119	6918759	303	2.2066806128848
119	6918759	304	2.1620929436988
119	6918759	305	2.1620253334759
119	6918759	306	2.2063729314664
119	6918759	307	2.2129731451334
119	6918759	308	2.2129005032819
119	6918759	309	2.2107807382989
119	6918759	310	2.206947449969
119	6918759	311	2.2095471126056
119	6918759	312	2.1593397101052
119	6918759	313	2.158259833379
119	6918759	314	2.2079769922218
119	6918759	315	2.2086640871196
119	6918759	316	2.2090521424389
119	6918759	317	2.2139181201774
119	6918759	318	2.2105824407339
119	6918759	319	2.2154714607045
119	6918759	320	2.2066752933348
119	6918759	321	2.2117500456484
119	6918759	322	2.2222273976431
119	6918759	323	2.2137316342965
119	6918759	324	2.1411035855295
119	6918759	325	2.1626989018334
119	6918759	326	2.1590853976194
119	6918759	327	2.1612344661708
119	6918759	328	2.2106568574417
119	6918759	329	2.2065402630824
119	6918759	330	2.2038548706965
119	6918759	331	2.160004805033
119	6918759	332	2.2111501649209
119	6918759	333	2.212080686504
119	6918759	334	2.2154794997051
119	6918759	335	2.2093366358194
119	6918759	336	2.207635159576
119	6918759	337	2.2085437295707
119	6918759	338	2.2090295477188
119	6918759	339	2.1538464167906
119	6918759	340	2.1500005682399
119	6918759	341	2.1576532559112
119	6918759	342	2.1540201842291
119	6918759	343	2.208174014689
119	6918759	344	2.2109119058551
119	6918759	345	2.1599919153315
119	6918759	346	2.2145185723151
119	6918759	347	2.1558140989153
119	6918759	348	2.1575298449873
119	6918759	349	2.2110332113628
119	6918759	350	2.1616577347516
119	6918759	351	2.209615949056
119	6918759	352	2.1502439588262
119	6918759	353	2.2197851621743
119	6918759	354	2.161337535637
119	6918759	355	2.1547533945654
119	6918759	356	2.1559690117385
119	6918759	357	2.1600643744447
119	6918759	358	2.2118140085492
119	6918759	359	2.2175081596557
119	6918759	360	2.2097151034902
119	6918759	361	2.160668223397
119	6918759	362	2.2059941095621
119	6918759	363	2.1548211193641
119	6918759	364	2.2169792348208
119	6918759	365	2.1548169898294
119	6918759	366	2.154724049848
119	6918759	367	2.1515290941495
119	6918759	368	2.1528281268971
119	6918759	369	2.2221268992191
119	6918759	370	2.2144530487408
119	6918759	371	2.2107425062192
119	6918759	372	2.154602743815
119	6918759	373	2.2123519569221
119	6918759	374	2.1490113893917
119	6918759	375	2.163698319485
119	6918759	376	2.2167381966138
119	6918759	377	2.2187287429223
119	6918759	378	2.2127279906256
119	6918759	379	2.1558347756624
119	6918759	380	2.2151306472271
119	6918759	381	2.2210355587604
119	6918759	382	2.1595085259553
119	6918759	383	2.2270013428041
119	6918759	384	2.1512188537781
119	6918759	385	2.210409433521
119	6918759	386	2.2165778562571
119	6918759	387	2.1535097052994
119	6918759	388	2.1575767623817
119	6918759	389	2.2302058262788
119	6918759	390	2.2160740001416
119	6918759	391	2.1593823999292
119	6918759	392	2.2126914445123
119	6918759	393	2.209942376724
119	6918759	394	2.216750420631
119	6918759	395	2.2115138260518
119	6918759	396	2.212881536276
119	6918759	397	2.2179002396647
119	6918759	398	2.1443632284369
119	6918759	399	2.1546682892525
119	6918759	400	2.2177356088403
119	6918759	401	2.1577689755103
119	6918759	402	2.2136157206383
119	6918759	403	2.1527965963524
119	6918759	404	2.1547588275087
119	6918759	405	2.210765888275
119	6918759	406	2.2186372373387
119	6918759	407	2.2222952197514
119	6918759	408	2.2168755664361
119	6918759	409	2.219905374858
119	6918759	410	2.1549814363649
119	6918759	411	2.2106659979521
119	6918759	412	2.2133597548331
119	6918759	413	2.2175482416554
119	6918759	414	2.1201176952167
119	6918759	415	2.1500744047619
119	6918759	416	2.221286189113
119	6918759	417	2.2150879562148
119	6918759	418	2.1402349424282
119	6918759	419	2.2137696120963
119	6918759	420	2.2141362404808
119	6918759	421	2.217788325262
119	6918759	422	2.1515522442462
119	6918759	423	2.149898744431
119	6918759	424	2.1609427707543
119	6918759	425	2.2186674435576
119	6918759	426	2.1559877195564
119	6918759	427	2.1494111136471
119	6918759	428	2.1549582729693
119	6918759	429	2.1538473328517
119	6918759	430	2.1487261129753
119	6918759	431	2.148788651192
119	6918759	432	2.2136158212517
119	6918759	433	2.2250231875769
119	6918759	434	2.228450310105
119	6918759	435	2.1535042173938
119	6918759	436	2.1501766824218
119	6918759	437	2.2111694544021
119	6918759	438	2.2191410335004
119	6918759	439	2.2268459931134
119	6918759	440	2.1488556991921
119	6918759	441	2.214402485253
119	6918759	442	2.1515671634895
119	6918759	443	2.2201281824609
119	6918759	444	2.142157362814
119	6918759	445	2.2145848216101
119	6918759	446	2.2196704363737
119	6918759	447	2.2169942897044
119	6918759	448	2.1476001145832
119	6918759	449	2.2228513408156
119	6918759	450	2.1390326520356
119	6918759	451	2.1357201971825
119	6918759	452	2.2152626525048
119	6918759	453	2.141199178219
119	6918759	454	2.2178572197579
119	6918759	455	2.121025251914
119	6918759	456	2.1501615727788
119	6918759	457	2.2195621651316
119	6918759	458	2.1548467438605
119	6918759	459	2.1421351073805
119	6918759	460	2.1237404143957
119	6918759	461	2.1592151362408
119	6918759	462	2.1547001931264
119	6918759	463	2.148713472397
119	6918759	464	2.1429302325581
119	6918759	465	2.140171818236
119	6918759	466	2.14215557851
119	6918759	467	2.2124927562754
119	6918759	468	2.1302361052138
119	6918759	469	2.2143207348663
119	6918759	470	2.2235019139549
119	6918759	471	2.1442897871722
119	6918759	472	2.2270085069009
119	6918759	473	2.2249244619992
119	6918759	474	2.2201696873
119	6918759	475	2.1505484104448
119	6918759	476	2.1381064095758
119	6918759	477	2.2150829843647
119	6918759	478	2.2207706010311
119	6918759	479	2.2197847112365
119	6918759	480	2.2150233337405
119	6918759	481	2.145675026609
119	6918759	482	2.2221494865551
119	6918759	483	2.1360856501034
119	6918759	484	2.2267148330962
119	6918759	485	2.1460373480687
119	6918759	486	2.1382440326221
119	6918759	487	2.1368514163072
119	6918759	488	2.1055857619001
119	6918759	489	2.2128966469591
119	6918759	490	2.2207596172581
119	6918759	491	2.2165952727988
119	6918759	492	2.2154082609548
119	6918759	493	2.2372315980315
119	6918759	494	2.1461993003793
119	6918759	495	2.2144606515686
119	6918759	496	2.1238031830575
119	6918759	497	2.230213481201
119	6918759	498	2.1473780759475
119	6918759	499	2.2224069424928
119	6918759	500	2.1501509290605
119	6918759	501	2.2323103759809
119	6918759	502	2.2375058855183
119	6918759	503	2.1421454607392
119	6918759	504	2.1380332304996
119	6918759	505	2.1354793894266
119	6918759	506	2.2180732864083
119	6918759	507	2.220038770636
119	6918759	508	2.2209520739164
119	6918759	509	2.133161052289
119	6918759	510	2.1474888065634
119	6918759	511	2.2237435859941
119	6918759	512	2.142167317358
119	6918759	513	2.1305035790531
119	6918759	514	2.2349382861217
119	6918759	515	2.140231939407
119	6918759	516	2.1170707962719
119	6918759	517	2.1330680076589
119	6918759	518	2.2347474426387
119	6918759	519	2.1279714475215
119	6918759	520	2.2151610074105
119	6918759	521	2.1378437123953
119	6918759	522	2.2404124375523
119	6918759	523	2.1501589681202
119	6918759	524	2.216788522844
119	6918759	525	2.2282770633028
119	6918759	526	2.1419781248433
119	6918759	527	2.1459714111321
119	6918759	528	2.2165628010849
119	6918759	529	2.1482119065111
119	6918759	530	2.2324598098725
119	6918759	531	2.1302538771081
119	6918759	532	2.2264965779926
119	6918759	533	2.1359688450885
119	6918759	534	2.1429745532706
119	6918759	535	2.1381686391195
119	6918759	536	2.1197481687913
119	6918759	537	2.2208460435885
119	6918759	538	2.2403627063141
119	6918759	539	2.1567826031146
119	6918759	540	2.2349079737164
119	6918759	541	2.1199050173322
119	6918759	542	2.2198262489353
119	6918759	543	2.2266510694812
119	6918759	544	2.1331677108853
119	6918759	545	2.2237590181932
119	6918759	546	2.1508316468054
119	6918759	547	2.1275444551089
119	6918759	548	2.1434079173838
119	6918759	549	2.1560504240627
119	6918759	550	2.1364853120111
119	6918759	551	2.2405088682432
119	6918759	552	2.2222192523879
119	6918759	553	2.1498836082555
119	6918759	554	2.1302658165327
119	6918759	555	2.1331486824328
119	6918759	556	2.1302599020461
119	6918759	557	2.2222104704088
119	6918759	558	2.2194326678152
119	6918759	559	2.1330017341647
119	6918759	560	2.1405296476616
119	6918759	561	2.2352202151462
119	6918759	562	2.1106528411126
119	6918759	563	2.2167961278216
119	6918759	564	2.243799611356
119	6918759	565	2.2302908184462
119	6918759	566	2.2326996961877
119	6918759	567	2.2347465467912
119	6918759	568	2.215853660762
119	6918759	569	2.2265654499563
119	6918759	570	2.2352969571173
119	6918759	571	2.2347405189242
119	6918759	572	2.2449742931147
119	6918759	573	2.2303626241524
119	6918759	574	2.115379521881
119	6918759	575	2.1457297393267
119	6918759	576	2.221107885879
119	6918759	577	2.2249209546807
119	6918759	578	2.2254116827174
119	6918759	579	2.2285597182839
119	6918759	580	2.1402544457995
119	6918759	581	2.1308336199977
119	6918759	582	2.228531266252
119	6918759	583	2.140333251439
119	6918759	584	2.1401616217812
119	6918759	585	2.2438173838999
119	6918759	586	2.1152670035281
119	6918759	587	2.2213009112843
119	6918759	588	2.1423051214993
119	6918759	589	2.2273963890754
119	6918759	590	2.1236759646833
119	6918759	591	2.1239234775286
119	6918759	592	2.2254220367264
119	6918759	593	2.1499618909524
119	6918759	594	2.1271374185361
119	6918759	595	2.1409791646046
119	6918759	596	2.1330252635304
119	6918759	597	2.1243014258259
119	6918759	598	2.2403314721588
119	6918759	599	2.1440720724761
119	6918759	600	2.2168507450972
119	6918759	601	2.1161785386072
119	6918759	602	2.123869428721
119	6918759	603	2.2249793431109
119	6918759	604	2.243906628522
119	6918759	605	2.2246072169242
119	6918759	606	2.2268143267845
119	6918759	607	2.1365165681763
119	6918759	608	2.1439888457692
119	6918759	609	2.2302760331331
119	6918759	610	2.0918642703509
119	6918759	611	2.2267101167599
119	6918759	612	2.2283092735509
119	6918759	613	2.2187339203362
119	6918759	614	2.2178934449445
119	6918759	615	2.1204381469728
119	6918759	616	2.1279827176167
119	6918759	617	2.2221701449701
119	6918759	618	2.1247638620312
119	6918759	619	2.1333334985214
119	6918759	620	2.2345946621989
119	6918759	621	2.2249808478086
119	6918759	622	2.2247775389516
119	6918759	623	2.1489353708098
119	6918759	624	2.1410051297679
119	6918759	625	2.1341723565682
119	6918759	626	2.2150372984498
119	6918759	627	2.2209188924315
119	6918759	628	2.1381638004047
119	6918759	629	2.2405003817039
119	6918759	630	2.1208832665506
119	6918759	631	2.115673641498
119	6918759	632	2.111415136876
119	6918759	633	2.244956382848
119	6918759	634	2.2281326481931
119	6918759	635	2.0825962731836
119	6918759	636	2.213708401959
119	6918759	637	2.1237534910504
119	6918759	638	2.237710648156
119	6918759	639	2.1358013136717
119	6918759	640	2.135536527844
119	6918759	641	2.2268565512201
119	6918759	642	2.09185714433
119	6918759	643	2.1156526197216
119	6918759	644	2.0985174474312
119	6918759	645	2.1303838061053
119	6918759	646	2.1430658399252
119	6918759	647	2.2710761069549
119	6918759	648	2.2440227522585
119	6918759	649	2.2439226330804
119	6918759	650	2.2310548181422
119	6918759	651	2.2251082864479
119	6918759	652	2.2265072079324
119	6918759	653	2.2351449851493
119	6918759	654	2.2374044118485
119	6918759	655	2.1380015044858
119	6918759	656	2.1365047063529
119	6918759	657	2.1379674686535
119	6918759	658	2.0984354518981
119	6918759	659	2.2234646556581
119	6918759	660	2.2322844437778
119	6918759	661	2.2447590192519
119	6918759	662	2.2448180685987
119	6918759	663	2.0981493686512
119	6918759	664	2.2195734608603
119	6918759	665	2.0816016481549
119	6918759	666	2.1440274165375
119	6918759	667	2.2638138883671
119	6918759	668	2.2306715607775
119	6918759	669	2.237508562101
119	6918759	670	2.1197158593696
119	6918759	671	2.240676975052
119	6918759	672	2.2235820949716
119	6918759	673	2.2413603146268
119	6918759	674	2.0817876213125
119	6918759	675	2.2573903805656
119	6918759	676	2.2374637131135
119	6918759	677	2.2523219344255
119	6918759	678	2.2284650746907
119	6918759	679	2.220885945574
119	6918759	680	2.144225415965
119	6918759	681	2.1358129195307
119	6918759	682	2.2375652455663
119	6918759	683	2.1236831981225
119	6918759	684	2.1235906810276
119	6918759	685	2.1155339437475
119	6918759	686	2.2374784187549
119	6918759	687	2.1195682994316
119	6918759	688	2.2303051622054
119	6918759	689	2.1050438287426
119	6918759	690	2.2305345187136
119	6918759	691	2.1105021745376
119	6918759	692	2.2355893201975
119	6918759	693	2.2349394555624
119	6918759	694	2.1441452044339
119	6918759	695	2.2346797375142
119	6918759	696	2.0990322334904
119	6918759	697	2.127081060727
119	6918759	698	2.1236955360435
119	6918759	699	2.2349774412203
119	6918759	700	2.1058364724044
119	6918759	701	2.2284465210596
119	6918759	702	2.1235602326964
119	6918759	703	2.2323796790087
119	6918759	704	2.234862693947
119	6918759	705	2.1302857829285
119	6918759	706	2.2572352973557
119	6918759	707	2.2580599724197
119	6918759	708	2.133036813958
119	6918759	709	2.2373816058891
119	6918759	710	2.2475794161322
119	6918759	711	2.2347386912604
119	6918759	712	2.2440132955032
119	6918759	713	2.2252442979155
119	6918759	714	2.1197058570771
119	6918759	715	2.1048184063071
119	6918759	716	2.2234544969931
119	6918759	717	2.2213151534469
119	6918759	718	2.2285562126085
119	6918759	719	2.2477389147292
119	6918759	720	2.1379266441794
119	6918759	721	2.2376714303589
119	6918759	722	2.091243453986
119	6918759	723	2.0420120643015
119	6918759	724	2.2286036686577
119	6918759	725	2.1107229713937
119	6918759	726	2.2305005853325
119	6918759	727	2.1112715063649
119	6918759	728	2.2403445822378
119	6918759	729	2.2475503188178
119	6918759	730	2.0425651834728
119	6918759	731	2.2477946585152
119	6918759	732	2.23494524605
119	6918759	733	2.1358011959593
119	6918759	734	2.2300910990389
119	6918759	735	2.040914858803
119	6918759	736	2.1356548285671
119	6918759	737	2.1107890666282
119	6918759	738	2.1158446506324
119	6918759	739	2.2581281458305
119	6918759	740	2.1048850646548
119	6918759	741	2.1200635395699
119	6918759	742	2.2519535221185
119	6918759	743	2.099215883918
119	6918759	744	2.0206012409957
119	6918759	745	2.1206989918189
119	6918759	746	2.240699116757
119	6918759	747	2.1116576168134
119	6918759	748	2.237352931153
119	6918759	749	2.1107963082206
119	6918759	750	2.1199473020752
