version 2
run General-0-20140408-17:14:59-22544
attr D lce
attr F spr
attr R lru
attr a 0.8
attr configname General
attr csize 2
attr datetime 20140408-17:14:59
attr experiment General
attr inifile omnetpp.ini
attr iterationvars "$net=simple_scenario, $rep=0, $a=0.8, $F=spr, $ttl=1000, $D=lce, $R=lru, $csize=2"
attr iterationvars2 "$net=simple_scenario, $rep=0, $a=0.8, $F=spr, $ttl=1000, $D=lce, $R=lru, $csize=2, $repetition=0"
attr measurement "$net=simple_scenario, $rep=0, $a=0.8, $F=spr, $ttl=1000, $D=lce, $R=lru, $csize=2"
attr net simple_scenario
attr network networks.${net=simple_scenario}_network
attr processid 22544
attr rep 0
attr repetition 0
attr replication #0
attr resultdir results
attr runnumber 0
attr seedset 0
attr ttl 1000

vector 0  simple_scenario_network.node[0].content_store  hit_node[0]  ETV
0	43862	1	0.4
0	43862	2	0
0	43862	3	0
0	43862	4	-nan
0	43862	5	0
0	43862	6	0
0	43862	7	-nan
0	43862	8	0
0	43862	9	0
0	43862	10	0
0	43862	11	-nan
0	43862	12	-nan
0	43862	13	-nan
0	43862	14	0
0	43862	15	-nan
0	43862	16	-nan
0	43862	17	-nan
0	43862	18	-nan
0	43862	19	-nan
0	43862	20	0
0	43862	21	-nan
0	43862	22	0
0	43862	23	-nan
0	43862	24	-nan
0	43862	25	-nan
0	43862	26	-nan
0	43862	27	0
0	43862	28	-nan
0	43862	29	-nan
0	43862	30	-nan
0	43862	31	-nan
0	43862	32	-nan
0	43862	33	-nan
0	43862	34	0
0	43862	35	-nan
0	43862	36	-nan
0	43862	37	-nan
0	43862	38	-nan
0	43862	39	-nan
0	43862	40	-nan
0	43862	41	0
0	43862	42	-nan
0	43862	43	-nan
0	43862	44	0
0	43862	45	0
0	43862	46	-nan
0	43862	47	-nan
0	43862	48	-nan
0	43862	49	0
0	43862	50	-nan
0	43862	51	-nan
0	43862	52	-nan
0	43862	53	-nan
0	43862	54	-nan
0	43862	55	-nan
0	43862	56	-nan
0	43862	57	-nan
0	43862	58	-nan
0	43862	59	0
0	43862	60	-nan
0	43862	61	-nan
0	43862	62	0
0	43862	63	-nan
0	43862	64	-nan
0	43862	65	-nan
0	43862	66	-nan
0	43862	67	-nan
0	43862	68	-nan
0	43862	69	-nan
0	43862	70	-nan
0	43862	71	-nan
0	43862	72	-nan
0	43862	73	-nan
0	43862	74	-nan
0	43862	75	0
0	43862	76	-nan
0	43862	77	-nan
0	43862	78	-nan
0	43862	79	-nan
0	43862	80	-nan
0	43862	81	-nan
0	43862	82	-nan
0	43862	83	-nan
0	43862	84	-nan
0	43862	85	-nan
0	43862	86	-nan
0	43862	87	-nan
0	43862	88	-nan
0	43862	89	-nan
0	43862	90	-nan
0	43862	91	-nan
0	43862	92	-nan
0	43862	93	-nan
0	43862	94	-nan
0	43862	95	-nan
0	43862	96	-nan
0	43862	97	-nan
0	43862	98	0
0	43862	99	-nan
0	43862	100	0
0	43862	101	-nan
0	43862	102	0
0	43862	103	-nan
0	43862	104	-nan
0	43862	105	-nan
0	43862	106	-nan
0	43862	107	-nan
0	43862	108	-nan
0	43862	109	-nan
0	43862	110	-nan
0	43862	111	-nan
0	43862	112	-nan
0	43862	113	0
0	43862	114	-nan
0	43862	115	-nan
0	43862	116	-nan
0	43862	117	-nan
0	43862	118	-nan
0	43862	119	-nan
0	43862	120	-nan
0	43862	121	-nan
0	43862	122	-nan
0	43862	123	-nan
0	43862	124	-nan
0	43862	125	0
0	43862	126	-nan
0	43862	127	-nan
0	43862	128	-nan
0	43862	129	0
0	43862	130	-nan
0	43862	131	-nan
0	43862	132	-nan
0	43862	133	-nan
0	43862	134	-nan
0	43862	135	-nan
0	43862	136	-nan
0	43862	137	-nan
0	43862	138	-nan
0	43862	139	-nan
0	43862	140	-nan
0	43862	141	-nan
0	43862	142	-nan
0	43862	143	-nan
0	43862	144	-nan
0	43862	145	-nan
0	43862	146	-nan
0	43862	147	-nan
0	43862	148	-nan
0	43862	149	-nan
0	43862	150	0
0	43862	151	0
0	43862	152	-nan
0	43862	153	-nan
0	43862	154	-nan
0	43862	155	-nan
0	43862	156	-nan
0	43862	157	-nan
0	43862	158	-nan
0	43862	159	0
0	43862	160	-nan
0	43862	161	-nan
0	43862	162	-nan
0	43862	163	-nan
0	43862	164	-nan
0	43862	165	-nan
0	43862	166	-nan
0	43862	167	-nan
0	43862	168	-nan
0	43862	169	-nan
0	43862	170	-nan
0	43862	171	-nan
0	43862	172	-nan
0	43862	173	-nan
0	43862	174	-nan
0	43862	175	-nan
0	43862	176	-nan
0	43862	177	-nan
0	43862	178	0
0	43862	179	-nan
0	43862	180	-nan
0	43862	181	-nan
0	43862	182	-nan
0	43862	183	-nan
0	43862	184	-nan
0	43862	185	-nan
0	43862	186	-nan
0	43862	187	-nan
0	43862	188	-nan
0	43862	189	-nan
0	43862	190	-nan
0	43862	191	-nan
0	43862	192	-nan
0	43862	193	-nan
0	43862	194	-nan
0	43862	195	-nan
0	43862	196	-nan
0	43862	197	-nan
0	43862	198	-nan
0	43862	199	-nan
0	43862	200	-nan
0	43862	201	-nan
0	43862	202	-nan
0	43862	203	-nan
0	43862	204	-nan
0	43862	205	-nan
0	43862	206	-nan
0	43862	207	-nan
0	43862	208	-nan
0	43862	209	-nan
0	43862	210	-nan
0	43862	211	-nan
0	43862	212	-nan
0	43862	213	-nan
0	43862	214	-nan
0	43862	215	-nan
0	43862	216	-nan
0	43862	217	-nan
0	43862	218	-nan
0	43862	219	-nan
0	43862	220	-nan
0	43862	221	-nan
0	43862	222	-nan
0	43862	223	-nan
0	43862	224	-nan
0	43862	225	-nan
0	43862	226	-nan
0	43862	227	-nan
0	43862	228	-nan
0	43862	229	-nan
0	43862	230	-nan
0	43862	231	-nan
0	43862	232	-nan
0	43862	233	-nan
0	43862	234	-nan
0	43862	235	-nan
0	43862	236	-nan
0	43862	237	-nan
0	43862	238	0
0	43862	239	-nan
0	43862	240	-nan
0	43862	241	-nan
0	43862	242	-nan
0	43862	243	-nan
0	43862	244	-nan
0	43862	245	-nan
0	43862	246	-nan
0	43862	247	-nan
0	43862	248	-nan
0	43862	249	-nan
0	43862	250	-nan
0	43862	251	-nan
0	43862	252	-nan
0	43862	253	-nan
0	43862	254	-nan
0	43862	255	-nan
0	43862	256	-nan
0	43862	257	-nan
0	43862	258	-nan
0	43862	259	-nan
0	43862	260	-nan
0	43862	261	-nan
0	43862	262	-nan
0	43862	263	-nan
0	43862	264	-nan
0	43862	265	-nan
0	43862	266	-nan
0	43862	267	-nan
0	43862	268	-nan
0	43862	269	-nan
0	43862	270	-nan
0	43862	271	-nan
0	43862	272	-nan
0	43862	273	-nan
0	43862	274	-nan
0	43862	275	-nan
0	43862	276	-nan
0	43862	277	-nan
0	43862	278	-nan
0	43862	279	-nan
0	43862	280	-nan
0	43862	281	0
0	43862	282	-nan
0	43862	283	-nan
0	43862	284	-nan
0	43862	285	-nan
0	43862	286	-nan
0	43862	287	-nan
0	43862	288	-nan
0	43862	289	-nan
0	43862	290	-nan
0	43862	291	-nan
0	43862	292	-nan
0	43862	293	0
0	43862	294	-nan
0	43862	295	-nan
0	43862	296	-nan
0	43862	297	-nan
0	43862	298	-nan
0	43862	299	0
0	43862	300	-nan
0	43862	301	-nan
0	43862	302	-nan
0	43862	303	-nan
0	43862	304	-nan
0	43862	305	-nan
0	43862	306	-nan
0	43862	307	-nan
0	43862	308	-nan
0	43862	309	-nan
0	43862	310	-nan
0	43862	311	-nan
0	43862	312	-nan
0	43862	313	-nan
0	43862	314	-nan
0	43862	315	-nan
0	43862	316	-nan
0	43862	317	-nan
0	43862	318	-nan
0	43862	319	-nan
0	43862	320	-nan
0	43862	321	-nan
0	43862	322	-nan
0	43862	323	-nan
0	43862	324	-nan
0	43862	325	-nan
0	43862	326	-nan
0	43862	327	-nan
0	43862	328	-nan
0	43862	329	-nan
0	43862	330	-nan
0	43862	331	-nan
0	43862	332	-nan
0	43862	333	-nan
0	43862	334	-nan
0	43862	335	-nan
0	43862	336	-nan
0	43862	337	-nan
0	43862	338	-nan
0	43862	339	-nan
0	43862	340	-nan
0	43862	341	-nan
0	43862	342	-nan
0	43862	343	0
0	43862	344	-nan
0	43862	345	-nan
0	43862	346	-nan
0	43862	347	-nan
0	43862	348	-nan
0	43862	349	-nan
0	43862	350	-nan
0	43862	351	-nan
0	43862	352	-nan
0	43862	353	-nan
0	43862	354	0
0	43862	355	-nan
0	43862	356	-nan
0	43862	357	-nan
0	43862	358	-nan
0	43862	359	-nan
0	43862	360	-nan
0	43862	361	-nan
0	43862	362	-nan
0	43862	363	-nan
0	43862	364	-nan
0	43862	365	-nan
0	43862	366	-nan
0	43862	367	-nan
0	43862	368	-nan
0	43862	369	-nan
0	43862	370	-nan
0	43862	371	-nan
0	43862	372	-nan
0	43862	373	-nan
0	43862	374	-nan
0	43862	375	-nan
0	43862	376	-nan
0	43862	377	-nan
0	43862	378	-nan
0	43862	379	-nan
0	43862	380	-nan
0	43862	381	-nan
0	43862	382	-nan
0	43862	383	-nan
0	43862	384	-nan
0	43862	385	-nan
0	43862	386	-nan
0	43862	387	-nan
0	43862	388	-nan
0	43862	389	-nan
0	43862	390	-nan
0	43862	391	-nan
0	43862	392	-nan
0	43862	393	-nan
0	43862	394	-nan
0	43862	395	-nan
0	43862	396	-nan
0	43862	397	-nan
0	43862	398	-nan
0	43862	399	-nan
0	43862	400	-nan
0	43862	401	-nan
0	43862	402	0
0	43862	403	-nan
0	43862	404	-nan
0	43862	405	-nan
0	43862	406	-nan
0	43862	407	-nan
0	43862	408	-nan
0	43862	409	-nan
0	43862	410	-nan
0	43862	411	-nan
0	43862	412	-nan
0	43862	413	-nan
0	43862	414	-nan
0	43862	415	-nan
0	43862	416	-nan
0	43862	417	-nan
0	43862	418	-nan
0	43862	419	-nan
0	43862	420	0
0	43862	421	-nan
0	43862	422	-nan
0	43862	423	-nan
0	43862	424	-nan
0	43862	425	-nan
0	43862	426	-nan
0	43862	427	-nan
0	43862	428	-nan
0	43862	429	-nan
0	43862	430	-nan
0	43862	431	-nan
0	43862	432	-nan
0	43862	433	-nan
0	43862	434	-nan
0	43862	435	-nan
0	43862	436	-nan
0	43862	437	-nan
0	43862	438	-nan
0	43862	439	-nan
0	43862	440	-nan
0	43862	441	-nan
0	43862	442	-nan
0	43862	443	-nan
0	43862	444	-nan
0	43862	445	-nan
0	43862	446	-nan
0	43862	447	-nan
0	43862	448	-nan
0	43862	449	-nan
0	43862	450	-nan
0	43862	451	-nan
0	43862	452	-nan
0	43862	453	-nan
0	43862	454	-nan
0	43862	455	-nan
0	43862	456	-nan
0	43862	457	-nan
0	43862	458	-nan
0	43862	459	-nan
0	43862	460	-nan
0	43862	461	-nan
0	43862	462	-nan
0	43862	463	-nan
0	43862	464	-nan
0	43862	465	0
0	43862	466	-nan
0	43862	467	-nan
0	43862	468	-nan
0	43862	469	-nan
0	43862	470	-nan
0	43862	471	-nan
0	43862	472	-nan
0	43862	473	-nan
0	43862	474	-nan
0	43862	475	-nan
0	43862	476	-nan
0	43862	477	-nan
0	43862	478	-nan
0	43862	479	-nan
0	43862	480	-nan
0	43862	481	-nan
0	43862	482	-nan
0	43862	483	-nan
0	43862	484	-nan
0	43862	485	-nan
0	43862	486	-nan
0	43862	487	-nan
0	43862	488	-nan
0	43862	489	0
0	43862	490	-nan
0	43862	491	-nan
0	43862	492	-nan
0	43862	493	-nan
0	43862	494	-nan
0	43862	495	0
0	43862	496	-nan
0	43862	497	-nan
0	43862	498	-nan
0	43862	499	-nan
0	43862	500	-nan
0	43862	501	-nan
0	43862	502	-nan
0	43862	503	-nan
0	43862	504	-nan
0	43862	505	-nan
0	43862	506	-nan
0	43862	507	-nan
0	43862	508	0
0	43862	509	-nan
0	43862	510	-nan
0	43862	511	-nan
0	43862	512	-nan
0	43862	513	-nan
0	43862	514	-nan
0	43862	515	-nan
0	43862	516	-nan
0	43862	517	-nan
0	43862	518	-nan
0	43862	519	-nan
0	43862	520	-nan
0	43862	521	-nan
0	43862	522	-nan
0	43862	523	-nan
0	43862	524	-nan
0	43862	525	-nan
0	43862	526	-nan
0	43862	527	-nan
0	43862	528	-nan
0	43862	529	-nan
0	43862	530	-nan
0	43862	531	-nan
0	43862	532	-nan
0	43862	533	-nan
0	43862	534	-nan
0	43862	535	-nan
0	43862	536	-nan
0	43862	537	-nan
0	43862	538	-nan
0	43862	539	-nan
0	43862	540	-nan
0	43862	541	-nan
0	43862	542	-nan
0	43862	543	-nan
0	43862	544	-nan
0	43862	545	-nan
0	43862	546	-nan
0	43862	547	-nan
0	43862	548	-nan
0	43862	549	-nan
0	43862	550	-nan
0	43862	551	-nan
0	43862	552	-nan
0	43862	553	-nan
0	43862	554	-nan
0	43862	555	-nan
0	43862	556	-nan
0	43862	557	-nan
0	43862	558	-nan
0	43862	559	-nan
0	43862	560	-nan
0	43862	561	-nan
0	43862	562	-nan
0	43862	563	-nan
0	43862	564	-nan
0	43862	565	-nan
0	43862	566	-nan
0	43862	567	-nan
0	43862	568	-nan
0	43862	569	-nan
0	43862	570	-nan
0	43862	571	-nan
0	43862	572	-nan
0	43862	573	-nan
0	43862	574	-nan
0	43862	575	-nan
0	43862	576	-nan
0	43862	577	-nan
0	43862	578	-nan
0	43862	579	-nan
0	43862	580	-nan
0	43862	581	-nan
0	43862	582	-nan
0	43862	583	-nan
0	43862	584	-nan
0	43862	585	-nan
0	43862	586	-nan
0	43862	587	-nan
0	43862	588	-nan
0	43862	589	-nan
0	43862	590	-nan
0	43862	591	-nan
0	43862	592	0
0	43862	593	-nan
0	43862	594	-nan
0	43862	595	-nan
0	43862	596	-nan
0	43862	597	-nan
0	43862	598	-nan
0	43862	599	-nan
0	43862	600	-nan
0	43862	601	-nan
0	43862	602	-nan
0	43862	603	-nan
0	43862	604	-nan
vector 1  simple_scenario_network.node[1].content_store  hit_node[1]  ETV
1	43862	1	0
1	43862	2	-nan
1	43862	3	-nan
1	43862	4	-nan
1	43862	5	-nan
1	43862	6	-nan
1	43862	7	-nan
1	43862	8	-nan
1	43862	9	-nan
1	43862	10	-nan
1	43862	11	-nan
1	43862	12	-nan
1	43862	13	-nan
1	43862	14	-nan
1	43862	15	-nan
1	43862	16	-nan
1	43862	17	-nan
1	43862	18	-nan
1	43862	19	-nan
1	43862	20	-nan
1	43862	21	-nan
1	43862	22	-nan
1	43862	23	-nan
1	43862	24	-nan
1	43862	25	-nan
1	43862	26	-nan
1	43862	27	-nan
1	43862	28	-nan
1	43862	29	-nan
1	43862	30	-nan
1	43862	31	-nan
1	43862	32	-nan
1	43862	33	-nan
1	43862	34	0
1	43862	35	-nan
1	43862	36	-nan
1	43862	37	-nan
1	43862	38	-nan
1	43862	39	-nan
1	43862	40	-nan
1	43862	41	0
1	43862	42	-nan
1	43862	43	-nan
1	43862	44	-nan
1	43862	45	-nan
1	43862	46	-nan
1	43862	47	-nan
1	43862	48	-nan
1	43862	49	0
1	43862	50	-nan
1	43862	51	-nan
1	43862	52	-nan
1	43862	53	-nan
1	43862	54	-nan
1	43862	55	-nan
1	43862	56	-nan
1	43862	57	-nan
1	43862	58	-nan
1	43862	59	0
1	43862	60	-nan
1	43862	61	-nan
1	43862	62	0
1	43862	63	-nan
1	43862	64	-nan
1	43862	65	-nan
1	43862	66	-nan
1	43862	67	-nan
1	43862	68	-nan
1	43862	69	-nan
1	43862	70	-nan
1	43862	71	-nan
1	43862	72	-nan
1	43862	73	-nan
1	43862	74	-nan
1	43862	75	0
1	43862	76	-nan
1	43862	77	-nan
1	43862	78	-nan
1	43862	79	-nan
1	43862	80	-nan
1	43862	81	-nan
1	43862	82	-nan
1	43862	83	-nan
1	43862	84	-nan
1	43862	85	-nan
1	43862	86	-nan
1	43862	87	-nan
1	43862	88	-nan
1	43862	89	-nan
1	43862	90	-nan
1	43862	91	-nan
1	43862	92	-nan
1	43862	93	-nan
1	43862	94	-nan
1	43862	95	-nan
1	43862	96	-nan
1	43862	97	-nan
1	43862	98	-nan
1	43862	99	-nan
1	43862	100	0
1	43862	101	-nan
1	43862	102	0
1	43862	103	-nan
1	43862	104	-nan
1	43862	105	-nan
1	43862	106	-nan
1	43862	107	-nan
1	43862	108	-nan
1	43862	109	-nan
1	43862	110	-nan
1	43862	111	-nan
1	43862	112	-nan
1	43862	113	0
1	43862	114	-nan
1	43862	115	-nan
1	43862	116	-nan
1	43862	117	-nan
1	43862	118	-nan
1	43862	119	-nan
1	43862	120	-nan
1	43862	121	-nan
1	43862	122	-nan
1	43862	123	-nan
1	43862	124	-nan
1	43862	125	-nan
1	43862	126	-nan
1	43862	127	-nan
1	43862	128	-nan
1	43862	129	-nan
1	43862	130	-nan
1	43862	131	-nan
1	43862	132	-nan
1	43862	133	-nan
1	43862	134	-nan
1	43862	135	-nan
1	43862	136	-nan
1	43862	137	-nan
1	43862	138	-nan
1	43862	139	-nan
1	43862	140	-nan
1	43862	141	-nan
1	43862	142	-nan
1	43862	143	-nan
1	43862	144	-nan
1	43862	145	-nan
1	43862	146	-nan
1	43862	147	-nan
1	43862	148	-nan
1	43862	149	-nan
1	43862	150	-nan
1	43862	151	0
1	43862	152	-nan
1	43862	153	-nan
1	43862	154	-nan
1	43862	155	-nan
1	43862	156	-nan
1	43862	157	-nan
1	43862	158	-nan
1	43862	159	0
1	43862	160	-nan
1	43862	161	-nan
1	43862	162	-nan
1	43862	163	-nan
1	43862	164	-nan
1	43862	165	-nan
1	43862	166	-nan
1	43862	167	-nan
1	43862	168	-nan
1	43862	169	-nan
1	43862	170	-nan
1	43862	171	-nan
1	43862	172	-nan
1	43862	173	-nan
1	43862	174	-nan
1	43862	175	-nan
1	43862	176	-nan
1	43862	177	-nan
1	43862	178	0
1	43862	179	-nan
1	43862	180	-nan
1	43862	181	-nan
1	43862	182	-nan
1	43862	183	-nan
1	43862	184	-nan
1	43862	185	-nan
1	43862	186	-nan
1	43862	187	-nan
1	43862	188	-nan
1	43862	189	-nan
1	43862	190	-nan
1	43862	191	-nan
1	43862	192	-nan
1	43862	193	-nan
1	43862	194	-nan
1	43862	195	-nan
1	43862	196	-nan
1	43862	197	-nan
1	43862	198	-nan
1	43862	199	-nan
1	43862	200	-nan
1	43862	201	-nan
1	43862	202	-nan
1	43862	203	-nan
1	43862	204	-nan
1	43862	205	-nan
1	43862	206	-nan
1	43862	207	-nan
1	43862	208	-nan
1	43862	209	-nan
1	43862	210	-nan
1	43862	211	-nan
1	43862	212	-nan
1	43862	213	-nan
1	43862	214	-nan
1	43862	215	-nan
1	43862	216	-nan
1	43862	217	-nan
1	43862	218	-nan
1	43862	219	-nan
1	43862	220	-nan
1	43862	221	-nan
1	43862	222	-nan
1	43862	223	-nan
1	43862	224	-nan
1	43862	225	-nan
1	43862	226	-nan
1	43862	227	-nan
1	43862	228	-nan
1	43862	229	-nan
1	43862	230	-nan
1	43862	231	-nan
1	43862	232	-nan
1	43862	233	-nan
1	43862	234	-nan
1	43862	235	-nan
1	43862	236	-nan
1	43862	237	-nan
1	43862	238	0
1	43862	239	-nan
1	43862	240	-nan
1	43862	241	-nan
1	43862	242	-nan
1	43862	243	-nan
1	43862	244	-nan
1	43862	245	-nan
1	43862	246	-nan
1	43862	247	-nan
1	43862	248	-nan
1	43862	249	-nan
1	43862	250	-nan
1	43862	251	-nan
1	43862	252	-nan
1	43862	253	-nan
1	43862	254	-nan
1	43862	255	-nan
1	43862	256	-nan
1	43862	257	-nan
1	43862	258	-nan
1	43862	259	-nan
1	43862	260	-nan
1	43862	261	-nan
1	43862	262	-nan
1	43862	263	-nan
1	43862	264	-nan
1	43862	265	-nan
1	43862	266	-nan
1	43862	267	-nan
1	43862	268	-nan
1	43862	269	-nan
1	43862	270	-nan
1	43862	271	-nan
1	43862	272	-nan
1	43862	273	-nan
1	43862	274	-nan
1	43862	275	-nan
1	43862	276	-nan
1	43862	277	-nan
1	43862	278	-nan
1	43862	279	-nan
1	43862	280	-nan
1	43862	281	-nan
1	43862	282	-nan
1	43862	283	-nan
1	43862	284	-nan
1	43862	285	-nan
1	43862	286	-nan
1	43862	287	-nan
1	43862	288	-nan
1	43862	289	-nan
1	43862	290	-nan
1	43862	291	-nan
1	43862	292	-nan
1	43862	293	0
1	43862	294	-nan
1	43862	295	-nan
1	43862	296	-nan
1	43862	297	-nan
1	43862	298	-nan
1	43862	299	-nan
1	43862	300	-nan
1	43862	301	-nan
1	43862	302	-nan
1	43862	303	-nan
1	43862	304	-nan
1	43862	305	-nan
1	43862	306	-nan
1	43862	307	-nan
1	43862	308	-nan
1	43862	309	-nan
1	43862	310	-nan
1	43862	311	-nan
1	43862	312	-nan
1	43862	313	-nan
1	43862	314	-nan
1	43862	315	-nan
1	43862	316	-nan
1	43862	317	-nan
1	43862	318	-nan
1	43862	319	-nan
1	43862	320	-nan
1	43862	321	-nan
1	43862	322	-nan
1	43862	323	-nan
1	43862	324	-nan
1	43862	325	-nan
1	43862	326	-nan
1	43862	327	-nan
1	43862	328	-nan
1	43862	329	-nan
1	43862	330	-nan
1	43862	331	-nan
1	43862	332	-nan
1	43862	333	-nan
1	43862	334	-nan
1	43862	335	-nan
1	43862	336	-nan
1	43862	337	-nan
1	43862	338	-nan
1	43862	339	-nan
1	43862	340	-nan
1	43862	341	-nan
1	43862	342	-nan
1	43862	343	-nan
1	43862	344	-nan
1	43862	345	-nan
1	43862	346	-nan
1	43862	347	-nan
1	43862	348	-nan
1	43862	349	-nan
1	43862	350	-nan
1	43862	351	-nan
1	43862	352	-nan
1	43862	353	-nan
1	43862	354	0
1	43862	355	-nan
1	43862	356	-nan
1	43862	357	-nan
1	43862	358	-nan
1	43862	359	-nan
1	43862	360	-nan
1	43862	361	-nan
1	43862	362	-nan
1	43862	363	-nan
1	43862	364	-nan
1	43862	365	-nan
1	43862	366	-nan
1	43862	367	-nan
1	43862	368	-nan
1	43862	369	-nan
1	43862	370	-nan
1	43862	371	-nan
1	43862	372	-nan
1	43862	373	-nan
1	43862	374	-nan
1	43862	375	-nan
1	43862	376	-nan
1	43862	377	-nan
1	43862	378	-nan
1	43862	379	-nan
1	43862	380	-nan
1	43862	381	-nan
1	43862	382	-nan
1	43862	383	-nan
1	43862	384	-nan
1	43862	385	-nan
1	43862	386	-nan
1	43862	387	-nan
1	43862	388	-nan
1	43862	389	-nan
1	43862	390	-nan
1	43862	391	-nan
1	43862	392	-nan
1	43862	393	-nan
1	43862	394	-nan
1	43862	395	-nan
1	43862	396	-nan
1	43862	397	-nan
1	43862	398	-nan
1	43862	399	-nan
1	43862	400	-nan
1	43862	401	-nan
1	43862	402	-nan
1	43862	403	-nan
1	43862	404	-nan
1	43862	405	-nan
1	43862	406	-nan
1	43862	407	-nan
1	43862	408	-nan
1	43862	409	-nan
1	43862	410	-nan
1	43862	411	-nan
1	43862	412	-nan
1	43862	413	-nan
1	43862	414	-nan
1	43862	415	-nan
1	43862	416	-nan
1	43862	417	-nan
1	43862	418	-nan
1	43862	419	-nan
1	43862	420	-nan
1	43862	421	-nan
1	43862	422	-nan
1	43862	423	-nan
1	43862	424	-nan
1	43862	425	-nan
1	43862	426	-nan
1	43862	427	-nan
1	43862	428	-nan
1	43862	429	-nan
1	43862	430	-nan
1	43862	431	-nan
1	43862	432	-nan
1	43862	433	-nan
1	43862	434	-nan
1	43862	435	-nan
1	43862	436	-nan
1	43862	437	-nan
1	43862	438	-nan
1	43862	439	-nan
1	43862	440	-nan
1	43862	441	-nan
1	43862	442	-nan
1	43862	443	-nan
1	43862	444	-nan
1	43862	445	-nan
1	43862	446	-nan
1	43862	447	-nan
1	43862	448	-nan
1	43862	449	-nan
1	43862	450	-nan
1	43862	451	-nan
1	43862	452	-nan
1	43862	453	-nan
1	43862	454	-nan
1	43862	455	-nan
1	43862	456	-nan
1	43862	457	-nan
1	43862	458	-nan
1	43862	459	-nan
1	43862	460	-nan
1	43862	461	-nan
1	43862	462	-nan
1	43862	463	-nan
1	43862	464	-nan
1	43862	465	0
1	43862	466	-nan
1	43862	467	-nan
1	43862	468	-nan
1	43862	469	-nan
1	43862	470	-nan
1	43862	471	-nan
1	43862	472	-nan
1	43862	473	-nan
1	43862	474	-nan
1	43862	475	-nan
1	43862	476	-nan
1	43862	477	-nan
1	43862	478	-nan
1	43862	479	-nan
1	43862	480	-nan
1	43862	481	-nan
1	43862	482	-nan
1	43862	483	-nan
1	43862	484	-nan
1	43862	485	-nan
1	43862	486	-nan
1	43862	487	-nan
1	43862	488	-nan
1	43862	489	-nan
1	43862	490	-nan
1	43862	491	-nan
1	43862	492	-nan
1	43862	493	-nan
1	43862	494	-nan
1	43862	495	-nan
1	43862	496	-nan
1	43862	497	-nan
1	43862	498	-nan
1	43862	499	-nan
1	43862	500	-nan
1	43862	501	-nan
1	43862	502	-nan
1	43862	503	-nan
1	43862	504	-nan
1	43862	505	-nan
1	43862	506	-nan
1	43862	507	-nan
1	43862	508	-nan
1	43862	509	-nan
1	43862	510	-nan
1	43862	511	-nan
1	43862	512	-nan
1	43862	513	-nan
1	43862	514	-nan
1	43862	515	-nan
1	43862	516	-nan
1	43862	517	-nan
1	43862	518	-nan
1	43862	519	-nan
1	43862	520	-nan
1	43862	521	-nan
1	43862	522	-nan
1	43862	523	-nan
1	43862	524	-nan
1	43862	525	-nan
1	43862	526	-nan
1	43862	527	-nan
1	43862	528	-nan
1	43862	529	-nan
1	43862	530	-nan
1	43862	531	-nan
1	43862	532	-nan
1	43862	533	-nan
1	43862	534	-nan
1	43862	535	-nan
1	43862	536	-nan
1	43862	537	-nan
1	43862	538	-nan
1	43862	539	-nan
1	43862	540	-nan
1	43862	541	-nan
1	43862	542	-nan
1	43862	543	-nan
1	43862	544	-nan
1	43862	545	-nan
1	43862	546	-nan
1	43862	547	-nan
1	43862	548	-nan
1	43862	549	-nan
1	43862	550	-nan
1	43862	551	-nan
1	43862	552	-nan
1	43862	553	-nan
1	43862	554	-nan
1	43862	555	-nan
1	43862	556	-nan
1	43862	557	-nan
1	43862	558	-nan
1	43862	559	-nan
1	43862	560	-nan
1	43862	561	-nan
1	43862	562	-nan
1	43862	563	-nan
1	43862	564	-nan
1	43862	565	-nan
1	43862	566	-nan
1	43862	567	-nan
1	43862	568	-nan
1	43862	569	-nan
1	43862	570	-nan
1	43862	571	-nan
1	43862	572	-nan
1	43862	573	-nan
1	43862	574	-nan
1	43862	575	-nan
1	43862	576	-nan
1	43862	577	-nan
1	43862	578	-nan
1	43862	579	-nan
1	43862	580	-nan
1	43862	581	-nan
1	43862	582	-nan
1	43862	583	-nan
1	43862	584	-nan
1	43862	585	-nan
1	43862	586	-nan
1	43862	587	-nan
1	43862	588	-nan
1	43862	589	-nan
1	43862	590	-nan
1	43862	591	-nan
1	43862	592	-nan
1	43862	593	-nan
1	43862	594	-nan
1	43862	595	-nan
1	43862	596	-nan
1	43862	597	-nan
1	43862	598	-nan
1	43862	599	-nan
1	43862	600	-nan
1	43862	601	-nan
1	43862	602	-nan
1	43862	603	-nan
1	43862	604	-nan
vector 2  simple_scenario_network.node[2].content_store  hit_node[2]  ETV
2	43862	1	-nan
2	43862	2	0.33333333333333
2	43862	3	0
2	43862	4	-nan
2	43862	5	0
2	43862	6	0
2	43862	7	-nan
2	43862	8	0
2	43862	9	0
2	43862	10	0
2	43862	11	-nan
2	43862	12	-nan
2	43862	13	-nan
2	43862	14	0
2	43862	15	-nan
2	43862	16	-nan
2	43862	17	-nan
2	43862	18	-nan
2	43862	19	-nan
2	43862	20	0
2	43862	21	-nan
2	43862	22	0
2	43862	23	-nan
2	43862	24	-nan
2	43862	25	-nan
2	43862	26	-nan
2	43862	27	0
2	43862	28	-nan
2	43862	29	-nan
2	43862	30	-nan
2	43862	31	-nan
2	43862	32	-nan
2	43862	33	-nan
2	43862	34	-nan
2	43862	35	-nan
2	43862	36	-nan
2	43862	37	-nan
2	43862	38	-nan
2	43862	39	-nan
2	43862	40	-nan
2	43862	41	-nan
2	43862	42	-nan
2	43862	43	-nan
2	43862	44	0
2	43862	45	0
2	43862	46	-nan
2	43862	47	-nan
2	43862	48	-nan
2	43862	49	-nan
2	43862	50	-nan
2	43862	51	-nan
2	43862	52	-nan
2	43862	53	-nan
2	43862	54	-nan
2	43862	55	-nan
2	43862	56	-nan
2	43862	57	-nan
2	43862	58	-nan
2	43862	59	-nan
2	43862	60	-nan
2	43862	61	-nan
2	43862	62	-nan
2	43862	63	-nan
2	43862	64	-nan
2	43862	65	-nan
2	43862	66	-nan
2	43862	67	-nan
2	43862	68	-nan
2	43862	69	-nan
2	43862	70	-nan
2	43862	71	-nan
2	43862	72	-nan
2	43862	73	-nan
2	43862	74	-nan
2	43862	75	-nan
2	43862	76	-nan
2	43862	77	-nan
2	43862	78	-nan
2	43862	79	-nan
2	43862	80	-nan
2	43862	81	-nan
2	43862	82	-nan
2	43862	83	-nan
2	43862	84	-nan
2	43862	85	-nan
2	43862	86	-nan
2	43862	87	-nan
2	43862	88	-nan
2	43862	89	-nan
2	43862	90	-nan
2	43862	91	-nan
2	43862	92	-nan
2	43862	93	-nan
2	43862	94	-nan
2	43862	95	-nan
2	43862	96	-nan
2	43862	97	-nan
2	43862	98	0
2	43862	99	-nan
2	43862	100	-nan
2	43862	101	-nan
2	43862	102	-nan
2	43862	103	-nan
2	43862	104	-nan
2	43862	105	-nan
2	43862	106	-nan
2	43862	107	-nan
2	43862	108	-nan
2	43862	109	-nan
2	43862	110	-nan
2	43862	111	-nan
2	43862	112	-nan
2	43862	113	-nan
2	43862	114	-nan
2	43862	115	-nan
2	43862	116	-nan
2	43862	117	-nan
2	43862	118	-nan
2	43862	119	-nan
2	43862	120	-nan
2	43862	121	-nan
2	43862	122	-nan
2	43862	123	-nan
2	43862	124	-nan
2	43862	125	0
2	43862	126	-nan
2	43862	127	-nan
2	43862	128	-nan
2	43862	129	0
2	43862	130	-nan
2	43862	131	-nan
2	43862	132	-nan
2	43862	133	-nan
2	43862	134	-nan
2	43862	135	-nan
2	43862	136	-nan
2	43862	137	-nan
2	43862	138	-nan
2	43862	139	-nan
2	43862	140	-nan
2	43862	141	-nan
2	43862	142	-nan
2	43862	143	-nan
2	43862	144	-nan
2	43862	145	-nan
2	43862	146	-nan
2	43862	147	-nan
2	43862	148	-nan
2	43862	149	-nan
2	43862	150	0
2	43862	151	-nan
2	43862	152	-nan
2	43862	153	-nan
2	43862	154	-nan
2	43862	155	-nan
2	43862	156	-nan
2	43862	157	-nan
2	43862	158	-nan
2	43862	159	-nan
2	43862	160	-nan
2	43862	161	-nan
2	43862	162	-nan
2	43862	163	-nan
2	43862	164	-nan
2	43862	165	-nan
2	43862	166	-nan
2	43862	167	-nan
2	43862	168	-nan
2	43862	169	-nan
2	43862	170	-nan
2	43862	171	-nan
2	43862	172	-nan
2	43862	173	-nan
2	43862	174	-nan
2	43862	175	-nan
2	43862	176	-nan
2	43862	177	-nan
2	43862	178	-nan
2	43862	179	-nan
2	43862	180	-nan
2	43862	181	-nan
2	43862	182	-nan
2	43862	183	-nan
2	43862	184	-nan
2	43862	185	-nan
2	43862	186	-nan
2	43862	187	-nan
2	43862	188	-nan
2	43862	189	-nan
2	43862	190	-nan
2	43862	191	-nan
2	43862	192	-nan
2	43862	193	-nan
2	43862	194	-nan
2	43862	195	-nan
2	43862	196	-nan
2	43862	197	-nan
2	43862	198	-nan
2	43862	199	-nan
2	43862	200	-nan
2	43862	201	-nan
2	43862	202	-nan
2	43862	203	-nan
2	43862	204	-nan
2	43862	205	-nan
2	43862	206	-nan
2	43862	207	-nan
2	43862	208	-nan
2	43862	209	-nan
2	43862	210	-nan
2	43862	211	-nan
2	43862	212	-nan
2	43862	213	-nan
2	43862	214	-nan
2	43862	215	-nan
2	43862	216	-nan
2	43862	217	-nan
2	43862	218	-nan
2	43862	219	-nan
2	43862	220	-nan
2	43862	221	-nan
2	43862	222	-nan
2	43862	223	-nan
2	43862	224	-nan
2	43862	225	-nan
2	43862	226	-nan
2	43862	227	-nan
2	43862	228	-nan
2	43862	229	-nan
2	43862	230	-nan
2	43862	231	-nan
2	43862	232	-nan
2	43862	233	-nan
2	43862	234	-nan
2	43862	235	-nan
2	43862	236	-nan
2	43862	237	-nan
2	43862	238	-nan
2	43862	239	-nan
2	43862	240	-nan
2	43862	241	-nan
2	43862	242	-nan
2	43862	243	-nan
2	43862	244	-nan
2	43862	245	-nan
2	43862	246	-nan
2	43862	247	-nan
2	43862	248	-nan
2	43862	249	-nan
2	43862	250	-nan
2	43862	251	-nan
2	43862	252	-nan
2	43862	253	-nan
2	43862	254	-nan
2	43862	255	-nan
2	43862	256	-nan
2	43862	257	-nan
2	43862	258	-nan
2	43862	259	-nan
2	43862	260	-nan
2	43862	261	-nan
2	43862	262	-nan
2	43862	263	-nan
2	43862	264	-nan
2	43862	265	-nan
2	43862	266	-nan
2	43862	267	-nan
2	43862	268	-nan
2	43862	269	-nan
2	43862	270	-nan
2	43862	271	-nan
2	43862	272	-nan
2	43862	273	-nan
2	43862	274	-nan
2	43862	275	-nan
2	43862	276	-nan
2	43862	277	-nan
2	43862	278	-nan
2	43862	279	-nan
2	43862	280	-nan
2	43862	281	0
2	43862	282	-nan
2	43862	283	-nan
2	43862	284	-nan
2	43862	285	-nan
2	43862	286	-nan
2	43862	287	-nan
2	43862	288	-nan
2	43862	289	-nan
2	43862	290	-nan
2	43862	291	-nan
2	43862	292	-nan
2	43862	293	-nan
2	43862	294	-nan
2	43862	295	-nan
2	43862	296	-nan
2	43862	297	-nan
2	43862	298	-nan
2	43862	299	0
2	43862	300	-nan
2	43862	301	-nan
2	43862	302	-nan
2	43862	303	-nan
2	43862	304	-nan
2	43862	305	-nan
2	43862	306	-nan
2	43862	307	-nan
2	43862	308	-nan
2	43862	309	-nan
2	43862	310	-nan
2	43862	311	-nan
2	43862	312	-nan
2	43862	313	-nan
2	43862	314	-nan
2	43862	315	-nan
2	43862	316	-nan
2	43862	317	-nan
2	43862	318	-nan
2	43862	319	-nan
2	43862	320	-nan
2	43862	321	-nan
2	43862	322	-nan
2	43862	323	-nan
2	43862	324	-nan
2	43862	325	-nan
2	43862	326	-nan
2	43862	327	-nan
2	43862	328	-nan
2	43862	329	-nan
2	43862	330	-nan
2	43862	331	-nan
2	43862	332	-nan
2	43862	333	-nan
2	43862	334	-nan
2	43862	335	-nan
2	43862	336	-nan
2	43862	337	-nan
2	43862	338	-nan
2	43862	339	-nan
2	43862	340	-nan
2	43862	341	-nan
2	43862	342	-nan
2	43862	343	0
2	43862	344	-nan
2	43862	345	-nan
2	43862	346	-nan
2	43862	347	-nan
2	43862	348	-nan
2	43862	349	-nan
2	43862	350	-nan
2	43862	351	-nan
2	43862	352	-nan
2	43862	353	-nan
2	43862	354	-nan
2	43862	355	-nan
2	43862	356	-nan
2	43862	357	-nan
2	43862	358	-nan
2	43862	359	-nan
2	43862	360	-nan
2	43862	361	-nan
2	43862	362	-nan
2	43862	363	-nan
2	43862	364	-nan
2	43862	365	-nan
2	43862	366	-nan
2	43862	367	-nan
2	43862	368	-nan
2	43862	369	-nan
2	43862	370	-nan
2	43862	371	-nan
2	43862	372	-nan
2	43862	373	-nan
2	43862	374	-nan
2	43862	375	-nan
2	43862	376	-nan
2	43862	377	-nan
2	43862	378	-nan
2	43862	379	-nan
2	43862	380	-nan
2	43862	381	-nan
2	43862	382	-nan
2	43862	383	-nan
2	43862	384	-nan
2	43862	385	-nan
2	43862	386	-nan
2	43862	387	-nan
2	43862	388	-nan
2	43862	389	-nan
2	43862	390	-nan
2	43862	391	-nan
2	43862	392	-nan
2	43862	393	-nan
2	43862	394	-nan
2	43862	395	-nan
2	43862	396	-nan
2	43862	397	-nan
2	43862	398	-nan
2	43862	399	-nan
2	43862	400	-nan
2	43862	401	-nan
2	43862	402	0
2	43862	403	-nan
2	43862	404	-nan
2	43862	405	-nan
2	43862	406	-nan
2	43862	407	-nan
2	43862	408	-nan
2	43862	409	-nan
2	43862	410	-nan
2	43862	411	-nan
2	43862	412	-nan
2	43862	413	-nan
2	43862	414	-nan
2	43862	415	-nan
2	43862	416	-nan
2	43862	417	-nan
2	43862	418	-nan
2	43862	419	-nan
2	43862	420	0
2	43862	421	-nan
2	43862	422	-nan
2	43862	423	-nan
2	43862	424	-nan
2	43862	425	-nan
2	43862	426	-nan
2	43862	427	-nan
2	43862	428	-nan
2	43862	429	-nan
2	43862	430	-nan
2	43862	431	-nan
2	43862	432	-nan
2	43862	433	-nan
2	43862	434	-nan
2	43862	435	-nan
2	43862	436	-nan
2	43862	437	-nan
2	43862	438	-nan
2	43862	439	-nan
2	43862	440	-nan
2	43862	441	-nan
2	43862	442	-nan
2	43862	443	-nan
2	43862	444	-nan
2	43862	445	-nan
2	43862	446	-nan
2	43862	447	-nan
2	43862	448	-nan
2	43862	449	-nan
2	43862	450	-nan
2	43862	451	-nan
2	43862	452	-nan
2	43862	453	-nan
2	43862	454	-nan
2	43862	455	-nan
2	43862	456	-nan
2	43862	457	-nan
2	43862	458	-nan
2	43862	459	-nan
2	43862	460	-nan
2	43862	461	-nan
2	43862	462	-nan
2	43862	463	-nan
2	43862	464	-nan
2	43862	465	-nan
2	43862	466	-nan
2	43862	467	-nan
2	43862	468	-nan
2	43862	469	-nan
2	43862	470	-nan
2	43862	471	-nan
2	43862	472	-nan
2	43862	473	-nan
2	43862	474	-nan
2	43862	475	-nan
2	43862	476	-nan
2	43862	477	-nan
2	43862	478	-nan
2	43862	479	-nan
2	43862	480	-nan
2	43862	481	-nan
2	43862	482	-nan
2	43862	483	-nan
2	43862	484	-nan
2	43862	485	-nan
2	43862	486	-nan
2	43862	487	-nan
2	43862	488	-nan
2	43862	489	0
2	43862	490	-nan
2	43862	491	-nan
2	43862	492	-nan
2	43862	493	-nan
2	43862	494	-nan
2	43862	495	0
2	43862	496	-nan
2	43862	497	-nan
2	43862	498	-nan
2	43862	499	-nan
2	43862	500	-nan
2	43862	501	-nan
2	43862	502	-nan
2	43862	503	-nan
2	43862	504	-nan
2	43862	505	-nan
2	43862	506	-nan
2	43862	507	-nan
2	43862	508	0
2	43862	509	-nan
2	43862	510	-nan
2	43862	511	-nan
2	43862	512	-nan
2	43862	513	-nan
2	43862	514	-nan
2	43862	515	-nan
2	43862	516	-nan
2	43862	517	-nan
2	43862	518	-nan
2	43862	519	-nan
2	43862	520	-nan
2	43862	521	-nan
2	43862	522	-nan
2	43862	523	-nan
2	43862	524	-nan
2	43862	525	-nan
2	43862	526	-nan
2	43862	527	-nan
2	43862	528	-nan
2	43862	529	-nan
2	43862	530	-nan
2	43862	531	-nan
2	43862	532	-nan
2	43862	533	-nan
2	43862	534	-nan
2	43862	535	-nan
2	43862	536	-nan
2	43862	537	-nan
2	43862	538	-nan
2	43862	539	-nan
2	43862	540	-nan
2	43862	541	-nan
2	43862	542	-nan
2	43862	543	-nan
2	43862	544	-nan
2	43862	545	-nan
2	43862	546	-nan
2	43862	547	-nan
2	43862	548	-nan
2	43862	549	-nan
2	43862	550	-nan
2	43862	551	-nan
2	43862	552	-nan
2	43862	553	-nan
2	43862	554	-nan
2	43862	555	-nan
2	43862	556	-nan
2	43862	557	-nan
2	43862	558	-nan
2	43862	559	-nan
2	43862	560	-nan
2	43862	561	-nan
2	43862	562	-nan
2	43862	563	-nan
2	43862	564	-nan
2	43862	565	-nan
2	43862	566	-nan
2	43862	567	-nan
2	43862	568	-nan
2	43862	569	-nan
2	43862	570	-nan
2	43862	571	-nan
2	43862	572	-nan
2	43862	573	-nan
2	43862	574	-nan
2	43862	575	-nan
2	43862	576	-nan
2	43862	577	-nan
2	43862	578	-nan
2	43862	579	-nan
2	43862	580	-nan
2	43862	581	-nan
2	43862	582	-nan
2	43862	583	-nan
2	43862	584	-nan
2	43862	585	-nan
2	43862	586	-nan
2	43862	587	-nan
2	43862	588	-nan
2	43862	589	-nan
2	43862	590	-nan
2	43862	591	-nan
2	43862	592	0
2	43862	593	-nan
2	43862	594	-nan
2	43862	595	-nan
2	43862	596	-nan
2	43862	597	-nan
2	43862	598	-nan
2	43862	599	-nan
2	43862	600	-nan
2	43862	601	-nan
2	43862	602	-nan
2	43862	603	-nan
2	43862	604	-nan
vector 3  simple_scenario_network.node[3].content_store  hit_node[3]  ETV
3	43862	1	0
3	43862	2	-nan
3	43862	3	-nan
3	43862	4	-nan
3	43862	5	-nan
3	43862	6	-nan
3	43862	7	-nan
3	43862	8	-nan
3	43862	9	-nan
3	43862	10	-nan
3	43862	11	-nan
3	43862	12	-nan
3	43862	13	-nan
3	43862	14	-nan
3	43862	15	-nan
3	43862	16	-nan
3	43862	17	-nan
3	43862	18	-nan
3	43862	19	-nan
3	43862	20	-nan
3	43862	21	-nan
3	43862	22	-nan
3	43862	23	-nan
3	43862	24	-nan
3	43862	25	-nan
3	43862	26	-nan
3	43862	27	-nan
3	43862	28	-nan
3	43862	29	-nan
3	43862	30	-nan
3	43862	31	-nan
3	43862	32	-nan
3	43862	33	-nan
3	43862	34	0
3	43862	35	-nan
3	43862	36	-nan
3	43862	37	-nan
3	43862	38	-nan
3	43862	39	-nan
3	43862	40	-nan
3	43862	41	0
3	43862	42	-nan
3	43862	43	-nan
3	43862	44	-nan
3	43862	45	-nan
3	43862	46	-nan
3	43862	47	-nan
3	43862	48	-nan
3	43862	49	0
3	43862	50	-nan
3	43862	51	-nan
3	43862	52	-nan
3	43862	53	-nan
3	43862	54	-nan
3	43862	55	-nan
3	43862	56	-nan
3	43862	57	-nan
3	43862	58	-nan
3	43862	59	0
3	43862	60	-nan
3	43862	61	-nan
3	43862	62	0
3	43862	63	-nan
3	43862	64	-nan
3	43862	65	-nan
3	43862	66	-nan
3	43862	67	-nan
3	43862	68	-nan
3	43862	69	-nan
3	43862	70	-nan
3	43862	71	-nan
3	43862	72	-nan
3	43862	73	-nan
3	43862	74	-nan
3	43862	75	0
3	43862	76	-nan
3	43862	77	-nan
3	43862	78	-nan
3	43862	79	-nan
3	43862	80	-nan
3	43862	81	-nan
3	43862	82	-nan
3	43862	83	-nan
3	43862	84	-nan
3	43862	85	-nan
3	43862	86	-nan
3	43862	87	-nan
3	43862	88	-nan
3	43862	89	-nan
3	43862	90	-nan
3	43862	91	-nan
3	43862	92	-nan
3	43862	93	-nan
3	43862	94	-nan
3	43862	95	-nan
3	43862	96	-nan
3	43862	97	-nan
3	43862	98	-nan
3	43862	99	-nan
3	43862	100	0
3	43862	101	-nan
3	43862	102	0
3	43862	103	-nan
3	43862	104	-nan
3	43862	105	-nan
3	43862	106	-nan
3	43862	107	-nan
3	43862	108	-nan
3	43862	109	-nan
3	43862	110	-nan
3	43862	111	-nan
3	43862	112	-nan
3	43862	113	0
3	43862	114	-nan
3	43862	115	-nan
3	43862	116	-nan
3	43862	117	-nan
3	43862	118	-nan
3	43862	119	-nan
3	43862	120	-nan
3	43862	121	-nan
3	43862	122	-nan
3	43862	123	-nan
3	43862	124	-nan
3	43862	125	-nan
3	43862	126	-nan
3	43862	127	-nan
3	43862	128	-nan
3	43862	129	-nan
3	43862	130	-nan
3	43862	131	-nan
3	43862	132	-nan
3	43862	133	-nan
3	43862	134	-nan
3	43862	135	-nan
3	43862	136	-nan
3	43862	137	-nan
3	43862	138	-nan
3	43862	139	-nan
3	43862	140	-nan
3	43862	141	-nan
3	43862	142	-nan
3	43862	143	-nan
3	43862	144	-nan
3	43862	145	-nan
3	43862	146	-nan
3	43862	147	-nan
3	43862	148	-nan
3	43862	149	-nan
3	43862	150	-nan
3	43862	151	0
3	43862	152	-nan
3	43862	153	-nan
3	43862	154	-nan
3	43862	155	-nan
3	43862	156	-nan
3	43862	157	-nan
3	43862	158	-nan
3	43862	159	0
3	43862	160	-nan
3	43862	161	-nan
3	43862	162	-nan
3	43862	163	-nan
3	43862	164	-nan
3	43862	165	-nan
3	43862	166	-nan
3	43862	167	-nan
3	43862	168	-nan
3	43862	169	-nan
3	43862	170	-nan
3	43862	171	-nan
3	43862	172	-nan
3	43862	173	-nan
3	43862	174	-nan
3	43862	175	-nan
3	43862	176	-nan
3	43862	177	-nan
3	43862	178	0
3	43862	179	-nan
3	43862	180	-nan
3	43862	181	-nan
3	43862	182	-nan
3	43862	183	-nan
3	43862	184	-nan
3	43862	185	-nan
3	43862	186	-nan
3	43862	187	-nan
3	43862	188	-nan
3	43862	189	-nan
3	43862	190	-nan
3	43862	191	-nan
3	43862	192	-nan
3	43862	193	-nan
3	43862	194	-nan
3	43862	195	-nan
3	43862	196	-nan
3	43862	197	-nan
3	43862	198	-nan
3	43862	199	-nan
3	43862	200	-nan
3	43862	201	-nan
3	43862	202	-nan
3	43862	203	-nan
3	43862	204	-nan
3	43862	205	-nan
3	43862	206	-nan
3	43862	207	-nan
3	43862	208	-nan
3	43862	209	-nan
3	43862	210	-nan
3	43862	211	-nan
3	43862	212	-nan
3	43862	213	-nan
3	43862	214	-nan
3	43862	215	-nan
3	43862	216	-nan
3	43862	217	-nan
3	43862	218	-nan
3	43862	219	-nan
3	43862	220	-nan
3	43862	221	-nan
3	43862	222	-nan
3	43862	223	-nan
3	43862	224	-nan
3	43862	225	-nan
3	43862	226	-nan
3	43862	227	-nan
3	43862	228	-nan
3	43862	229	-nan
3	43862	230	-nan
3	43862	231	-nan
3	43862	232	-nan
3	43862	233	-nan
3	43862	234	-nan
3	43862	235	-nan
3	43862	236	-nan
3	43862	237	-nan
3	43862	238	0
3	43862	239	-nan
3	43862	240	-nan
3	43862	241	-nan
3	43862	242	-nan
3	43862	243	-nan
3	43862	244	-nan
3	43862	245	-nan
3	43862	246	-nan
3	43862	247	-nan
3	43862	248	-nan
3	43862	249	-nan
3	43862	250	-nan
3	43862	251	-nan
3	43862	252	-nan
3	43862	253	-nan
3	43862	254	-nan
3	43862	255	-nan
3	43862	256	-nan
3	43862	257	-nan
3	43862	258	-nan
3	43862	259	-nan
3	43862	260	-nan
3	43862	261	-nan
3	43862	262	-nan
3	43862	263	-nan
3	43862	264	-nan
3	43862	265	-nan
3	43862	266	-nan
3	43862	267	-nan
3	43862	268	-nan
3	43862	269	-nan
3	43862	270	-nan
3	43862	271	-nan
3	43862	272	-nan
3	43862	273	-nan
3	43862	274	-nan
3	43862	275	-nan
3	43862	276	-nan
3	43862	277	-nan
3	43862	278	-nan
3	43862	279	-nan
3	43862	280	-nan
3	43862	281	-nan
3	43862	282	-nan
3	43862	283	-nan
3	43862	284	-nan
3	43862	285	-nan
3	43862	286	-nan
3	43862	287	-nan
3	43862	288	-nan
3	43862	289	-nan
3	43862	290	-nan
3	43862	291	-nan
3	43862	292	-nan
3	43862	293	0
3	43862	294	-nan
3	43862	295	-nan
3	43862	296	-nan
3	43862	297	-nan
3	43862	298	-nan
3	43862	299	-nan
3	43862	300	-nan
3	43862	301	-nan
3	43862	302	-nan
3	43862	303	-nan
3	43862	304	-nan
3	43862	305	-nan
3	43862	306	-nan
3	43862	307	-nan
3	43862	308	-nan
3	43862	309	-nan
3	43862	310	-nan
3	43862	311	-nan
3	43862	312	-nan
3	43862	313	-nan
3	43862	314	-nan
3	43862	315	-nan
3	43862	316	-nan
3	43862	317	-nan
3	43862	318	-nan
3	43862	319	-nan
3	43862	320	-nan
3	43862	321	-nan
3	43862	322	-nan
3	43862	323	-nan
3	43862	324	-nan
3	43862	325	-nan
3	43862	326	-nan
3	43862	327	-nan
3	43862	328	-nan
3	43862	329	-nan
3	43862	330	-nan
3	43862	331	-nan
3	43862	332	-nan
3	43862	333	-nan
3	43862	334	-nan
3	43862	335	-nan
3	43862	336	-nan
3	43862	337	-nan
3	43862	338	-nan
3	43862	339	-nan
3	43862	340	-nan
3	43862	341	-nan
3	43862	342	-nan
3	43862	343	-nan
3	43862	344	-nan
3	43862	345	-nan
3	43862	346	-nan
3	43862	347	-nan
3	43862	348	-nan
3	43862	349	-nan
3	43862	350	-nan
3	43862	351	-nan
3	43862	352	-nan
3	43862	353	-nan
3	43862	354	0
3	43862	355	-nan
3	43862	356	-nan
3	43862	357	-nan
3	43862	358	-nan
3	43862	359	-nan
3	43862	360	-nan
3	43862	361	-nan
3	43862	362	-nan
3	43862	363	-nan
3	43862	364	-nan
3	43862	365	-nan
3	43862	366	-nan
3	43862	367	-nan
3	43862	368	-nan
3	43862	369	-nan
3	43862	370	-nan
3	43862	371	-nan
3	43862	372	-nan
3	43862	373	-nan
3	43862	374	-nan
3	43862	375	-nan
3	43862	376	-nan
3	43862	377	-nan
3	43862	378	-nan
3	43862	379	-nan
3	43862	380	-nan
3	43862	381	-nan
3	43862	382	-nan
3	43862	383	-nan
3	43862	384	-nan
3	43862	385	-nan
3	43862	386	-nan
3	43862	387	-nan
3	43862	388	-nan
3	43862	389	-nan
3	43862	390	-nan
3	43862	391	-nan
3	43862	392	-nan
3	43862	393	-nan
3	43862	394	-nan
3	43862	395	-nan
3	43862	396	-nan
3	43862	397	-nan
3	43862	398	-nan
3	43862	399	-nan
3	43862	400	-nan
3	43862	401	-nan
3	43862	402	-nan
3	43862	403	-nan
3	43862	404	-nan
3	43862	405	-nan
3	43862	406	-nan
3	43862	407	-nan
3	43862	408	-nan
3	43862	409	-nan
3	43862	410	-nan
3	43862	411	-nan
3	43862	412	-nan
3	43862	413	-nan
3	43862	414	-nan
3	43862	415	-nan
3	43862	416	-nan
3	43862	417	-nan
3	43862	418	-nan
3	43862	419	-nan
3	43862	420	-nan
3	43862	421	-nan
3	43862	422	-nan
3	43862	423	-nan
3	43862	424	-nan
3	43862	425	-nan
3	43862	426	-nan
3	43862	427	-nan
3	43862	428	-nan
3	43862	429	-nan
3	43862	430	-nan
3	43862	431	-nan
3	43862	432	-nan
3	43862	433	-nan
3	43862	434	-nan
3	43862	435	-nan
3	43862	436	-nan
3	43862	437	-nan
3	43862	438	-nan
3	43862	439	-nan
3	43862	440	-nan
3	43862	441	-nan
3	43862	442	-nan
3	43862	443	-nan
3	43862	444	-nan
3	43862	445	-nan
3	43862	446	-nan
3	43862	447	-nan
3	43862	448	-nan
3	43862	449	-nan
3	43862	450	-nan
3	43862	451	-nan
3	43862	452	-nan
3	43862	453	-nan
3	43862	454	-nan
3	43862	455	-nan
3	43862	456	-nan
3	43862	457	-nan
3	43862	458	-nan
3	43862	459	-nan
3	43862	460	-nan
3	43862	461	-nan
3	43862	462	-nan
3	43862	463	-nan
3	43862	464	-nan
3	43862	465	0
3	43862	466	-nan
3	43862	467	-nan
3	43862	468	-nan
3	43862	469	-nan
3	43862	470	-nan
3	43862	471	-nan
3	43862	472	-nan
3	43862	473	-nan
3	43862	474	-nan
3	43862	475	-nan
3	43862	476	-nan
3	43862	477	-nan
3	43862	478	-nan
3	43862	479	-nan
3	43862	480	-nan
3	43862	481	-nan
3	43862	482	-nan
3	43862	483	-nan
3	43862	484	-nan
3	43862	485	-nan
3	43862	486	-nan
3	43862	487	-nan
3	43862	488	-nan
3	43862	489	-nan
3	43862	490	-nan
3	43862	491	-nan
3	43862	492	-nan
3	43862	493	-nan
3	43862	494	-nan
3	43862	495	-nan
3	43862	496	-nan
3	43862	497	-nan
3	43862	498	-nan
3	43862	499	-nan
3	43862	500	-nan
3	43862	501	-nan
3	43862	502	-nan
3	43862	503	-nan
3	43862	504	-nan
3	43862	505	-nan
3	43862	506	-nan
3	43862	507	-nan
3	43862	508	-nan
3	43862	509	-nan
3	43862	510	-nan
3	43862	511	-nan
3	43862	512	-nan
3	43862	513	-nan
3	43862	514	-nan
3	43862	515	-nan
3	43862	516	-nan
3	43862	517	-nan
3	43862	518	-nan
3	43862	519	-nan
3	43862	520	-nan
3	43862	521	-nan
3	43862	522	-nan
3	43862	523	-nan
3	43862	524	-nan
3	43862	525	-nan
3	43862	526	-nan
3	43862	527	-nan
3	43862	528	-nan
3	43862	529	-nan
3	43862	530	-nan
3	43862	531	-nan
3	43862	532	-nan
3	43862	533	-nan
3	43862	534	-nan
3	43862	535	-nan
3	43862	536	-nan
3	43862	537	-nan
3	43862	538	-nan
3	43862	539	-nan
3	43862	540	-nan
3	43862	541	-nan
3	43862	542	-nan
3	43862	543	-nan
3	43862	544	-nan
3	43862	545	-nan
3	43862	546	-nan
3	43862	547	-nan
3	43862	548	-nan
3	43862	549	-nan
3	43862	550	-nan
3	43862	551	-nan
3	43862	552	-nan
3	43862	553	-nan
3	43862	554	-nan
3	43862	555	-nan
3	43862	556	-nan
3	43862	557	-nan
3	43862	558	-nan
3	43862	559	-nan
3	43862	560	-nan
3	43862	561	-nan
3	43862	562	-nan
3	43862	563	-nan
3	43862	564	-nan
3	43862	565	-nan
3	43862	566	-nan
3	43862	567	-nan
3	43862	568	-nan
3	43862	569	-nan
3	43862	570	-nan
3	43862	571	-nan
3	43862	572	-nan
3	43862	573	-nan
3	43862	574	-nan
3	43862	575	-nan
3	43862	576	-nan
3	43862	577	-nan
3	43862	578	-nan
3	43862	579	-nan
3	43862	580	-nan
3	43862	581	-nan
3	43862	582	-nan
3	43862	583	-nan
3	43862	584	-nan
3	43862	585	-nan
3	43862	586	-nan
3	43862	587	-nan
3	43862	588	-nan
3	43862	589	-nan
3	43862	590	-nan
3	43862	591	-nan
3	43862	592	-nan
3	43862	593	-nan
3	43862	594	-nan
3	43862	595	-nan
3	43862	596	-nan
3	43862	597	-nan
3	43862	598	-nan
3	43862	599	-nan
3	43862	600	-nan
3	43862	601	-nan
3	43862	602	-nan
3	43862	603	-nan
3	43862	604	-nan
vector 4  simple_scenario_network.node[4].content_store  hit_node[4]  ETV
4	43862	1	-nan
4	43862	2	0
4	43862	3	0
4	43862	4	-nan
4	43862	5	0
4	43862	6	0
4	43862	7	-nan
4	43862	8	0
4	43862	9	0
4	43862	10	0
4	43862	11	-nan
4	43862	12	-nan
4	43862	13	-nan
4	43862	14	0
4	43862	15	-nan
4	43862	16	-nan
4	43862	17	-nan
4	43862	18	-nan
4	43862	19	-nan
4	43862	20	0
4	43862	21	-nan
4	43862	22	0
4	43862	23	-nan
4	43862	24	-nan
4	43862	25	-nan
4	43862	26	-nan
4	43862	27	0
4	43862	28	-nan
4	43862	29	-nan
4	43862	30	-nan
4	43862	31	-nan
4	43862	32	-nan
4	43862	33	-nan
4	43862	34	-nan
4	43862	35	-nan
4	43862	36	-nan
4	43862	37	-nan
4	43862	38	-nan
4	43862	39	-nan
4	43862	40	-nan
4	43862	41	-nan
4	43862	42	-nan
4	43862	43	-nan
4	43862	44	0
4	43862	45	0
4	43862	46	-nan
4	43862	47	-nan
4	43862	48	-nan
4	43862	49	-nan
4	43862	50	-nan
4	43862	51	-nan
4	43862	52	-nan
4	43862	53	-nan
4	43862	54	-nan
4	43862	55	-nan
4	43862	56	-nan
4	43862	57	-nan
4	43862	58	-nan
4	43862	59	-nan
4	43862	60	-nan
4	43862	61	-nan
4	43862	62	-nan
4	43862	63	-nan
4	43862	64	-nan
4	43862	65	-nan
4	43862	66	-nan
4	43862	67	-nan
4	43862	68	-nan
4	43862	69	-nan
4	43862	70	-nan
4	43862	71	-nan
4	43862	72	-nan
4	43862	73	-nan
4	43862	74	-nan
4	43862	75	-nan
4	43862	76	-nan
4	43862	77	-nan
4	43862	78	-nan
4	43862	79	-nan
4	43862	80	-nan
4	43862	81	-nan
4	43862	82	-nan
4	43862	83	-nan
4	43862	84	-nan
4	43862	85	-nan
4	43862	86	-nan
4	43862	87	-nan
4	43862	88	-nan
4	43862	89	-nan
4	43862	90	-nan
4	43862	91	-nan
4	43862	92	-nan
4	43862	93	-nan
4	43862	94	-nan
4	43862	95	-nan
4	43862	96	-nan
4	43862	97	-nan
4	43862	98	0
4	43862	99	-nan
4	43862	100	-nan
4	43862	101	-nan
4	43862	102	-nan
4	43862	103	-nan
4	43862	104	-nan
4	43862	105	-nan
4	43862	106	-nan
4	43862	107	-nan
4	43862	108	-nan
4	43862	109	-nan
4	43862	110	-nan
4	43862	111	-nan
4	43862	112	-nan
4	43862	113	-nan
4	43862	114	-nan
4	43862	115	-nan
4	43862	116	-nan
4	43862	117	-nan
4	43862	118	-nan
4	43862	119	-nan
4	43862	120	-nan
4	43862	121	-nan
4	43862	122	-nan
4	43862	123	-nan
4	43862	124	-nan
4	43862	125	0
4	43862	126	-nan
4	43862	127	-nan
4	43862	128	-nan
4	43862	129	0
4	43862	130	-nan
4	43862	131	-nan
4	43862	132	-nan
4	43862	133	-nan
4	43862	134	-nan
4	43862	135	-nan
4	43862	136	-nan
4	43862	137	-nan
4	43862	138	-nan
4	43862	139	-nan
4	43862	140	-nan
4	43862	141	-nan
4	43862	142	-nan
4	43862	143	-nan
4	43862	144	-nan
4	43862	145	-nan
4	43862	146	-nan
4	43862	147	-nan
4	43862	148	-nan
4	43862	149	-nan
4	43862	150	0
4	43862	151	-nan
4	43862	152	-nan
4	43862	153	-nan
4	43862	154	-nan
4	43862	155	-nan
4	43862	156	-nan
4	43862	157	-nan
4	43862	158	-nan
4	43862	159	-nan
4	43862	160	-nan
4	43862	161	-nan
4	43862	162	-nan
4	43862	163	-nan
4	43862	164	-nan
4	43862	165	-nan
4	43862	166	-nan
4	43862	167	-nan
4	43862	168	-nan
4	43862	169	-nan
4	43862	170	-nan
4	43862	171	-nan
4	43862	172	-nan
4	43862	173	-nan
4	43862	174	-nan
4	43862	175	-nan
4	43862	176	-nan
4	43862	177	-nan
4	43862	178	-nan
4	43862	179	-nan
4	43862	180	-nan
4	43862	181	-nan
4	43862	182	-nan
4	43862	183	-nan
4	43862	184	-nan
4	43862	185	-nan
4	43862	186	-nan
4	43862	187	-nan
4	43862	188	-nan
4	43862	189	-nan
4	43862	190	-nan
4	43862	191	-nan
4	43862	192	-nan
4	43862	193	-nan
4	43862	194	-nan
4	43862	195	-nan
4	43862	196	-nan
4	43862	197	-nan
4	43862	198	-nan
4	43862	199	-nan
4	43862	200	-nan
4	43862	201	-nan
4	43862	202	-nan
4	43862	203	-nan
4	43862	204	-nan
4	43862	205	-nan
4	43862	206	-nan
4	43862	207	-nan
4	43862	208	-nan
4	43862	209	-nan
4	43862	210	-nan
4	43862	211	-nan
4	43862	212	-nan
4	43862	213	-nan
4	43862	214	-nan
4	43862	215	-nan
4	43862	216	-nan
4	43862	217	-nan
4	43862	218	-nan
4	43862	219	-nan
4	43862	220	-nan
4	43862	221	-nan
4	43862	222	-nan
4	43862	223	-nan
4	43862	224	-nan
4	43862	225	-nan
4	43862	226	-nan
4	43862	227	-nan
4	43862	228	-nan
4	43862	229	-nan
4	43862	230	-nan
4	43862	231	-nan
4	43862	232	-nan
4	43862	233	-nan
4	43862	234	-nan
4	43862	235	-nan
4	43862	236	-nan
4	43862	237	-nan
4	43862	238	-nan
4	43862	239	-nan
4	43862	240	-nan
4	43862	241	-nan
4	43862	242	-nan
4	43862	243	-nan
4	43862	244	-nan
4	43862	245	-nan
4	43862	246	-nan
4	43862	247	-nan
4	43862	248	-nan
4	43862	249	-nan
4	43862	250	-nan
4	43862	251	-nan
4	43862	252	-nan
4	43862	253	-nan
4	43862	254	-nan
4	43862	255	-nan
4	43862	256	-nan
4	43862	257	-nan
4	43862	258	-nan
4	43862	259	-nan
4	43862	260	-nan
4	43862	261	-nan
4	43862	262	-nan
4	43862	263	-nan
4	43862	264	-nan
4	43862	265	-nan
4	43862	266	-nan
4	43862	267	-nan
4	43862	268	-nan
4	43862	269	-nan
4	43862	270	-nan
4	43862	271	-nan
4	43862	272	-nan
4	43862	273	-nan
4	43862	274	-nan
4	43862	275	-nan
4	43862	276	-nan
4	43862	277	-nan
4	43862	278	-nan
4	43862	279	-nan
4	43862	280	-nan
4	43862	281	0
4	43862	282	-nan
4	43862	283	-nan
4	43862	284	-nan
4	43862	285	-nan
4	43862	286	-nan
4	43862	287	-nan
4	43862	288	-nan
4	43862	289	-nan
4	43862	290	-nan
4	43862	291	-nan
4	43862	292	-nan
4	43862	293	-nan
4	43862	294	-nan
4	43862	295	-nan
4	43862	296	-nan
4	43862	297	-nan
4	43862	298	-nan
4	43862	299	0
4	43862	300	-nan
4	43862	301	-nan
4	43862	302	-nan
4	43862	303	-nan
4	43862	304	-nan
4	43862	305	-nan
4	43862	306	-nan
4	43862	307	-nan
4	43862	308	-nan
4	43862	309	-nan
4	43862	310	-nan
4	43862	311	-nan
4	43862	312	-nan
4	43862	313	-nan
4	43862	314	-nan
4	43862	315	-nan
4	43862	316	-nan
4	43862	317	-nan
4	43862	318	-nan
4	43862	319	-nan
4	43862	320	-nan
4	43862	321	-nan
4	43862	322	-nan
4	43862	323	-nan
4	43862	324	-nan
4	43862	325	-nan
4	43862	326	-nan
4	43862	327	-nan
4	43862	328	-nan
4	43862	329	-nan
4	43862	330	-nan
4	43862	331	-nan
4	43862	332	-nan
4	43862	333	-nan
4	43862	334	-nan
4	43862	335	-nan
4	43862	336	-nan
4	43862	337	-nan
4	43862	338	-nan
4	43862	339	-nan
4	43862	340	-nan
4	43862	341	-nan
4	43862	342	-nan
4	43862	343	0
4	43862	344	-nan
4	43862	345	-nan
4	43862	346	-nan
4	43862	347	-nan
4	43862	348	-nan
4	43862	349	-nan
4	43862	350	-nan
4	43862	351	-nan
4	43862	352	-nan
4	43862	353	-nan
4	43862	354	-nan
4	43862	355	-nan
4	43862	356	-nan
4	43862	357	-nan
4	43862	358	-nan
4	43862	359	-nan
4	43862	360	-nan
4	43862	361	-nan
4	43862	362	-nan
4	43862	363	-nan
4	43862	364	-nan
4	43862	365	-nan
4	43862	366	-nan
4	43862	367	-nan
4	43862	368	-nan
4	43862	369	-nan
4	43862	370	-nan
4	43862	371	-nan
4	43862	372	-nan
4	43862	373	-nan
4	43862	374	-nan
4	43862	375	-nan
4	43862	376	-nan
4	43862	377	-nan
4	43862	378	-nan
4	43862	379	-nan
4	43862	380	-nan
4	43862	381	-nan
4	43862	382	-nan
4	43862	383	-nan
4	43862	384	-nan
4	43862	385	-nan
4	43862	386	-nan
4	43862	387	-nan
4	43862	388	-nan
4	43862	389	-nan
4	43862	390	-nan
4	43862	391	-nan
4	43862	392	-nan
4	43862	393	-nan
4	43862	394	-nan
4	43862	395	-nan
4	43862	396	-nan
4	43862	397	-nan
4	43862	398	-nan
4	43862	399	-nan
4	43862	400	-nan
4	43862	401	-nan
4	43862	402	0
4	43862	403	-nan
4	43862	404	-nan
4	43862	405	-nan
4	43862	406	-nan
4	43862	407	-nan
4	43862	408	-nan
4	43862	409	-nan
4	43862	410	-nan
4	43862	411	-nan
4	43862	412	-nan
4	43862	413	-nan
4	43862	414	-nan
4	43862	415	-nan
4	43862	416	-nan
4	43862	417	-nan
4	43862	418	-nan
4	43862	419	-nan
4	43862	420	0
4	43862	421	-nan
4	43862	422	-nan
4	43862	423	-nan
4	43862	424	-nan
4	43862	425	-nan
4	43862	426	-nan
4	43862	427	-nan
4	43862	428	-nan
4	43862	429	-nan
4	43862	430	-nan
4	43862	431	-nan
4	43862	432	-nan
4	43862	433	-nan
4	43862	434	-nan
4	43862	435	-nan
4	43862	436	-nan
4	43862	437	-nan
4	43862	438	-nan
4	43862	439	-nan
4	43862	440	-nan
4	43862	441	-nan
4	43862	442	-nan
4	43862	443	-nan
4	43862	444	-nan
4	43862	445	-nan
4	43862	446	-nan
4	43862	447	-nan
4	43862	448	-nan
4	43862	449	-nan
4	43862	450	-nan
4	43862	451	-nan
4	43862	452	-nan
4	43862	453	-nan
4	43862	454	-nan
4	43862	455	-nan
4	43862	456	-nan
4	43862	457	-nan
4	43862	458	-nan
4	43862	459	-nan
4	43862	460	-nan
4	43862	461	-nan
4	43862	462	-nan
4	43862	463	-nan
4	43862	464	-nan
4	43862	465	-nan
4	43862	466	-nan
4	43862	467	-nan
4	43862	468	-nan
4	43862	469	-nan
4	43862	470	-nan
4	43862	471	-nan
4	43862	472	-nan
4	43862	473	-nan
4	43862	474	-nan
4	43862	475	-nan
4	43862	476	-nan
4	43862	477	-nan
4	43862	478	-nan
4	43862	479	-nan
4	43862	480	-nan
4	43862	481	-nan
4	43862	482	-nan
4	43862	483	-nan
4	43862	484	-nan
4	43862	485	-nan
4	43862	486	-nan
4	43862	487	-nan
4	43862	488	-nan
4	43862	489	0
4	43862	490	-nan
4	43862	491	-nan
4	43862	492	-nan
4	43862	493	-nan
4	43862	494	-nan
4	43862	495	0
4	43862	496	-nan
4	43862	497	-nan
4	43862	498	-nan
4	43862	499	-nan
4	43862	500	-nan
4	43862	501	-nan
4	43862	502	-nan
4	43862	503	-nan
4	43862	504	-nan
4	43862	505	-nan
4	43862	506	-nan
4	43862	507	-nan
4	43862	508	0
4	43862	509	-nan
4	43862	510	-nan
4	43862	511	-nan
4	43862	512	-nan
4	43862	513	-nan
4	43862	514	-nan
4	43862	515	-nan
4	43862	516	-nan
4	43862	517	-nan
4	43862	518	-nan
4	43862	519	-nan
4	43862	520	-nan
4	43862	521	-nan
4	43862	522	-nan
4	43862	523	-nan
4	43862	524	-nan
4	43862	525	-nan
4	43862	526	-nan
4	43862	527	-nan
4	43862	528	-nan
4	43862	529	-nan
4	43862	530	-nan
4	43862	531	-nan
4	43862	532	-nan
4	43862	533	-nan
4	43862	534	-nan
4	43862	535	-nan
4	43862	536	-nan
4	43862	537	-nan
4	43862	538	-nan
4	43862	539	-nan
4	43862	540	-nan
4	43862	541	-nan
4	43862	542	-nan
4	43862	543	-nan
4	43862	544	-nan
4	43862	545	-nan
4	43862	546	-nan
4	43862	547	-nan
4	43862	548	-nan
4	43862	549	-nan
4	43862	550	-nan
4	43862	551	-nan
4	43862	552	-nan
4	43862	553	-nan
4	43862	554	-nan
4	43862	555	-nan
4	43862	556	-nan
4	43862	557	-nan
4	43862	558	-nan
4	43862	559	-nan
4	43862	560	-nan
4	43862	561	-nan
4	43862	562	-nan
4	43862	563	-nan
4	43862	564	-nan
4	43862	565	-nan
4	43862	566	-nan
4	43862	567	-nan
4	43862	568	-nan
4	43862	569	-nan
4	43862	570	-nan
4	43862	571	-nan
4	43862	572	-nan
4	43862	573	-nan
4	43862	574	-nan
4	43862	575	-nan
4	43862	576	-nan
4	43862	577	-nan
4	43862	578	-nan
4	43862	579	-nan
4	43862	580	-nan
4	43862	581	-nan
4	43862	582	-nan
4	43862	583	-nan
4	43862	584	-nan
4	43862	585	-nan
4	43862	586	-nan
4	43862	587	-nan
4	43862	588	-nan
4	43862	589	-nan
4	43862	590	-nan
4	43862	591	-nan
4	43862	592	0
4	43862	593	-nan
4	43862	594	-nan
4	43862	595	-nan
4	43862	596	-nan
4	43862	597	-nan
4	43862	598	-nan
4	43862	599	-nan
4	43862	600	-nan
4	43862	601	-nan
4	43862	602	-nan
4	43862	603	-nan
4	43862	604	-nan
vector 5  simple_scenario_network.client[0]  hdistance[0]  ETV
5	43862	1	2.9168831168831
5	43862	2	2.1764705882353
5	43862	3	2.9574468085106
5	43862	4	0
5	43862	5	2.9310344827586
5	43862	6	2.937984496124
5	43862	7	0
5	43862	8	3
5	43862	9	3
5	43862	10	2.9569892473118
5	43862	11	0
5	43862	12	0
5	43862	13	0
5	43862	14	3
5	43862	15	0
5	43862	16	0
5	43862	17	0
5	43862	18	0
5	43862	19	0
5	43862	20	3
5	43862	21	0
5	43862	22	3
5	43862	23	0
5	43862	24	0
5	43862	25	0
5	43862	26	0
5	43862	27	3
5	43862	28	0
5	43862	29	0
5	43862	30	0
5	43862	31	0
5	43862	32	0
5	43862	33	0
5	43862	34	3
5	43862	35	0
5	43862	36	0
5	43862	37	0
5	43862	38	0
5	43862	39	0
5	43862	40	0
5	43862	41	3
5	43862	42	0
5	43862	43	0
5	43862	44	3
5	43862	45	3
5	43862	46	0
5	43862	47	0
5	43862	48	0
5	43862	49	3
5	43862	50	0
5	43862	51	0
5	43862	52	0
5	43862	53	0
5	43862	54	0
5	43862	55	0
5	43862	56	0
5	43862	57	0
5	43862	58	0
5	43862	59	3
5	43862	60	0
5	43862	61	0
5	43862	62	3
5	43862	63	0
5	43862	64	0
5	43862	65	0
5	43862	66	0
5	43862	67	0
5	43862	68	0
5	43862	69	0
5	43862	70	0
5	43862	71	0
5	43862	72	0
5	43862	73	0
5	43862	74	0
5	43862	75	3
5	43862	76	0
5	43862	77	0
5	43862	78	0
5	43862	79	0
5	43862	80	0
5	43862	81	0
5	43862	82	0
5	43862	83	0
5	43862	84	0
5	43862	85	0
5	43862	86	0
5	43862	87	0
5	43862	88	0
5	43862	89	0
5	43862	90	0
5	43862	91	0
5	43862	92	0
5	43862	93	0
5	43862	94	0
5	43862	95	0
5	43862	96	0
5	43862	97	0
5	43862	98	3
5	43862	99	0
5	43862	100	3
5	43862	101	0
5	43862	102	3
5	43862	103	0
5	43862	104	0
5	43862	105	0
5	43862	106	0
5	43862	107	0
5	43862	108	0
5	43862	109	0
5	43862	110	0
5	43862	111	0
5	43862	112	0
5	43862	113	3
5	43862	114	0
5	43862	115	0
5	43862	116	0
5	43862	117	0
5	43862	118	0
5	43862	119	0
5	43862	120	0
5	43862	121	0
5	43862	122	0
5	43862	123	0
5	43862	124	0
5	43862	125	3
5	43862	126	0
5	43862	127	0
5	43862	128	0
5	43862	129	3
5	43862	130	0
5	43862	131	0
5	43862	132	0
5	43862	133	0
5	43862	134	0
5	43862	135	0
5	43862	136	0
5	43862	137	0
5	43862	138	0
5	43862	139	0
5	43862	140	0
5	43862	141	0
5	43862	142	0
5	43862	143	0
5	43862	144	0
5	43862	145	0
5	43862	146	0
5	43862	147	0
5	43862	148	0
5	43862	149	0
5	43862	150	3
5	43862	151	3
5	43862	152	0
5	43862	153	0
5	43862	154	0
5	43862	155	0
5	43862	156	0
5	43862	157	0
5	43862	158	0
5	43862	159	3
5	43862	160	0
5	43862	161	0
5	43862	162	0
5	43862	163	0
5	43862	164	0
5	43862	165	0
5	43862	166	0
5	43862	167	0
5	43862	168	0
5	43862	169	0
5	43862	170	0
5	43862	171	0
5	43862	172	0
5	43862	173	0
5	43862	174	0
5	43862	175	0
5	43862	176	0
5	43862	177	0
5	43862	178	3
5	43862	179	0
5	43862	180	0
5	43862	181	0
5	43862	182	0
5	43862	183	0
5	43862	184	0
5	43862	185	0
5	43862	186	0
5	43862	187	0
5	43862	188	0
5	43862	189	0
5	43862	190	0
5	43862	191	0
5	43862	192	0
5	43862	193	0
5	43862	194	0
5	43862	195	0
5	43862	196	0
5	43862	197	0
5	43862	198	0
5	43862	199	0
5	43862	200	0
5	43862	201	0
5	43862	202	0
5	43862	203	0
5	43862	204	0
5	43862	205	0
5	43862	206	0
5	43862	207	0
5	43862	208	0
5	43862	209	0
5	43862	210	0
5	43862	211	0
5	43862	212	0
5	43862	213	0
5	43862	214	0
5	43862	215	0
5	43862	216	0
5	43862	217	0
5	43862	218	0
5	43862	219	0
5	43862	220	0
5	43862	221	0
5	43862	222	0
5	43862	223	0
5	43862	224	0
5	43862	225	0
5	43862	226	0
5	43862	227	0
5	43862	228	0
5	43862	229	0
5	43862	230	0
5	43862	231	0
5	43862	232	0
5	43862	233	0
5	43862	234	0
5	43862	235	0
5	43862	236	0
5	43862	237	0
5	43862	238	3
5	43862	239	0
5	43862	240	0
5	43862	241	0
5	43862	242	0
5	43862	243	0
5	43862	244	0
5	43862	245	0
5	43862	246	0
5	43862	247	0
5	43862	248	0
5	43862	249	0
5	43862	250	0
5	43862	251	0
5	43862	252	0
5	43862	253	0
5	43862	254	0
5	43862	255	0
5	43862	256	0
5	43862	257	0
5	43862	258	0
5	43862	259	0
5	43862	260	0
5	43862	261	0
5	43862	262	0
5	43862	263	0
5	43862	264	0
5	43862	265	0
5	43862	266	0
5	43862	267	0
5	43862	268	0
5	43862	269	0
5	43862	270	0
5	43862	271	0
5	43862	272	0
5	43862	273	0
5	43862	274	0
5	43862	275	0
5	43862	276	0
5	43862	277	0
5	43862	278	0
5	43862	279	0
5	43862	280	0
5	43862	281	3
5	43862	282	0
5	43862	283	0
5	43862	284	0
5	43862	285	0
5	43862	286	0
5	43862	287	0
5	43862	288	0
5	43862	289	0
5	43862	290	0
5	43862	291	0
5	43862	292	0
5	43862	293	3
5	43862	294	0
5	43862	295	0
5	43862	296	0
5	43862	297	0
5	43862	298	0
5	43862	299	3
5	43862	300	0
5	43862	301	0
5	43862	302	0
5	43862	303	0
5	43862	304	0
5	43862	305	0
5	43862	306	0
5	43862	307	0
5	43862	308	0
5	43862	309	0
5	43862	310	0
5	43862	311	0
5	43862	312	0
5	43862	313	0
5	43862	314	0
5	43862	315	0
5	43862	316	0
5	43862	317	0
5	43862	318	0
5	43862	319	0
5	43862	320	0
5	43862	321	0
5	43862	322	0
5	43862	323	0
5	43862	324	0
5	43862	325	0
5	43862	326	0
5	43862	327	0
5	43862	328	0
5	43862	329	0
5	43862	330	0
5	43862	331	0
5	43862	332	0
5	43862	333	0
5	43862	334	0
5	43862	335	0
5	43862	336	0
5	43862	337	0
5	43862	338	0
5	43862	339	0
5	43862	340	0
5	43862	341	0
5	43862	342	0
5	43862	343	3
5	43862	344	0
5	43862	345	0
5	43862	346	0
5	43862	347	0
5	43862	348	0
5	43862	349	0
5	43862	350	0
5	43862	351	0
5	43862	352	0
5	43862	353	0
5	43862	354	3
5	43862	355	0
5	43862	356	0
5	43862	357	0
5	43862	358	0
5	43862	359	0
5	43862	360	0
5	43862	361	0
5	43862	362	0
5	43862	363	0
5	43862	364	0
5	43862	365	0
5	43862	366	0
5	43862	367	0
5	43862	368	0
5	43862	369	0
5	43862	370	0
5	43862	371	0
5	43862	372	0
5	43862	373	0
5	43862	374	0
5	43862	375	0
5	43862	376	0
5	43862	377	0
5	43862	378	0
5	43862	379	0
5	43862	380	0
5	43862	381	0
5	43862	382	0
5	43862	383	0
5	43862	384	0
5	43862	385	0
5	43862	386	0
5	43862	387	0
5	43862	388	0
5	43862	389	0
5	43862	390	0
5	43862	391	0
5	43862	392	0
5	43862	393	0
5	43862	394	0
5	43862	395	0
5	43862	396	0
5	43862	397	0
5	43862	398	0
5	43862	399	0
5	43862	400	0
5	43862	401	0
5	43862	402	3
5	43862	403	0
5	43862	404	0
5	43862	405	0
5	43862	406	0
5	43862	407	0
5	43862	408	0
5	43862	409	0
5	43862	410	0
5	43862	411	0
5	43862	412	0
5	43862	413	0
5	43862	414	0
5	43862	415	0
5	43862	416	0
5	43862	417	0
5	43862	418	0
5	43862	419	0
5	43862	420	3
5	43862	421	0
5	43862	422	0
5	43862	423	0
5	43862	424	0
5	43862	425	0
5	43862	426	0
5	43862	427	0
5	43862	428	0
5	43862	429	0
5	43862	430	0
5	43862	431	0
5	43862	432	0
5	43862	433	0
5	43862	434	0
5	43862	435	0
5	43862	436	0
5	43862	437	0
5	43862	438	0
5	43862	439	0
5	43862	440	0
5	43862	441	0
5	43862	442	0
5	43862	443	0
5	43862	444	0
5	43862	445	0
5	43862	446	0
5	43862	447	0
5	43862	448	0
5	43862	449	0
5	43862	450	0
5	43862	451	0
5	43862	452	0
5	43862	453	0
5	43862	454	0
5	43862	455	0
5	43862	456	0
5	43862	457	0
5	43862	458	0
5	43862	459	0
5	43862	460	0
5	43862	461	0
5	43862	462	0
5	43862	463	0
5	43862	464	0
5	43862	465	3
5	43862	466	0
5	43862	467	0
5	43862	468	0
5	43862	469	0
5	43862	470	0
5	43862	471	0
5	43862	472	0
5	43862	473	0
5	43862	474	0
5	43862	475	0
5	43862	476	0
5	43862	477	0
5	43862	478	0
5	43862	479	0
5	43862	480	0
5	43862	481	0
5	43862	482	0
5	43862	483	0
5	43862	484	0
5	43862	485	0
5	43862	486	0
5	43862	487	0
5	43862	488	0
5	43862	489	3
5	43862	490	0
5	43862	491	0
5	43862	492	0
5	43862	493	0
5	43862	494	0
5	43862	495	3
5	43862	496	0
5	43862	497	0
5	43862	498	0
5	43862	499	0
5	43862	500	0
5	43862	501	0
5	43862	502	0
5	43862	503	0
5	43862	504	0
5	43862	505	0
5	43862	506	0
5	43862	507	0
5	43862	508	3
5	43862	509	0
5	43862	510	0
5	43862	511	0
5	43862	512	0
5	43862	513	0
5	43862	514	0
5	43862	515	0
5	43862	516	0
5	43862	517	0
5	43862	518	0
5	43862	519	0
5	43862	520	0
5	43862	521	0
5	43862	522	0
5	43862	523	0
5	43862	524	0
5	43862	525	0
5	43862	526	0
5	43862	527	0
5	43862	528	0
5	43862	529	0
5	43862	530	0
5	43862	531	0
5	43862	532	0
5	43862	533	0
5	43862	534	0
5	43862	535	0
5	43862	536	0
5	43862	537	0
5	43862	538	0
5	43862	539	0
5	43862	540	0
5	43862	541	0
5	43862	542	0
5	43862	543	0
5	43862	544	0
5	43862	545	0
5	43862	546	0
5	43862	547	0
5	43862	548	0
5	43862	549	0
5	43862	550	0
5	43862	551	0
5	43862	552	0
5	43862	553	0
5	43862	554	0
5	43862	555	0
5	43862	556	0
5	43862	557	0
5	43862	558	0
5	43862	559	0
5	43862	560	0
5	43862	561	0
5	43862	562	0
5	43862	563	0
5	43862	564	0
5	43862	565	0
5	43862	566	0
5	43862	567	0
5	43862	568	0
5	43862	569	0
5	43862	570	0
5	43862	571	0
5	43862	572	0
5	43862	573	0
5	43862	574	0
5	43862	575	0
5	43862	576	0
5	43862	577	0
5	43862	578	0
5	43862	579	0
5	43862	580	0
5	43862	581	0
5	43862	582	0
5	43862	583	0
5	43862	584	0
5	43862	585	0
5	43862	586	0
5	43862	587	0
5	43862	588	0
5	43862	589	0
5	43862	590	0
5	43862	591	0
5	43862	592	3
5	43862	593	0
5	43862	594	0
5	43862	595	0
5	43862	596	0
5	43862	597	0
5	43862	598	0
5	43862	599	0
5	43862	600	0
5	43862	601	0
5	43862	602	0
5	43862	603	0
5	43862	604	0
