version 2
run General-0-20150519-11:38:05-23083
attr D lce
attr F nrr
attr R lru
attr a 1
attr configname General
attr datetime 20150519-11:38:05
attr experiment General
attr inifile omnetpp.ini
attr iterationvars "$net=geant, $rep=0, $a=1, $F=nrr, $ttl=1000, $D=lce, $R=lru"
attr iterationvars2 "$net=geant, $rep=0, $a=1, $F=nrr, $ttl=1000, $D=lce, $R=lru, $repetition=0"
attr measurement "$net=geant, $rep=0, $a=1, $F=nrr, $ttl=1000, $D=lce, $R=lru"
attr net geant
attr network networks.${net=geant}_network
attr processid 23083
attr rep 0
attr repetition 0
attr replication #0
attr resultdir results
attr runnumber 0
attr seedset 0
attr ttl 1000

vector 0  geant_network.node[0].content_store  hit_node[0]  ETV
0	6949854	1	1
0	6949854	2	0.98863636363636
0	6949854	3	0.98484848484848
0	6949854	4	0.90384615384615
0	6949854	5	0.65384615384615
0	6949854	6	0.80769230769231
0	6949854	7	0.75
0	6949854	8	0.77777777777778
0	6949854	9	0.63636363636364
0	6949854	10	0.66666666666667
0	6949854	11	0.36363636363636
0	6949854	12	0.36363636363636
0	6949854	13	0.5
0	6949854	14	0.42857142857143
0	6949854	15	0.52631578947368
0	6949854	16	0.33333333333333
0	6949854	17	0.375
0	6949854	18	0.35714285714286
0	6949854	19	0.2
0	6949854	20	0.5
0	6949854	21	0.22222222222222
0	6949854	22	0.42857142857143
0	6949854	23	0
0	6949854	24	0
0	6949854	25	0.375
0	6949854	26	0.33333333333333
0	6949854	27	0.25
0	6949854	28	0.33333333333333
0	6949854	29	0.33333333333333
0	6949854	30	0
0	6949854	31	0.57142857142857
0	6949854	32	0.33333333333333
0	6949854	33	0.33333333333333
0	6949854	34	0.33333333333333
0	6949854	35	0.28571428571429
0	6949854	36	0.4
0	6949854	37	0.4
0	6949854	38	0.16666666666667
0	6949854	39	0.5
0	6949854	40	0.16666666666667
0	6949854	41	0.375
0	6949854	42	0.25
0	6949854	43	0.2
0	6949854	44	0
0	6949854	45	0
0	6949854	46	0
0	6949854	47	0
0	6949854	48	0.33333333333333
0	6949854	49	0.125
0	6949854	50	0.36363636363636
0	6949854	51	0
0	6949854	52	0
0	6949854	53	0
0	6949854	54	0.25
0	6949854	55	0.16666666666667
0	6949854	56	0.25
0	6949854	57	0
0	6949854	58	0
0	6949854	59	0
0	6949854	60	-nan
0	6949854	61	0
0	6949854	62	0
0	6949854	63	0
0	6949854	64	0
0	6949854	65	-nan
0	6949854	66	0
0	6949854	67	0
0	6949854	68	0.4
0	6949854	69	0.33333333333333
0	6949854	70	0.25
0	6949854	71	0
0	6949854	72	0
0	6949854	73	0.27272727272727
0	6949854	74	0
0	6949854	75	-nan
0	6949854	76	0
vector 1  geant_network.node[1].content_store  hit_node[1]  ETV
1	6949854	1	-nan
1	6949854	2	-nan
1	6949854	3	-nan
1	6949854	4	-nan
1	6949854	5	-nan
1	6949854	6	-nan
1	6949854	7	-nan
1	6949854	8	0
1	6949854	9	-nan
1	6949854	10	0
1	6949854	11	0.25
1	6949854	12	-nan
1	6949854	13	0
1	6949854	14	-nan
1	6949854	15	-nan
1	6949854	16	0
1	6949854	17	0
1	6949854	18	0
1	6949854	19	0
1	6949854	20	0.2
1	6949854	21	0.33333333333333
1	6949854	22	-nan
1	6949854	23	0
1	6949854	24	0
1	6949854	25	0.28571428571429
1	6949854	26	0
1	6949854	27	0.5
1	6949854	28	0.25
1	6949854	29	0
1	6949854	30	-nan
1	6949854	31	0.5
1	6949854	32	-nan
1	6949854	33	0.66666666666667
1	6949854	34	0
1	6949854	35	0.71428571428571
1	6949854	36	0
1	6949854	37	0
1	6949854	38	0.28571428571429
1	6949854	39	0
1	6949854	40	0.55555555555556
1	6949854	41	0.4
1	6949854	42	0
1	6949854	43	0
1	6949854	44	0
1	6949854	45	0
1	6949854	46	0.33333333333333
1	6949854	47	0
1	6949854	48	0.5
1	6949854	49	0
1	6949854	50	0.28571428571429
1	6949854	51	0.4
1	6949854	52	0.33333333333333
1	6949854	53	1
1	6949854	54	0
1	6949854	55	0.75
1	6949854	56	-nan
1	6949854	57	0
1	6949854	58	-nan
1	6949854	59	0
1	6949854	60	-nan
1	6949854	61	0.25
1	6949854	62	0
1	6949854	63	0.5
1	6949854	64	-nan
1	6949854	65	-nan
1	6949854	66	0
1	6949854	67	-nan
1	6949854	68	0
1	6949854	69	0.45454545454545
1	6949854	70	0
1	6949854	71	0.5
1	6949854	72	-nan
1	6949854	73	0
1	6949854	74	0
1	6949854	75	-nan
1	6949854	76	-nan
vector 2  geant_network.node[2].content_store  hit_node[2]  ETV
2	6949854	1	-nan
2	6949854	2	-nan
2	6949854	3	-nan
2	6949854	4	-nan
2	6949854	5	-nan
2	6949854	6	-nan
2	6949854	7	-nan
2	6949854	8	-nan
2	6949854	9	-nan
2	6949854	10	-nan
2	6949854	11	-nan
2	6949854	12	-nan
2	6949854	13	-nan
2	6949854	14	-nan
2	6949854	15	-nan
2	6949854	16	-nan
2	6949854	17	-nan
2	6949854	18	-nan
2	6949854	19	-nan
2	6949854	20	-nan
2	6949854	21	-nan
2	6949854	22	-nan
2	6949854	23	-nan
2	6949854	24	-nan
2	6949854	25	-nan
2	6949854	26	-nan
2	6949854	27	-nan
2	6949854	28	-nan
2	6949854	29	-nan
2	6949854	30	-nan
2	6949854	31	-nan
2	6949854	32	-nan
2	6949854	33	-nan
2	6949854	34	-nan
2	6949854	35	-nan
2	6949854	36	-nan
2	6949854	37	-nan
2	6949854	38	-nan
2	6949854	39	-nan
2	6949854	40	-nan
2	6949854	41	-nan
2	6949854	42	-nan
2	6949854	43	-nan
2	6949854	44	-nan
2	6949854	45	-nan
2	6949854	46	-nan
2	6949854	47	-nan
2	6949854	48	-nan
2	6949854	49	-nan
2	6949854	50	-nan
2	6949854	51	-nan
2	6949854	52	-nan
2	6949854	53	-nan
2	6949854	54	-nan
2	6949854	55	-nan
2	6949854	56	-nan
2	6949854	57	-nan
2	6949854	58	-nan
2	6949854	59	-nan
2	6949854	60	-nan
2	6949854	61	-nan
2	6949854	62	-nan
2	6949854	63	-nan
2	6949854	64	-nan
2	6949854	65	-nan
2	6949854	66	-nan
2	6949854	67	-nan
2	6949854	68	-nan
2	6949854	69	-nan
2	6949854	70	-nan
2	6949854	71	-nan
2	6949854	72	-nan
2	6949854	73	-nan
2	6949854	74	-nan
2	6949854	75	-nan
2	6949854	76	-nan
vector 3  geant_network.node[3].content_store  hit_node[3]  ETV
3	6949854	1	-nan
3	6949854	2	-nan
3	6949854	3	-nan
3	6949854	4	-nan
3	6949854	5	0
3	6949854	6	0
3	6949854	7	-nan
3	6949854	8	-nan
3	6949854	9	-nan
3	6949854	10	0
3	6949854	11	0.5
3	6949854	12	-nan
3	6949854	13	0
3	6949854	14	0
3	6949854	15	0
3	6949854	16	0.33333333333333
3	6949854	17	0
3	6949854	18	-nan
3	6949854	19	0.5
3	6949854	20	0.2
3	6949854	21	0.33333333333333
3	6949854	22	-nan
3	6949854	23	0.5
3	6949854	24	0.5
3	6949854	25	0.375
3	6949854	26	0
3	6949854	27	0.33333333333333
3	6949854	28	0.66666666666667
3	6949854	29	-nan
3	6949854	30	0
3	6949854	31	0.5
3	6949854	32	0.2
3	6949854	33	0.2
3	6949854	34	0.33333333333333
3	6949854	35	0
3	6949854	36	0
3	6949854	37	0
3	6949854	38	0
3	6949854	39	0
3	6949854	40	0
3	6949854	41	0
3	6949854	42	1
3	6949854	43	0
3	6949854	44	0.8
3	6949854	45	0.25
3	6949854	46	0
3	6949854	47	0
3	6949854	48	0.33333333333333
3	6949854	49	0.33333333333333
3	6949854	50	0.5
3	6949854	51	0.25
3	6949854	52	0.33333333333333
3	6949854	53	0.125
3	6949854	54	0.33333333333333
3	6949854	55	0.28571428571429
3	6949854	56	0
3	6949854	57	-nan
3	6949854	58	0.33333333333333
3	6949854	59	0.25
3	6949854	60	0
3	6949854	61	0.2
3	6949854	62	0.5
3	6949854	63	0.25
3	6949854	64	-nan
3	6949854	65	0
3	6949854	66	0
3	6949854	67	0
3	6949854	68	0.4
3	6949854	69	0.33333333333333
3	6949854	70	0.42857142857143
3	6949854	71	0.2
3	6949854	72	-nan
3	6949854	73	0.16666666666667
3	6949854	74	0
3	6949854	75	-nan
3	6949854	76	0.5
vector 4  geant_network.node[4].content_store  hit_node[4]  ETV
4	6949854	1	1
4	6949854	2	0.91566265060241
4	6949854	3	0.88524590163934
4	6949854	4	0.89795918367347
4	6949854	5	0.67741935483871
4	6949854	6	0.67647058823529
4	6949854	7	0.65625
4	6949854	8	0.6551724137931
4	6949854	9	0.6
4	6949854	10	0.7037037037037
4	6949854	11	0.6
4	6949854	12	0.46666666666667
4	6949854	13	0.42857142857143
4	6949854	14	0.64
4	6949854	15	0.52941176470588
4	6949854	16	0.6
4	6949854	17	0.5
4	6949854	18	0.35714285714286
4	6949854	19	0.5
4	6949854	20	0.36363636363636
4	6949854	21	0.36363636363636
4	6949854	22	0.16666666666667
4	6949854	23	0.3
4	6949854	24	0.63636363636364
4	6949854	25	0.2
4	6949854	26	0.54545454545455
4	6949854	27	0.63636363636364
4	6949854	28	0.28571428571429
4	6949854	29	0.4
4	6949854	30	0.53333333333333
4	6949854	31	0.25
4	6949854	32	0.33333333333333
4	6949854	33	0.6
4	6949854	34	0.22222222222222
4	6949854	35	0.5
4	6949854	36	0.28571428571429
4	6949854	37	0.4
4	6949854	38	0.36363636363636
4	6949854	39	0
4	6949854	40	0.5
4	6949854	41	0.25
4	6949854	42	0.25
4	6949854	43	0.28571428571429
4	6949854	44	0.4
4	6949854	45	0.4
4	6949854	46	0.16666666666667
4	6949854	47	0.25
4	6949854	48	0.25
4	6949854	49	0.46153846153846
4	6949854	50	0.2
4	6949854	51	0
4	6949854	52	0.16666666666667
4	6949854	53	0.28571428571429
4	6949854	54	0
4	6949854	55	0.2
4	6949854	56	0.33333333333333
4	6949854	57	0.375
4	6949854	58	0.375
4	6949854	59	0.25
4	6949854	60	0
4	6949854	61	0.5
4	6949854	62	0.125
4	6949854	63	0.28571428571429
4	6949854	64	0
4	6949854	65	0.28571428571429
4	6949854	66	0.25
4	6949854	67	0.30769230769231
4	6949854	68	0.4
4	6949854	69	0.25
4	6949854	70	0.16666666666667
4	6949854	71	0.25
4	6949854	72	0.16666666666667
4	6949854	73	0.25
4	6949854	74	0
4	6949854	75	0
4	6949854	76	0
vector 5  geant_network.node[5].content_store  hit_node[5]  ETV
5	6949854	1	1
5	6949854	2	0.96078431372549
5	6949854	3	0.85483870967742
5	6949854	4	0.83870967741935
5	6949854	5	0.7843137254902
5	6949854	6	0.7
5	6949854	7	0.55555555555556
5	6949854	8	0.64
5	6949854	9	0.6
5	6949854	10	0.60869565217391
5	6949854	11	0.44444444444444
5	6949854	12	0.30769230769231
5	6949854	13	0.38461538461538
5	6949854	14	0.42105263157895
5	6949854	15	0.5
5	6949854	16	0.42105263157895
5	6949854	17	0.5
5	6949854	18	0.5
5	6949854	19	0.2
5	6949854	20	0.47058823529412
5	6949854	21	0.28571428571429
5	6949854	22	0.5
5	6949854	23	0.28571428571429
5	6949854	24	0.42857142857143
5	6949854	25	0.36363636363636
5	6949854	26	0.33333333333333
5	6949854	27	0.36363636363636
5	6949854	28	0.47368421052632
5	6949854	29	0.16666666666667
5	6949854	30	0.33333333333333
5	6949854	31	0.5
5	6949854	32	0.41176470588235
5	6949854	33	0.25
5	6949854	34	0.63636363636364
5	6949854	35	0
5	6949854	36	0.33333333333333
5	6949854	37	0.33333333333333
5	6949854	38	0.16666666666667
5	6949854	39	0.5
5	6949854	40	0.33333333333333
5	6949854	41	0.2
5	6949854	42	0
5	6949854	43	0.5
5	6949854	44	0.1
5	6949854	45	0.4
5	6949854	46	0
5	6949854	47	0
5	6949854	48	0
5	6949854	49	0.33333333333333
5	6949854	50	0.2
5	6949854	51	0.125
5	6949854	52	0.47058823529412
5	6949854	53	0.5
5	6949854	54	0.25
5	6949854	55	0.33333333333333
5	6949854	56	0.44444444444444
5	6949854	57	0
5	6949854	58	0.25
5	6949854	59	0
5	6949854	60	0
5	6949854	61	0.083333333333333
5	6949854	62	0.33333333333333
5	6949854	63	0.5
5	6949854	64	0
5	6949854	65	0.16666666666667
5	6949854	66	0
5	6949854	67	0
5	6949854	68	0.22222222222222
5	6949854	69	0.2
5	6949854	70	0
5	6949854	71	0.44444444444444
5	6949854	72	0.14285714285714
5	6949854	73	0
5	6949854	74	0.5
5	6949854	75	0
5	6949854	76	0
vector 6  geant_network.node[6].content_store  hit_node[6]  ETV
6	6949854	1	1
6	6949854	2	1
6	6949854	3	0.98412698412698
6	6949854	4	0.96296296296296
6	6949854	5	0.93877551020408
6	6949854	6	0.80769230769231
6	6949854	7	0.86206896551724
6	6949854	8	0.72727272727273
6	6949854	9	0.83333333333333
6	6949854	10	0.9
6	6949854	11	0.80769230769231
6	6949854	12	0.73913043478261
6	6949854	13	0.78947368421053
6	6949854	14	0.625
6	6949854	15	0.83333333333333
6	6949854	16	0.625
6	6949854	17	0.55555555555556
6	6949854	18	0.72222222222222
6	6949854	19	0.6
6	6949854	20	0.6
6	6949854	21	0.5
6	6949854	22	0.28571428571429
6	6949854	23	0.66666666666667
6	6949854	24	0.625
6	6949854	25	0.33333333333333
6	6949854	26	0.6
6	6949854	27	0.27272727272727
6	6949854	28	0.16666666666667
6	6949854	29	0.5
6	6949854	30	0
6	6949854	31	0.57142857142857
6	6949854	32	0.57142857142857
6	6949854	33	0.6
6	6949854	34	0.71428571428571
6	6949854	35	0.83333333333333
6	6949854	36	0.5
6	6949854	37	0.25
6	6949854	38	0.6
6	6949854	39	0.5
6	6949854	40	0
6	6949854	41	0.63636363636364
6	6949854	42	0.5
6	6949854	43	0.38461538461538
6	6949854	44	0.55555555555556
6	6949854	45	0.16666666666667
6	6949854	46	0.57142857142857
6	6949854	47	0.6
6	6949854	48	0.57142857142857
6	6949854	49	0.25
6	6949854	50	0
6	6949854	51	0.5
6	6949854	52	0.5
6	6949854	53	0.5
6	6949854	54	0
6	6949854	55	0.4
6	6949854	56	0.42857142857143
6	6949854	57	0.16666666666667
6	6949854	58	0.25
6	6949854	59	0.33333333333333
6	6949854	60	0
6	6949854	61	0.4
6	6949854	62	0
6	6949854	63	0
6	6949854	64	0.25
6	6949854	65	0.25
6	6949854	66	0
6	6949854	67	0.5
6	6949854	68	0
6	6949854	69	0.25
6	6949854	70	0
6	6949854	71	0.33333333333333
6	6949854	72	0.63636363636364
6	6949854	73	0
6	6949854	74	-nan
6	6949854	75	0
6	6949854	76	0.25
vector 7  geant_network.node[7].content_store  hit_node[7]  ETV
7	6949854	1	-nan
7	6949854	2	-nan
7	6949854	3	-nan
7	6949854	4	-nan
7	6949854	5	-nan
7	6949854	6	0
7	6949854	7	0
7	6949854	8	0
7	6949854	9	0
7	6949854	10	0
7	6949854	11	0
7	6949854	12	0.25
7	6949854	13	0
7	6949854	14	0
7	6949854	15	0.25
7	6949854	16	0.33333333333333
7	6949854	17	0
7	6949854	18	0.33333333333333
7	6949854	19	0
7	6949854	20	0.33333333333333
7	6949854	21	0.5
7	6949854	22	0
7	6949854	23	0
7	6949854	24	-nan
7	6949854	25	-nan
7	6949854	26	0.5
7	6949854	27	0.25
7	6949854	28	0
7	6949854	29	0.625
7	6949854	30	0.33333333333333
7	6949854	31	0
7	6949854	32	0
7	6949854	33	0.25
7	6949854	34	0.33333333333333
7	6949854	35	0.4
7	6949854	36	0.5
7	6949854	37	0.33333333333333
7	6949854	38	0.42857142857143
7	6949854	39	0.4
7	6949854	40	0.4
7	6949854	41	0.14285714285714
7	6949854	42	0
7	6949854	43	0.5
7	6949854	44	0
7	6949854	45	0
7	6949854	46	0
7	6949854	47	0.5
7	6949854	48	0.3
7	6949854	49	0
7	6949854	50	-nan
7	6949854	51	0.5
7	6949854	52	-nan
7	6949854	53	0
7	6949854	54	-nan
7	6949854	55	0
7	6949854	56	0.25
7	6949854	57	0.33333333333333
7	6949854	58	0
7	6949854	59	0.4
7	6949854	60	-nan
7	6949854	61	0
7	6949854	62	0
7	6949854	63	-nan
7	6949854	64	0
7	6949854	65	0.33333333333333
7	6949854	66	0
7	6949854	67	0.22222222222222
7	6949854	68	-nan
7	6949854	69	0
7	6949854	70	0
7	6949854	71	0.5
7	6949854	72	0
7	6949854	73	0
7	6949854	74	-nan
7	6949854	75	0
7	6949854	76	0.5
vector 8  geant_network.node[8].content_store  hit_node[8]  ETV
8	6949854	1	-nan
8	6949854	2	-nan
8	6949854	3	-nan
8	6949854	4	-nan
8	6949854	5	-nan
8	6949854	6	-nan
8	6949854	7	0.5
8	6949854	8	-nan
8	6949854	9	-nan
8	6949854	10	-nan
8	6949854	11	0
8	6949854	12	0.5
8	6949854	13	0.5
8	6949854	14	-nan
8	6949854	15	0.33333333333333
8	6949854	16	0
8	6949854	17	0.16666666666667
8	6949854	18	0.5
8	6949854	19	0.33333333333333
8	6949854	20	0.5
8	6949854	21	0.57142857142857
8	6949854	22	0.5
8	6949854	23	-nan
8	6949854	24	-nan
8	6949854	25	-nan
8	6949854	26	0
8	6949854	27	0
8	6949854	28	0
8	6949854	29	0.5
8	6949854	30	0.33333333333333
8	6949854	31	-nan
8	6949854	32	0.33333333333333
8	6949854	33	0
8	6949854	34	0.33333333333333
8	6949854	35	0
8	6949854	36	0
8	6949854	37	0.5
8	6949854	38	0.71428571428571
8	6949854	39	0.25
8	6949854	40	0.33333333333333
8	6949854	41	0.66666666666667
8	6949854	42	-nan
8	6949854	43	0.54545454545455
8	6949854	44	0.5
8	6949854	45	0.66666666666667
8	6949854	46	0
8	6949854	47	0
8	6949854	48	0
8	6949854	49	0.5
8	6949854	50	-nan
8	6949854	51	0
8	6949854	52	-nan
8	6949854	53	-nan
8	6949854	54	-nan
8	6949854	55	0
8	6949854	56	0
8	6949854	57	0
8	6949854	58	-nan
8	6949854	59	0.2
8	6949854	60	-nan
8	6949854	61	0
8	6949854	62	-nan
8	6949854	63	-nan
8	6949854	64	-nan
8	6949854	65	0
8	6949854	66	0.5
8	6949854	67	0.44444444444444
8	6949854	68	-nan
8	6949854	69	-nan
8	6949854	70	-nan
8	6949854	71	0
8	6949854	72	0.33333333333333
8	6949854	73	-nan
8	6949854	74	-nan
8	6949854	75	-nan
8	6949854	76	0.5
vector 9  geant_network.node[9].content_store  hit_node[9]  ETV
9	6949854	1	1
9	6949854	2	0.94565217391304
9	6949854	3	0.89855072463768
9	6949854	4	0.62068965517241
9	6949854	5	0.66666666666667
9	6949854	6	0.79487179487179
9	6949854	7	0.60714285714286
9	6949854	8	0.41666666666667
9	6949854	9	0.56521739130435
9	6949854	10	0.5
9	6949854	11	0.45454545454545
9	6949854	12	0.57894736842105
9	6949854	13	0.5
9	6949854	14	0.28571428571429
9	6949854	15	0.29411764705882
9	6949854	16	0.21428571428571
9	6949854	17	0.5
9	6949854	18	0.52631578947368
9	6949854	19	0.2
9	6949854	20	0.25
9	6949854	21	0.4
9	6949854	22	0.46153846153846
9	6949854	23	0.38461538461538
9	6949854	24	0.36363636363636
9	6949854	25	0.42857142857143
9	6949854	26	0.38461538461538
9	6949854	27	0.4
9	6949854	28	0.3
9	6949854	29	0.18181818181818
9	6949854	30	0.3
9	6949854	31	0.25
9	6949854	32	0.2
9	6949854	33	0.33333333333333
9	6949854	34	0.36363636363636
9	6949854	35	0
9	6949854	36	0.125
9	6949854	37	0.11111111111111
9	6949854	38	0.33333333333333
9	6949854	39	0.27272727272727
9	6949854	40	0.16666666666667
9	6949854	41	0.11111111111111
9	6949854	42	0
9	6949854	43	0.3
9	6949854	44	0.35714285714286
9	6949854	45	0.1
9	6949854	46	0.41666666666667
9	6949854	47	0.11111111111111
9	6949854	48	0
9	6949854	49	0
9	6949854	50	0
9	6949854	51	0.28571428571429
9	6949854	52	0
9	6949854	53	0.125
9	6949854	54	0
9	6949854	55	0
9	6949854	56	0.14285714285714
9	6949854	57	0
9	6949854	58	0
9	6949854	59	0
9	6949854	60	0
9	6949854	61	0
9	6949854	62	0
9	6949854	63	0
9	6949854	64	0.25
9	6949854	65	0
9	6949854	66	0.4
9	6949854	67	0.33333333333333
9	6949854	68	0
9	6949854	69	0
9	6949854	70	0.14285714285714
9	6949854	71	0.375
9	6949854	72	0.25
9	6949854	73	0.16666666666667
9	6949854	74	0
9	6949854	75	0
9	6949854	76	0.16666666666667
vector 10  geant_network.node[10].content_store  hit_node[10]  ETV
10	6949854	1	1
10	6949854	2	1
10	6949854	3	0.98484848484848
10	6949854	4	1
10	6949854	5	0.98148148148148
10	6949854	6	0.91666666666667
10	6949854	7	0.83870967741935
10	6949854	8	0.97872340425532
10	6949854	9	0.91428571428571
10	6949854	10	0.88235294117647
10	6949854	11	0.86206896551724
10	6949854	12	0.83333333333333
10	6949854	13	0.77272727272727
10	6949854	14	0.73684210526316
10	6949854	15	0.5625
10	6949854	16	0.77272727272727
10	6949854	17	0.64705882352941
10	6949854	18	0.66666666666667
10	6949854	19	0.44444444444444
10	6949854	20	0.57142857142857
10	6949854	21	0.53333333333333
10	6949854	22	0.53846153846154
10	6949854	23	0.22222222222222
10	6949854	24	0.61538461538462
10	6949854	25	0.5
10	6949854	26	0.25
10	6949854	27	0.53846153846154
10	6949854	28	0.73333333333333
10	6949854	29	0.54545454545455
10	6949854	30	0.44444444444444
10	6949854	31	0.4
10	6949854	32	0.71428571428571
10	6949854	33	0.33333333333333
10	6949854	34	0.72727272727273
10	6949854	35	0.57142857142857
10	6949854	36	0
10	6949854	37	0.5
10	6949854	38	0
10	6949854	39	0.78571428571429
10	6949854	40	0.83333333333333
10	6949854	41	0.42857142857143
10	6949854	42	0.5
10	6949854	43	0.25
10	6949854	44	0.44444444444444
10	6949854	45	0.75
10	6949854	46	0.375
10	6949854	47	0.57142857142857
10	6949854	48	0
10	6949854	49	0.2
10	6949854	50	0.5
10	6949854	51	0.4
10	6949854	52	0.5
10	6949854	53	0.28571428571429
10	6949854	54	0.6
10	6949854	55	0
10	6949854	56	0.44444444444444
10	6949854	57	0
10	6949854	58	0.5
10	6949854	59	0.5
10	6949854	60	0.25
10	6949854	61	0
10	6949854	62	0.5
10	6949854	63	0
10	6949854	64	0.66666666666667
10	6949854	65	0.4
10	6949854	66	0.57142857142857
10	6949854	67	0.5
10	6949854	68	0
10	6949854	69	0
10	6949854	70	0.42857142857143
10	6949854	71	0
10	6949854	72	0.5
10	6949854	73	0
10	6949854	74	0
10	6949854	75	0.2
10	6949854	76	0.2
vector 11  geant_network.node[11].content_store  hit_node[11]  ETV
11	6949854	1	1
11	6949854	2	0.99009900990099
11	6949854	3	0.98461538461538
11	6949854	4	0.91304347826087
11	6949854	5	0.90243902439024
11	6949854	6	0.72413793103448
11	6949854	7	0.8125
11	6949854	8	0.65217391304348
11	6949854	9	0.5625
11	6949854	10	0.59090909090909
11	6949854	11	0.76470588235294
11	6949854	12	0.41666666666667
11	6949854	13	0.75
11	6949854	14	0.58823529411765
11	6949854	15	0.77777777777778
11	6949854	16	0.69230769230769
11	6949854	17	0.5
11	6949854	18	0.5
11	6949854	19	0.44444444444444
11	6949854	20	0.4
11	6949854	21	0.375
11	6949854	22	0.33333333333333
11	6949854	23	0.5
11	6949854	24	0.44444444444444
11	6949854	25	0.41666666666667
11	6949854	26	0.5
11	6949854	27	0.4
11	6949854	28	0.25
11	6949854	29	0.4
11	6949854	30	0.6
11	6949854	31	0.16666666666667
11	6949854	32	0.5
11	6949854	33	0.5
11	6949854	34	0
11	6949854	35	0.28571428571429
11	6949854	36	0
11	6949854	37	0
11	6949854	38	0
11	6949854	39	0.2
11	6949854	40	0.33333333333333
11	6949854	41	0
11	6949854	42	0.25
11	6949854	43	0.33333333333333
11	6949854	44	0.33333333333333
11	6949854	45	0
11	6949854	46	0.5
11	6949854	47	0.33333333333333
11	6949854	48	-nan
11	6949854	49	0.25
11	6949854	50	0
11	6949854	51	0.2
11	6949854	52	0.5
11	6949854	53	0
11	6949854	54	0.25
11	6949854	55	0
11	6949854	56	0.5
11	6949854	57	0
11	6949854	58	0
11	6949854	59	0.25
11	6949854	60	0.66666666666667
11	6949854	61	0.5
11	6949854	62	0
11	6949854	63	0
11	6949854	64	0
11	6949854	65	0.35714285714286
11	6949854	66	0.57142857142857
11	6949854	67	0.42857142857143
11	6949854	68	0.66666666666667
11	6949854	69	0
11	6949854	70	0
11	6949854	71	0.57142857142857
11	6949854	72	0
11	6949854	73	0
11	6949854	74	0.25
11	6949854	75	0
11	6949854	76	0.5
vector 12  geant_network.node[12].content_store  hit_node[12]  ETV
12	6949854	1	-nan
12	6949854	2	-nan
12	6949854	3	-nan
12	6949854	4	-nan
12	6949854	5	-nan
12	6949854	6	0.4
12	6949854	7	-nan
12	6949854	8	-nan
12	6949854	9	-nan
12	6949854	10	0.33333333333333
12	6949854	11	0
12	6949854	12	0
12	6949854	13	0.5
12	6949854	14	0.22222222222222
12	6949854	15	0.25
12	6949854	16	0.25
12	6949854	17	-nan
12	6949854	18	0
12	6949854	19	0
12	6949854	20	0.5
12	6949854	21	0
12	6949854	22	0
12	6949854	23	0
12	6949854	24	0.25
12	6949854	25	0
12	6949854	26	0.33333333333333
12	6949854	27	0
12	6949854	28	0.14285714285714
12	6949854	29	0.2
12	6949854	30	0.125
12	6949854	31	0.33333333333333
12	6949854	32	0
12	6949854	33	0
12	6949854	34	0
12	6949854	35	0.2
12	6949854	36	0.22222222222222
12	6949854	37	0.125
12	6949854	38	0
12	6949854	39	0
12	6949854	40	0
12	6949854	41	-nan
12	6949854	42	0
12	6949854	43	0
12	6949854	44	0.14285714285714
12	6949854	45	0
12	6949854	46	0
12	6949854	47	0
12	6949854	48	0
12	6949854	49	0
12	6949854	50	0.125
12	6949854	51	0
12	6949854	52	0
12	6949854	53	0.13333333333333
12	6949854	54	0.3
12	6949854	55	0
12	6949854	56	0
12	6949854	57	0
12	6949854	58	0
12	6949854	59	0.2
12	6949854	60	0
12	6949854	61	0.33333333333333
12	6949854	62	0
12	6949854	63	0.25
12	6949854	64	0
12	6949854	65	0.125
12	6949854	66	0
12	6949854	67	0
12	6949854	68	0
12	6949854	69	0
12	6949854	70	0
12	6949854	71	0
12	6949854	72	0
12	6949854	73	0
12	6949854	74	0
12	6949854	75	0
12	6949854	76	0.16666666666667
vector 13  geant_network.node[13].content_store  hit_node[13]  ETV
13	6949854	1	-nan
13	6949854	2	-nan
13	6949854	3	-nan
13	6949854	4	-nan
13	6949854	5	-nan
13	6949854	6	0.5
13	6949854	7	-nan
13	6949854	8	-nan
13	6949854	9	-nan
13	6949854	10	0
13	6949854	11	-nan
13	6949854	12	0.83333333333333
13	6949854	13	0
13	6949854	14	-nan
13	6949854	15	0
13	6949854	16	-nan
13	6949854	17	-nan
13	6949854	18	-nan
13	6949854	19	-nan
13	6949854	20	-nan
13	6949854	21	-nan
13	6949854	22	-nan
13	6949854	23	0.5
13	6949854	24	-nan
13	6949854	25	-nan
13	6949854	26	0
13	6949854	27	0
13	6949854	28	0.5
13	6949854	29	-nan
13	6949854	30	-nan
13	6949854	31	-nan
13	6949854	32	-nan
13	6949854	33	0.8
13	6949854	34	-nan
13	6949854	35	-nan
13	6949854	36	0.33333333333333
13	6949854	37	0.8
13	6949854	38	0.5
13	6949854	39	-nan
13	6949854	40	-nan
13	6949854	41	-nan
13	6949854	42	-nan
13	6949854	43	-nan
13	6949854	44	0.66666666666667
13	6949854	45	0.66666666666667
13	6949854	46	-nan
13	6949854	47	-nan
13	6949854	48	0.5
13	6949854	49	-nan
13	6949854	50	0
13	6949854	51	-nan
13	6949854	52	0
13	6949854	53	-nan
13	6949854	54	0.5
13	6949854	55	0
13	6949854	56	0.33333333333333
13	6949854	57	-nan
13	6949854	58	0
13	6949854	59	0.75
13	6949854	60	0.66666666666667
13	6949854	61	-nan
13	6949854	62	-nan
13	6949854	63	0.33333333333333
13	6949854	64	0
13	6949854	65	0.5
13	6949854	66	0
13	6949854	67	-nan
13	6949854	68	-nan
13	6949854	69	-nan
13	6949854	70	0
13	6949854	71	-nan
13	6949854	72	0
13	6949854	73	0.5
13	6949854	74	0.75
13	6949854	75	-nan
13	6949854	76	0.2
vector 14  geant_network.node[14].content_store  hit_node[14]  ETV
14	6949854	1	0.99418604651163
14	6949854	2	0.96511627906977
14	6949854	3	0.92063492063492
14	6949854	4	0.75
14	6949854	5	0.84444444444444
14	6949854	6	0.77551020408163
14	6949854	7	0.58333333333333
14	6949854	8	0.60714285714286
14	6949854	9	0.70588235294118
14	6949854	10	0.52631578947368
14	6949854	11	0.65
14	6949854	12	0.64285714285714
14	6949854	13	0.40909090909091
14	6949854	14	0.54166666666667
14	6949854	15	0.57894736842105
14	6949854	16	0.4375
14	6949854	17	0.5
14	6949854	18	0.53333333333333
14	6949854	19	0.18181818181818
14	6949854	20	0.53333333333333
14	6949854	21	0.55555555555556
14	6949854	22	0.47058823529412
14	6949854	23	0.4375
14	6949854	24	0.35714285714286
14	6949854	25	0.46666666666667
14	6949854	26	0.27272727272727
14	6949854	27	0.58823529411765
14	6949854	28	0.5
14	6949854	29	0.22222222222222
14	6949854	30	0.5
14	6949854	31	0.125
14	6949854	32	0.30769230769231
14	6949854	33	0.4
14	6949854	34	0
14	6949854	35	0.5
14	6949854	36	0.53333333333333
14	6949854	37	0.33333333333333
14	6949854	38	0.3
14	6949854	39	0.33333333333333
14	6949854	40	0.5
14	6949854	41	0
14	6949854	42	0.25
14	6949854	43	0.33333333333333
14	6949854	44	0.46153846153846
14	6949854	45	0.28571428571429
14	6949854	46	0.4
14	6949854	47	0.33333333333333
14	6949854	48	0.4
14	6949854	49	0
14	6949854	50	0
14	6949854	51	0.16666666666667
14	6949854	52	0.22222222222222
14	6949854	53	0.25
14	6949854	54	0
14	6949854	55	0.33333333333333
14	6949854	56	0.54545454545455
14	6949854	57	0.2
14	6949854	58	0.30769230769231
14	6949854	59	0.375
14	6949854	60	0.36363636363636
14	6949854	61	0.25
14	6949854	62	0
14	6949854	63	0.42857142857143
14	6949854	64	0.25
14	6949854	65	0.28571428571429
14	6949854	66	0.6
14	6949854	67	0.25
14	6949854	68	0.33333333333333
14	6949854	69	0.375
14	6949854	70	0.5
14	6949854	71	0.42857142857143
14	6949854	72	0.42857142857143
14	6949854	73	0.6
14	6949854	74	0.22222222222222
14	6949854	75	0.25
14	6949854	76	0.4
vector 15  geant_network.node[15].content_store  hit_node[15]  ETV
15	6949854	1	-nan
15	6949854	2	-nan
15	6949854	3	-nan
15	6949854	4	-nan
15	6949854	5	0
15	6949854	6	-nan
15	6949854	7	-nan
15	6949854	8	0.5
15	6949854	9	0.75
15	6949854	10	0
15	6949854	11	0.875
15	6949854	12	0
15	6949854	13	-nan
15	6949854	14	0.42857142857143
15	6949854	15	0.4
15	6949854	16	0.72727272727273
15	6949854	17	0.5
15	6949854	18	0.77777777777778
15	6949854	19	0.6
15	6949854	20	-nan
15	6949854	21	0.66666666666667
15	6949854	22	0.75
15	6949854	23	0.5
15	6949854	24	0.33333333333333
15	6949854	25	0.5
15	6949854	26	0.86666666666667
15	6949854	27	0.66666666666667
15	6949854	28	0.75
15	6949854	29	0.78571428571429
15	6949854	30	0.73333333333333
15	6949854	31	0.6
15	6949854	32	0.33333333333333
15	6949854	33	-nan
15	6949854	34	0.5
15	6949854	35	0.75
15	6949854	36	0.71428571428571
15	6949854	37	0.5
15	6949854	38	0.8125
15	6949854	39	0.75
15	6949854	40	0
15	6949854	41	-nan
15	6949854	42	0.375
15	6949854	43	0.33333333333333
15	6949854	44	0.66666666666667
15	6949854	45	0.25
15	6949854	46	0.83333333333333
15	6949854	47	0.46666666666667
15	6949854	48	0
15	6949854	49	0
15	6949854	50	0
15	6949854	51	0
15	6949854	52	0
15	6949854	53	0
15	6949854	54	0
15	6949854	55	-nan
15	6949854	56	0.4
15	6949854	57	0.33333333333333
15	6949854	58	0
15	6949854	59	1
15	6949854	60	0.375
15	6949854	61	0
15	6949854	62	0
15	6949854	63	0.33333333333333
15	6949854	64	0.33333333333333
15	6949854	65	-nan
15	6949854	66	0
15	6949854	67	0.33333333333333
15	6949854	68	0.57142857142857
15	6949854	69	0.625
15	6949854	70	0.5
15	6949854	71	-nan
15	6949854	72	0.42857142857143
15	6949854	73	0
15	6949854	74	0
15	6949854	75	0.53333333333333
15	6949854	76	0
vector 16  geant_network.node[16].content_store  hit_node[16]  ETV
16	6949854	1	-nan
16	6949854	2	-nan
16	6949854	3	-nan
16	6949854	4	-nan
16	6949854	5	-nan
16	6949854	6	-nan
16	6949854	7	-nan
16	6949854	8	-nan
16	6949854	9	-nan
16	6949854	10	-nan
16	6949854	11	-nan
16	6949854	12	-nan
16	6949854	13	-nan
16	6949854	14	-nan
16	6949854	15	-nan
16	6949854	16	0.5
16	6949854	17	-nan
16	6949854	18	-nan
16	6949854	19	-nan
16	6949854	20	-nan
16	6949854	21	-nan
16	6949854	22	-nan
16	6949854	23	-nan
16	6949854	24	-nan
16	6949854	25	-nan
16	6949854	26	-nan
16	6949854	27	-nan
16	6949854	28	-nan
16	6949854	29	-nan
16	6949854	30	-nan
16	6949854	31	-nan
16	6949854	32	-nan
16	6949854	33	-nan
16	6949854	34	-nan
16	6949854	35	-nan
16	6949854	36	0.77777777777778
16	6949854	37	0.66666666666667
16	6949854	38	-nan
16	6949854	39	-nan
16	6949854	40	-nan
16	6949854	41	-nan
16	6949854	42	-nan
16	6949854	43	-nan
16	6949854	44	0.8
16	6949854	45	0
16	6949854	46	-nan
16	6949854	47	-nan
16	6949854	48	-nan
16	6949854	49	-nan
16	6949854	50	-nan
16	6949854	51	-nan
16	6949854	52	-nan
16	6949854	53	-nan
16	6949854	54	-nan
16	6949854	55	0.2
16	6949854	56	0.66666666666667
16	6949854	57	-nan
16	6949854	58	0.81818181818182
16	6949854	59	-nan
16	6949854	60	-nan
16	6949854	61	-nan
16	6949854	62	-nan
16	6949854	63	0.7
16	6949854	64	0.88235294117647
16	6949854	65	-nan
16	6949854	66	-nan
16	6949854	67	-nan
16	6949854	68	-nan
16	6949854	69	-nan
16	6949854	70	-nan
16	6949854	71	-nan
16	6949854	72	-nan
16	6949854	73	-nan
16	6949854	74	-nan
16	6949854	75	-nan
16	6949854	76	0.72727272727273
vector 17  geant_network.node[17].content_store  hit_node[17]  ETV
17	6949854	1	1
17	6949854	2	1
17	6949854	3	0.98360655737705
17	6949854	4	0.86842105263158
17	6949854	5	0.92682926829268
17	6949854	6	0.90625
17	6949854	7	0.84615384615385
17	6949854	8	0.84
17	6949854	9	0.7
17	6949854	10	0.66666666666667
17	6949854	11	0.58823529411765
17	6949854	12	0.5625
17	6949854	13	0.64285714285714
17	6949854	14	0.85
17	6949854	15	0.61538461538462
17	6949854	16	0.46153846153846
17	6949854	17	0.66666666666667
17	6949854	18	0.72222222222222
17	6949854	19	0.4
17	6949854	20	0.82352941176471
17	6949854	21	0.44444444444444
17	6949854	22	0.33333333333333
17	6949854	23	0.33333333333333
17	6949854	24	0.55555555555556
17	6949854	25	0.75
17	6949854	26	0.54545454545455
17	6949854	27	0.64285714285714
17	6949854	28	0.625
17	6949854	29	0.5
17	6949854	30	0.5
17	6949854	31	0.4
17	6949854	32	0.57142857142857
17	6949854	33	0
17	6949854	34	0.75
17	6949854	35	0.28571428571429
17	6949854	36	0.4
17	6949854	37	0.66666666666667
17	6949854	38	0.66666666666667
17	6949854	39	0.4
17	6949854	40	0.61538461538462
17	6949854	41	0
17	6949854	42	0.58333333333333
17	6949854	43	0.28571428571429
17	6949854	44	0.25
17	6949854	45	0.75
17	6949854	46	0.66666666666667
17	6949854	47	0.42857142857143
17	6949854	48	0.5
17	6949854	49	0.7
17	6949854	50	0.5
17	6949854	51	0.33333333333333
17	6949854	52	0.28571428571429
17	6949854	53	0
17	6949854	54	0.5
17	6949854	55	-nan
17	6949854	56	0.42857142857143
17	6949854	57	0.33333333333333
17	6949854	58	0.6
17	6949854	59	0
17	6949854	60	0.55555555555556
17	6949854	61	0.55555555555556
17	6949854	62	0.66666666666667
17	6949854	63	0.6
17	6949854	64	0.5
17	6949854	65	0
17	6949854	66	0.33333333333333
17	6949854	67	0.57142857142857
17	6949854	68	0.4
17	6949854	69	0.33333333333333
17	6949854	70	0.8
17	6949854	71	0.33333333333333
17	6949854	72	-nan
17	6949854	73	0.33333333333333
17	6949854	74	0.25
17	6949854	75	0.33333333333333
17	6949854	76	0.4
vector 18  geant_network.node[18].content_store  hit_node[18]  ETV
18	6949854	1	1
18	6949854	2	0.98969072164948
18	6949854	3	0.92424242424242
18	6949854	4	0.96774193548387
18	6949854	5	0.90196078431373
18	6949854	6	0.7906976744186
18	6949854	7	0.90384615384615
18	6949854	8	0.825
18	6949854	9	0.76666666666667
18	6949854	10	0.74074074074074
18	6949854	11	0.825
18	6949854	12	0.69230769230769
18	6949854	13	0.69565217391304
18	6949854	14	0.625
18	6949854	15	0.625
18	6949854	16	0.75862068965517
18	6949854	17	0.74074074074074
18	6949854	18	0.73684210526316
18	6949854	19	0.82142857142857
18	6949854	20	0.75
18	6949854	21	0.75
18	6949854	22	0.75
18	6949854	23	0.5
18	6949854	24	0.5
18	6949854	25	0.625
18	6949854	26	0.53846153846154
18	6949854	27	0.70588235294118
18	6949854	28	0.5
18	6949854	29	0.36363636363636
18	6949854	30	0.4
18	6949854	31	0.375
18	6949854	32	0.46153846153846
18	6949854	33	0.33333333333333
18	6949854	34	0.45454545454545
18	6949854	35	0.4
18	6949854	36	0.63636363636364
18	6949854	37	0.45454545454545
18	6949854	38	0.55555555555556
18	6949854	39	0.45454545454545
18	6949854	40	0.45454545454545
18	6949854	41	0.5625
18	6949854	42	0.42857142857143
18	6949854	43	0.5
18	6949854	44	0.33333333333333
18	6949854	45	0.2
18	6949854	46	0.28571428571429
18	6949854	47	0.6
18	6949854	48	0.33333333333333
18	6949854	49	0.5
18	6949854	50	0.57142857142857
18	6949854	51	0.33333333333333
18	6949854	52	0.25
18	6949854	53	0
18	6949854	54	0.4
18	6949854	55	0.5
18	6949854	56	0.44444444444444
18	6949854	57	0.73333333333333
18	6949854	58	0.4
18	6949854	59	0.28571428571429
18	6949854	60	0
18	6949854	61	0.25
18	6949854	62	0.33333333333333
18	6949854	63	0
18	6949854	64	0.25
18	6949854	65	0.14285714285714
18	6949854	66	0.5
18	6949854	67	0
18	6949854	68	0.25
18	6949854	69	0.5
18	6949854	70	0.5
18	6949854	71	0.33333333333333
18	6949854	72	0.33333333333333
18	6949854	73	0
18	6949854	74	0.42857142857143
18	6949854	75	0.25
18	6949854	76	0.25
vector 19  geant_network.node[19].content_store  hit_node[19]  ETV
19	6949854	1	-nan
19	6949854	2	-nan
19	6949854	3	-nan
19	6949854	4	-nan
19	6949854	5	-nan
19	6949854	6	-nan
19	6949854	7	-nan
19	6949854	8	-nan
19	6949854	9	-nan
19	6949854	10	-nan
19	6949854	11	-nan
19	6949854	12	-nan
19	6949854	13	-nan
19	6949854	14	-nan
19	6949854	15	-nan
19	6949854	16	-nan
19	6949854	17	-nan
19	6949854	18	-nan
19	6949854	19	-nan
19	6949854	20	-nan
19	6949854	21	-nan
19	6949854	22	-nan
19	6949854	23	-nan
19	6949854	24	-nan
19	6949854	25	-nan
19	6949854	26	-nan
19	6949854	27	-nan
19	6949854	28	-nan
19	6949854	29	-nan
19	6949854	30	-nan
19	6949854	31	-nan
19	6949854	32	-nan
19	6949854	33	-nan
19	6949854	34	-nan
19	6949854	35	-nan
19	6949854	36	-nan
19	6949854	37	-nan
19	6949854	38	-nan
19	6949854	39	-nan
19	6949854	40	-nan
19	6949854	41	-nan
19	6949854	42	-nan
19	6949854	43	-nan
19	6949854	44	-nan
19	6949854	45	-nan
19	6949854	46	-nan
19	6949854	47	-nan
19	6949854	48	-nan
19	6949854	49	-nan
19	6949854	50	-nan
19	6949854	51	-nan
19	6949854	52	-nan
19	6949854	53	-nan
19	6949854	54	-nan
19	6949854	55	-nan
19	6949854	56	-nan
19	6949854	57	-nan
19	6949854	58	-nan
19	6949854	59	-nan
19	6949854	60	-nan
19	6949854	61	-nan
19	6949854	62	-nan
19	6949854	63	-nan
19	6949854	64	-nan
19	6949854	65	-nan
19	6949854	66	-nan
19	6949854	67	-nan
19	6949854	68	-nan
19	6949854	69	-nan
19	6949854	70	-nan
19	6949854	71	-nan
19	6949854	72	-nan
19	6949854	73	-nan
19	6949854	74	-nan
19	6949854	75	-nan
19	6949854	76	-nan
vector 20  geant_network.node[20].content_store  hit_node[20]  ETV
20	6949854	1	1
20	6949854	2	1
20	6949854	3	1
20	6949854	4	0.93181818181818
20	6949854	5	0.94736842105263
20	6949854	6	0.90625
20	6949854	7	0.85714285714286
20	6949854	8	0.93333333333333
20	6949854	9	0.875
20	6949854	10	0.75
20	6949854	11	0.625
20	6949854	12	0.75
20	6949854	13	0.88888888888889
20	6949854	14	0.66666666666667
20	6949854	15	0.76470588235294
20	6949854	16	0.72222222222222
20	6949854	17	0.75
20	6949854	18	0.55555555555556
20	6949854	19	0.75
20	6949854	20	0.42857142857143
20	6949854	21	0.73684210526316
20	6949854	22	0.58333333333333
20	6949854	23	0.44444444444444
20	6949854	24	0.66666666666667
20	6949854	25	0.6
20	6949854	26	0.7
20	6949854	27	0.28571428571429
20	6949854	28	0.2
20	6949854	29	0.5
20	6949854	30	0.58333333333333
20	6949854	31	0.57142857142857
20	6949854	32	0.66666666666667
20	6949854	33	0.5
20	6949854	34	0.42857142857143
20	6949854	35	0.55555555555556
20	6949854	36	0.75
20	6949854	37	0.2
20	6949854	38	0.6
20	6949854	39	0.64285714285714
20	6949854	40	0.6
20	6949854	41	0.5
20	6949854	42	0.44444444444444
20	6949854	43	0.625
20	6949854	44	0.42857142857143
20	6949854	45	0.5
20	6949854	46	0.33333333333333
20	6949854	47	0.33333333333333
20	6949854	48	0.16666666666667
20	6949854	49	0.5
20	6949854	50	0.25
20	6949854	51	0.75
20	6949854	52	0.6
20	6949854	53	0
20	6949854	54	0.75
20	6949854	55	0
20	6949854	56	0.6
20	6949854	57	0.2
20	6949854	58	0.5
20	6949854	59	0
20	6949854	60	0
20	6949854	61	0.5
20	6949854	62	0
20	6949854	63	0
20	6949854	64	0
20	6949854	65	0.5
20	6949854	66	0.2
20	6949854	67	0.4
20	6949854	68	0.5
20	6949854	69	0.5
20	6949854	70	0
20	6949854	71	0
20	6949854	72	0
20	6949854	73	0.33333333333333
20	6949854	74	0
20	6949854	75	0.33333333333333
20	6949854	76	0.5
vector 21  geant_network.node[21].content_store  hit_node[21]  ETV
21	6949854	1	-nan
21	6949854	2	0
21	6949854	3	0
21	6949854	4	0.90909090909091
21	6949854	5	0
21	6949854	6	0.94444444444444
21	6949854	7	0.86666666666667
21	6949854	8	0.8
21	6949854	9	0.95652173913043
21	6949854	10	0.88888888888889
21	6949854	11	0.85714285714286
21	6949854	12	0.95238095238095
21	6949854	13	0.96153846153846
21	6949854	14	0.90909090909091
21	6949854	15	0.89473684210526
21	6949854	16	0.83333333333333
21	6949854	17	0.85714285714286
21	6949854	18	0.85714285714286
21	6949854	19	0.8
21	6949854	20	0
21	6949854	21	0.71428571428571
21	6949854	22	0.875
21	6949854	23	1
21	6949854	24	0.95652173913043
21	6949854	25	0.5
21	6949854	26	0.75
21	6949854	27	0.6
21	6949854	28	0.66666666666667
21	6949854	29	0.6
21	6949854	30	0
21	6949854	31	0.7
21	6949854	32	0.75
21	6949854	33	0.57142857142857
21	6949854	34	0.5
21	6949854	35	0.75
21	6949854	36	0
21	6949854	37	1
21	6949854	38	-nan
21	6949854	39	0.75
21	6949854	40	0.6
21	6949854	41	0
21	6949854	42	-nan
21	6949854	43	0.875
21	6949854	44	0.86666666666667
21	6949854	45	0.77777777777778
21	6949854	46	0.6
21	6949854	47	-nan
21	6949854	48	0.75
21	6949854	49	0.78571428571429
21	6949854	50	0.66666666666667
21	6949854	51	0.85714285714286
21	6949854	52	1
21	6949854	53	0
21	6949854	54	0.5
21	6949854	55	0.875
21	6949854	56	0.81818181818182
21	6949854	57	0.66666666666667
21	6949854	58	0.75
21	6949854	59	0.6
21	6949854	60	-nan
21	6949854	61	-nan
21	6949854	62	0.93333333333333
21	6949854	63	0
21	6949854	64	0.5
21	6949854	65	-nan
21	6949854	66	0.5
21	6949854	67	0.66666666666667
21	6949854	68	0.8
21	6949854	69	-nan
21	6949854	70	0.6
21	6949854	71	-nan
21	6949854	72	0.8
21	6949854	73	0.5
21	6949854	74	0.71428571428571
21	6949854	75	-nan
21	6949854	76	0
vector 22  geant_network.client[0]  hdistance[0]  ETV
22	6949854	1	0
22	6949854	2	0.022727272727273
22	6949854	3	0.03030303030303
22	6949854	4	0.11538461538462
22	6949854	5	0.36
22	6949854	6	0.23076923076923
22	6949854	7	0.33333333333333
22	6949854	8	0.34615384615385
22	6949854	9	0.40909090909091
22	6949854	10	0.47619047619048
22	6949854	11	1
22	6949854	12	0.72727272727273
22	6949854	13	0.58823529411765
22	6949854	14	0.71428571428571
22	6949854	15	0.57894736842105
22	6949854	16	1.1666666666667
22	6949854	17	0.875
22	6949854	18	0.66666666666667
22	6949854	19	1.4
22	6949854	20	1.2
22	6949854	21	1.2222222222222
22	6949854	22	0.85714285714286
22	6949854	23	1
22	6949854	24	1.1111111111111
22	6949854	25	1.4285714285714
22	6949854	26	1.2
22	6949854	27	2.3333333333333
22	6949854	28	1.3333333333333
22	6949854	29	1.6666666666667
22	6949854	30	2
22	6949854	31	0.66666666666667
22	6949854	32	1
22	6949854	33	1.25
22	6949854	34	1.3333333333333
22	6949854	35	1.1666666666667
22	6949854	36	1.6
22	6949854	37	1
22	6949854	38	1.5
22	6949854	39	1
22	6949854	40	1.5
22	6949854	41	0.75
22	6949854	42	1.5
22	6949854	43	2.25
22	6949854	44	1.5
22	6949854	45	2
22	6949854	46	2
22	6949854	47	2
22	6949854	48	2.6666666666667
22	6949854	49	1.7142857142857
22	6949854	50	0.75
22	6949854	51	1.5
22	6949854	52	1
22	6949854	53	2
22	6949854	54	2
22	6949854	55	1.1666666666667
22	6949854	56	1.25
22	6949854	57	2.5
22	6949854	58	2
22	6949854	59	4
22	6949854	60	0
22	6949854	61	3
22	6949854	62	1.5
22	6949854	63	2
22	6949854	64	3
22	6949854	65	0
22	6949854	66	2
22	6949854	67	5
22	6949854	68	1.2222222222222
22	6949854	69	1
22	6949854	70	0.75
22	6949854	71	4
22	6949854	72	1.5
22	6949854	73	1
22	6949854	74	2
22	6949854	75	0
22	6949854	76	2.5
vector 23  geant_network.client[4]  hdistance[4]  ETV
23	6949854	1	0
23	6949854	2	0.08433734939759
23	6949854	3	0.11864406779661
23	6949854	4	0.10204081632653
23	6949854	5	0.43333333333333
23	6949854	6	0.37931034482759
23	6949854	7	0.44444444444444
23	6949854	8	0.47826086956522
23	6949854	9	0.4375
23	6949854	10	0.47368421052632
23	6949854	11	0.44444444444444
23	6949854	12	0.58333333333333
23	6949854	13	0.7
23	6949854	14	0.47368421052632
23	6949854	15	0.66666666666667
23	6949854	16	0.5
23	6949854	17	0.77777777777778
23	6949854	18	0.5
23	6949854	19	0.66666666666667
23	6949854	20	0.85714285714286
23	6949854	21	0.57142857142857
23	6949854	22	1
23	6949854	23	0.83333333333333
23	6949854	24	0.81818181818182
23	6949854	25	0.8
23	6949854	26	0.42857142857143
23	6949854	27	0.6
23	6949854	28	1.1428571428571
23	6949854	29	0.42857142857143
23	6949854	30	0.44444444444444
23	6949854	31	0.8
23	6949854	32	1.75
23	6949854	33	0.71428571428571
23	6949854	34	1.1666666666667
23	6949854	35	1.3
23	6949854	36	1
23	6949854	37	1.1666666666667
23	6949854	38	0.75
23	6949854	39	1
23	6949854	40	0.5
23	6949854	41	1.2
23	6949854	42	2
23	6949854	43	1
23	6949854	44	1.1666666666667
23	6949854	45	1.8
23	6949854	46	1.6666666666667
23	6949854	47	0.66666666666667
23	6949854	48	1
23	6949854	49	1
23	6949854	50	2
23	6949854	51	1.3333333333333
23	6949854	52	1.5
23	6949854	53	3
23	6949854	54	2.2
23	6949854	55	1.3333333333333
23	6949854	56	0.8
23	6949854	57	0.33333333333333
23	6949854	58	1.2
23	6949854	59	1
23	6949854	60	2.3333333333333
23	6949854	61	1
23	6949854	62	1
23	6949854	63	2.4
23	6949854	64	1.3333333333333
23	6949854	65	1.6666666666667
23	6949854	66	4
23	6949854	67	1.25
23	6949854	68	1.3333333333333
23	6949854	69	1
23	6949854	70	2
23	6949854	71	4
23	6949854	72	0.5
23	6949854	73	1
23	6949854	74	1.6666666666667
23	6949854	75	1
23	6949854	76	2
vector 24  geant_network.client[5]  hdistance[5]  ETV
24	6949854	1	0
24	6949854	2	0.03960396039604
24	6949854	3	0.15254237288136
24	6949854	4	0.17543859649123
24	6949854	5	0.25
24	6949854	6	0.39130434782609
24	6949854	7	0.48
24	6949854	8	0.3
24	6949854	9	0.38888888888889
24	6949854	10	0.42105263157895
24	6949854	11	0.6
24	6949854	12	0.66666666666667
24	6949854	13	0.77777777777778
24	6949854	14	0.71428571428571
24	6949854	15	0.6
24	6949854	16	0.88235294117647
24	6949854	17	0.83333333333333
24	6949854	18	0.6
24	6949854	19	1
24	6949854	20	1
24	6949854	21	2
24	6949854	22	0.8
24	6949854	23	0.90909090909091
24	6949854	24	0.9
24	6949854	25	2.6
24	6949854	26	1.2
24	6949854	27	1.5
24	6949854	28	0.625
24	6949854	29	1.2
24	6949854	30	1
24	6949854	31	1
24	6949854	32	0.6
24	6949854	33	2
24	6949854	34	1
24	6949854	35	1.3333333333333
24	6949854	36	1
24	6949854	37	1.3333333333333
24	6949854	38	1.5
24	6949854	39	0.66666666666667
24	6949854	40	2.5
24	6949854	41	1.6666666666667
24	6949854	42	2
24	6949854	43	1.75
24	6949854	44	1
24	6949854	45	1
24	6949854	46	1.6666666666667
24	6949854	47	1.8333333333333
24	6949854	48	1.6666666666667
24	6949854	49	2.5
24	6949854	50	1.3333333333333
24	6949854	51	1.4
24	6949854	52	0.5
24	6949854	53	1.2
24	6949854	54	1.3333333333333
24	6949854	55	1.75
24	6949854	56	0.85714285714286
24	6949854	57	2
24	6949854	58	2
24	6949854	59	2.2
24	6949854	60	2
24	6949854	61	1
24	6949854	62	1
24	6949854	63	1
24	6949854	64	2
24	6949854	65	2.25
24	6949854	66	1
24	6949854	67	1.3333333333333
24	6949854	68	1
24	6949854	69	1
24	6949854	70	0
24	6949854	71	1.25
24	6949854	72	1.3333333333333
24	6949854	73	2
24	6949854	74	1.1428571428571
24	6949854	75	2
24	6949854	76	1.5
vector 25  geant_network.client[6]  hdistance[6]  ETV
25	6949854	1	0
25	6949854	2	0
25	6949854	3	0.017857142857143
25	6949854	4	0.043478260869565
25	6949854	5	0.069767441860465
25	6949854	6	0.34782608695652
25	6949854	7	0.42105263157895
25	6949854	8	0.5
25	6949854	9	0.33333333333333
25	6949854	10	0.25
25	6949854	11	0.66666666666667
25	6949854	12	0.83333333333333
25	6949854	13	0.57142857142857
25	6949854	14	0.91666666666667
25	6949854	15	0.46153846153846
25	6949854	16	2.6666666666667
25	6949854	17	1.2857142857143
25	6949854	18	1.1666666666667
25	6949854	19	2
25	6949854	20	1
25	6949854	21	0.66666666666667
25	6949854	22	1.5
25	6949854	23	1.2
25	6949854	24	0.71428571428571
25	6949854	25	1.3333333333333
25	6949854	26	0.75
25	6949854	27	1.8
25	6949854	28	1.2
25	6949854	29	1.3333333333333
25	6949854	30	2
25	6949854	31	1.1666666666667
25	6949854	32	1
25	6949854	33	1
25	6949854	34	0.4
25	6949854	35	0.57142857142857
25	6949854	36	1.6
25	6949854	37	2.5
25	6949854	38	1.8
25	6949854	39	1.125
25	6949854	40	2.5
25	6949854	41	1.5714285714286
25	6949854	42	2
25	6949854	43	1
25	6949854	44	1.6666666666667
25	6949854	45	2.1666666666667
25	6949854	46	2.2
25	6949854	47	1.75
25	6949854	48	1.3333333333333
25	6949854	49	2
25	6949854	50	1.5
25	6949854	51	2.3333333333333
25	6949854	52	1
25	6949854	53	1.75
25	6949854	54	4
25	6949854	55	2.3333333333333
25	6949854	56	1.8
25	6949854	57	2
25	6949854	58	2
25	6949854	59	1.5
25	6949854	60	3.5
25	6949854	61	1.25
25	6949854	62	2.4
25	6949854	63	2
25	6949854	64	2.5
25	6949854	65	3
25	6949854	66	5
25	6949854	67	2
25	6949854	68	1.6666666666667
25	6949854	69	1.6666666666667
25	6949854	70	4
25	6949854	71	2.5
25	6949854	72	2.4
25	6949854	73	2
25	6949854	74	0
25	6949854	75	4
25	6949854	76	2.25
vector 26  geant_network.client[9]  hdistance[9]  ETV
26	6949854	1	0
26	6949854	2	0.054347826086957
26	6949854	3	0.11594202898551
26	6949854	4	0.37931034482759
26	6949854	5	0.33333333333333
26	6949854	6	0.27027027027027
26	6949854	7	0.48148148148148
26	6949854	8	0.625
26	6949854	9	0.45454545454545
26	6949854	10	0.77777777777778
26	6949854	11	0.57894736842105
26	6949854	12	0.53333333333333
26	6949854	13	0.6
26	6949854	14	1.2
26	6949854	15	1.0833333333333
26	6949854	16	1.7
26	6949854	17	0.71428571428571
26	6949854	18	0.92857142857143
26	6949854	19	1.3333333333333
26	6949854	20	1
26	6949854	21	0.66666666666667
26	6949854	22	0.71428571428571
26	6949854	23	0.5
26	6949854	24	1
26	6949854	25	1.6
26	6949854	26	1.3333333333333
26	6949854	27	0.875
26	6949854	28	1.1666666666667
26	6949854	29	1.125
26	6949854	30	1.375
26	6949854	31	0.83333333333333
26	6949854	32	1.7142857142857
26	6949854	33	0.6
26	6949854	34	0.75
26	6949854	35	2
26	6949854	36	3
26	6949854	37	1.4
26	6949854	38	0.88888888888889
26	6949854	39	1.3333333333333
26	6949854	40	1.1666666666667
26	6949854	41	1.2
26	6949854	42	3
26	6949854	43	0.5
26	6949854	44	1.7
26	6949854	45	1.2
26	6949854	46	0.66666666666667
26	6949854	47	1.5714285714286
26	6949854	48	2.75
26	6949854	49	1
26	6949854	50	1.6666666666667
26	6949854	51	1.6
26	6949854	52	3
26	6949854	53	1.6666666666667
26	6949854	54	1.75
26	6949854	55	3.5
26	6949854	56	0.5
26	6949854	57	2
26	6949854	58	3.5
26	6949854	59	1
26	6949854	60	2
26	6949854	61	1
26	6949854	62	2.5
26	6949854	63	3
26	6949854	64	2.3333333333333
26	6949854	65	2
26	6949854	66	1.3333333333333
26	6949854	67	0.33333333333333
26	6949854	68	2
26	6949854	69	2.3333333333333
26	6949854	70	3.6666666666667
26	6949854	71	1
26	6949854	72	3
26	6949854	73	3
26	6949854	74	2
26	6949854	75	0
26	6949854	76	2.3333333333333
vector 27  geant_network.client[10]  hdistance[10]  ETV
27	6949854	1	0
27	6949854	2	0
27	6949854	3	0
27	6949854	4	0
27	6949854	5	0.025641025641026
27	6949854	6	0.18918918918919
27	6949854	7	0.14285714285714
27	6949854	8	0
27	6949854	9	0.16
27	6949854	10	0.16666666666667
27	6949854	11	0.52941176470588
27	6949854	12	0.5
27	6949854	13	1
27	6949854	14	0.53333333333333
27	6949854	15	1.6363636363636
27	6949854	16	0.4
27	6949854	17	0.90909090909091
27	6949854	18	0.63636363636364
27	6949854	19	2.5
27	6949854	20	1.25
27	6949854	21	1.1818181818182
27	6949854	22	1
27	6949854	23	1.125
27	6949854	24	1.2222222222222
27	6949854	25	0.66666666666667
27	6949854	26	1.8333333333333
27	6949854	27	0.55555555555556
27	6949854	28	1
27	6949854	29	0.875
27	6949854	30	1.3333333333333
27	6949854	31	2.3333333333333
27	6949854	32	1
27	6949854	33	0.83333333333333
27	6949854	34	1.8
27	6949854	35	2
27	6949854	36	2.6666666666667
27	6949854	37	2.3333333333333
27	6949854	38	2.6666666666667
27	6949854	39	0.33333333333333
27	6949854	40	0.5
27	6949854	41	2.75
27	6949854	42	3
27	6949854	43	1.8333333333333
27	6949854	44	0.71428571428571
27	6949854	45	1.3333333333333
27	6949854	46	0.75
27	6949854	47	2
27	6949854	48	3.6666666666667
27	6949854	49	2.3333333333333
27	6949854	50	3.25
27	6949854	51	3
27	6949854	52	2
27	6949854	53	2.1666666666667
27	6949854	54	2.3333333333333
27	6949854	55	4
27	6949854	56	3
27	6949854	57	3
27	6949854	58	6
27	6949854	59	2
27	6949854	60	1.75
27	6949854	61	4.5
27	6949854	62	4.5
27	6949854	63	3
27	6949854	64	1.3333333333333
27	6949854	65	1
27	6949854	66	0.6
27	6949854	67	1.2
27	6949854	68	5
27	6949854	69	4.6666666666667
27	6949854	70	2
27	6949854	71	1.3333333333333
27	6949854	72	1.6666666666667
27	6949854	73	6
27	6949854	74	0
27	6949854	75	3.5
27	6949854	76	2.5
vector 28  geant_network.client[11]  hdistance[11]  ETV
28	6949854	1	0
28	6949854	2	0.0099009900990099
28	6949854	3	0.015625
28	6949854	4	0.08695652173913
28	6949854	5	0.1
28	6949854	6	0.2962962962963
28	6949854	7	0.22222222222222
28	6949854	8	0.36363636363636
28	6949854	9	0.42857142857143
28	6949854	10	0.5
28	6949854	11	0.375
28	6949854	12	0.75
28	6949854	13	0.26315789473684
28	6949854	14	1.0769230769231
28	6949854	15	0.375
28	6949854	16	0.45454545454545
28	6949854	17	0.77777777777778
28	6949854	18	0.66666666666667
28	6949854	19	1.5714285714286
28	6949854	20	0.71428571428571
28	6949854	21	2
28	6949854	22	2
28	6949854	23	2.2
28	6949854	24	1.2857142857143
28	6949854	25	0.66666666666667
28	6949854	26	1
28	6949854	27	2
28	6949854	28	1.5
28	6949854	29	2.3333333333333
28	6949854	30	1.1818181818182
28	6949854	31	1.8
28	6949854	32	1.5
28	6949854	33	2
28	6949854	34	1.5
28	6949854	35	1.1666666666667
28	6949854	36	3
28	6949854	37	1.75
28	6949854	38	2.5
28	6949854	39	2.5
28	6949854	40	2.2
28	6949854	41	1
28	6949854	42	1.5
28	6949854	43	2.5
28	6949854	44	2.5
28	6949854	45	2.75
28	6949854	46	1.4285714285714
28	6949854	47	1.5
28	6949854	48	0
28	6949854	49	3
28	6949854	50	4
28	6949854	51	2.5
28	6949854	52	1.5
28	6949854	53	1
28	6949854	54	1
28	6949854	55	3
28	6949854	56	0.5
28	6949854	57	2
28	6949854	58	2.25
28	6949854	59	2
28	6949854	60	1
28	6949854	61	1.5
28	6949854	62	1
28	6949854	63	2.75
28	6949854	64	3
28	6949854	65	0.5
28	6949854	66	0
28	6949854	67	2
28	6949854	68	1
28	6949854	69	4
28	6949854	70	1
28	6949854	71	1.6
28	6949854	72	2
28	6949854	73	4
28	6949854	74	2
28	6949854	75	2
28	6949854	76	3.5
vector 29  geant_network.client[14]  hdistance[14]  ETV
29	6949854	1	0.0058139534883721
29	6949854	2	0.035294117647059
29	6949854	3	0.084745762711864
29	6949854	4	0.275
29	6949854	5	0.175
29	6949854	6	0.23809523809524
29	6949854	7	0.47619047619048
29	6949854	8	0.42307692307692
29	6949854	9	0.38461538461538
29	6949854	10	0.75
29	6949854	11	0.46666666666667
29	6949854	12	0.4
29	6949854	13	0.70588235294118
29	6949854	14	0.66666666666667
29	6949854	15	0.8
29	6949854	16	0.66666666666667
29	6949854	17	0.71428571428571
29	6949854	18	0.6
29	6949854	19	0.875
29	6949854	20	0.63636363636364
29	6949854	21	0.42857142857143
29	6949854	22	0.81818181818182
29	6949854	23	0.66666666666667
29	6949854	24	0.75
29	6949854	25	0.7
29	6949854	26	0.875
29	6949854	27	0.8
29	6949854	28	0.8
29	6949854	29	2
29	6949854	30	1
29	6949854	31	1
29	6949854	32	1.125
29	6949854	33	1.5
29	6949854	34	1
29	6949854	35	0.5
29	6949854	36	0.5
29	6949854	37	1
29	6949854	38	1
29	6949854	39	1
29	6949854	40	1
29	6949854	41	1.3333333333333
29	6949854	42	1
29	6949854	43	0.6
29	6949854	44	0.8
29	6949854	45	1
29	6949854	46	1.3333333333333
29	6949854	47	1
29	6949854	48	2
29	6949854	49	1.2
29	6949854	50	1.3333333333333
29	6949854	51	1.75
29	6949854	52	1
29	6949854	53	1
29	6949854	54	1
29	6949854	55	1
29	6949854	56	0.66666666666667
29	6949854	57	0.66666666666667
29	6949854	58	0.8
29	6949854	59	1
29	6949854	60	1.5
29	6949854	61	1
29	6949854	62	1
29	6949854	63	0.33333333333333
29	6949854	64	0.75
29	6949854	65	2.6666666666667
29	6949854	66	2
29	6949854	67	2.6666666666667
29	6949854	68	1.1666666666667
29	6949854	69	1.3333333333333
29	6949854	70	0.66666666666667
29	6949854	71	0.66666666666667
29	6949854	72	1.5
29	6949854	73	1
29	6949854	74	2
29	6949854	75	0.66666666666667
29	6949854	76	0.33333333333333
vector 30  geant_network.client[17]  hdistance[17]  ETV
30	6949854	1	0
30	6949854	2	0
30	6949854	3	0.016666666666667
30	6949854	4	0.15789473684211
30	6949854	5	0.078947368421053
30	6949854	6	0.096774193548387
30	6949854	7	0.15384615384615
30	6949854	8	0.20833333333333
30	6949854	9	0.42105263157895
30	6949854	10	0.625
30	6949854	11	0.5
30	6949854	12	0.71428571428571
30	6949854	13	0.53846153846154
30	6949854	14	0.4375
30	6949854	15	0.75
30	6949854	16	1.1
30	6949854	17	0.5
30	6949854	18	0.33333333333333
30	6949854	19	0.85714285714286
30	6949854	20	0.27272727272727
30	6949854	21	1.1428571428571
30	6949854	22	1
30	6949854	23	1.8
30	6949854	24	0.875
30	6949854	25	0.66666666666667
30	6949854	26	0.875
30	6949854	27	0.53846153846154
30	6949854	28	0.6
30	6949854	29	1.6
30	6949854	30	1.375
30	6949854	31	1.125
30	6949854	32	0.83333333333333
30	6949854	33	1.5
30	6949854	34	1
30	6949854	35	1.6
30	6949854	36	1
30	6949854	37	0.625
30	6949854	38	1
30	6949854	39	1.5
30	6949854	40	0.75
30	6949854	41	2
30	6949854	42	1.8333333333333
30	6949854	43	1.4285714285714
30	6949854	44	1
30	6949854	45	0.75
30	6949854	46	2
30	6949854	47	1
30	6949854	48	1
30	6949854	49	1
30	6949854	50	1.5
30	6949854	51	1.3333333333333
30	6949854	52	2.2
30	6949854	53	2.5
30	6949854	54	1.3333333333333
30	6949854	55	0
30	6949854	56	1.4
30	6949854	57	2
30	6949854	58	1
30	6949854	59	1.5
30	6949854	60	1.8
30	6949854	61	1.3333333333333
30	6949854	62	1.3333333333333
30	6949854	63	0.5
30	6949854	64	1
30	6949854	65	2
30	6949854	66	2.5
30	6949854	67	2.25
30	6949854	68	2
30	6949854	69	0.5
30	6949854	70	2
30	6949854	71	1
30	6949854	72	0
30	6949854	73	2.5
30	6949854	74	2.3333333333333
30	6949854	75	1.5
30	6949854	76	1.25
vector 31  geant_network.client[18]  hdistance[18]  ETV
31	6949854	1	0
31	6949854	2	0.011363636363636
31	6949854	3	0.090909090909091
31	6949854	4	0.021276595744681
31	6949854	5	0.14285714285714
31	6949854	6	0.29032258064516
31	6949854	7	0.12121212121212
31	6949854	8	0.26923076923077
31	6949854	9	0.375
31	6949854	10	0.27777777777778
31	6949854	11	0.31818181818182
31	6949854	12	0.35294117647059
31	6949854	13	0.42857142857143
31	6949854	14	0.55555555555556
31	6949854	15	0.66666666666667
31	6949854	16	0.26666666666667
31	6949854	17	0.3
31	6949854	18	0.88888888888889
31	6949854	19	0.55555555555556
31	6949854	20	0.77777777777778
31	6949854	21	0.16666666666667
31	6949854	22	0.42857142857143
31	6949854	23	1
31	6949854	24	0.63636363636364
31	6949854	25	0.6
31	6949854	26	0.85714285714286
31	6949854	27	0.375
31	6949854	28	1
31	6949854	29	1
31	6949854	30	0
31	6949854	31	1.5
31	6949854	32	0.71428571428571
31	6949854	33	1.5
31	6949854	34	0.8
31	6949854	35	0.8
31	6949854	36	0.5
31	6949854	37	1
31	6949854	38	1
31	6949854	39	0.85714285714286
31	6949854	40	1.2
31	6949854	41	2
31	6949854	42	0.5
31	6949854	43	0.5
31	6949854	44	0.75
31	6949854	45	1
31	6949854	46	0.33333333333333
31	6949854	47	0.5
31	6949854	48	1.5
31	6949854	49	1
31	6949854	50	1
31	6949854	51	1
31	6949854	52	1.75
31	6949854	53	2.5
31	6949854	54	0.5
31	6949854	55	2.3333333333333
31	6949854	56	1.1428571428571
31	6949854	57	0.57142857142857
31	6949854	58	0.66666666666667
31	6949854	59	1
31	6949854	60	1.5
31	6949854	61	2
31	6949854	62	0
31	6949854	63	1.75
31	6949854	64	1.25
31	6949854	65	3.25
31	6949854	66	1.2
31	6949854	67	1.6666666666667
31	6949854	68	1
31	6949854	69	2.25
31	6949854	70	1
31	6949854	71	1.8333333333333
31	6949854	72	1.3333333333333
31	6949854	73	0
31	6949854	74	0
31	6949854	75	3
31	6949854	76	1.3333333333333
vector 32  geant_network.client[20]  hdistance[20]  ETV
32	6949854	1	0
32	6949854	2	0
32	6949854	3	0
32	6949854	4	0.069767441860465
32	6949854	5	0.055555555555556
32	6949854	6	0.11111111111111
32	6949854	7	0.16
32	6949854	8	0.076923076923077
32	6949854	9	0.15
32	6949854	10	0.28571428571429
32	6949854	11	0.46666666666667
32	6949854	12	0.4375
32	6949854	13	0.15384615384615
32	6949854	14	0.375
32	6949854	15	0.26666666666667
32	6949854	16	0.42857142857143
32	6949854	17	0.4
32	6949854	18	0.66666666666667
32	6949854	19	0.30769230769231
32	6949854	20	1.1666666666667
32	6949854	21	0.84615384615385
32	6949854	22	0.5
32	6949854	23	0.71428571428571
32	6949854	24	0.375
32	6949854	25	0.875
32	6949854	26	0.57142857142857
32	6949854	27	1.1428571428571
32	6949854	28	1.6
32	6949854	29	1
32	6949854	30	0.90909090909091
32	6949854	31	2.2
32	6949854	32	1
32	6949854	33	3
32	6949854	34	2.2
32	6949854	35	0.85714285714286
32	6949854	36	1
32	6949854	37	1.4
32	6949854	38	0.6
32	6949854	39	0.66666666666667
32	6949854	40	0.75
32	6949854	41	1.6666666666667
32	6949854	42	2.1428571428571
32	6949854	43	1
32	6949854	44	1.25
32	6949854	45	1
32	6949854	46	1.75
32	6949854	47	2.4
32	6949854	48	1.6666666666667
32	6949854	49	1.3333333333333
32	6949854	50	1.25
32	6949854	51	2
32	6949854	52	1.6666666666667
32	6949854	53	4
32	6949854	54	2
32	6949854	55	1
32	6949854	56	0.66666666666667
32	6949854	57	2
32	6949854	58	1.3333333333333
32	6949854	59	4
32	6949854	60	2.5
32	6949854	61	1.6
32	6949854	62	1.4
32	6949854	63	3
32	6949854	64	2
32	6949854	65	3
32	6949854	66	1.5
32	6949854	67	2
32	6949854	68	1
32	6949854	69	0.5
32	6949854	70	1.5
32	6949854	71	3
32	6949854	72	1
32	6949854	73	1.6
32	6949854	74	3.25
32	6949854	75	2
32	6949854	76	1
