version 2
run General-2-20150519-13:10:25-30102
attr D fix0.1
attr F nrr
attr R lru
attr a 1
attr configname General
attr datetime 20150519-13:10:25
attr experiment General
attr inifile omnetpp.ini
attr iterationvars "$net=geant, $rep=0, $a=1, $F=nrr, $ttl=1000, $D=fix0.1, $R=lru"
attr iterationvars2 "$net=geant, $rep=0, $a=1, $F=nrr, $ttl=1000, $D=fix0.1, $R=lru, $repetition=0"
attr measurement "$net=geant, $rep=0, $a=1, $F=nrr, $ttl=1000, $D=fix0.1, $R=lru"
attr net geant
attr network networks.${net=geant}_network
attr processid 30102
attr rep 0
attr repetition 0
attr replication #0
attr resultdir results
attr runnumber 2
attr seedset 0
attr ttl 1000

vector 0  geant_network.node[0].content_store  hit_node[0]  ETV
0	970884	1	-nan
0	970884	2	-nan
0	970884	3	-nan
0	970884	4	-nan
0	970884	5	-nan
0	970884	6	-nan
0	970884	7	-nan
0	970884	8	-nan
0	970884	9	-nan
0	970884	10	-nan
0	970884	11	-nan
0	970884	12	-nan
0	970884	13	-nan
0	970884	14	-nan
0	970884	15	-nan
0	970884	16	-nan
0	970884	17	-nan
0	970884	18	-nan
0	970884	19	-nan
0	970884	20	-nan
0	970884	21	-nan
0	970884	22	-nan
0	970884	23	-nan
0	970884	24	-nan
0	970884	25	-nan
0	970884	26	-nan
0	970884	27	-nan
0	970884	28	-nan
0	970884	29	-nan
0	970884	30	-nan
0	970884	31	-nan
0	970884	32	-nan
0	970884	33	-nan
0	970884	34	-nan
0	970884	35	-nan
0	970884	36	-nan
0	970884	37	-nan
0	970884	38	-nan
0	970884	39	-nan
0	970884	40	-nan
0	970884	41	-nan
0	970884	42	-nan
0	970884	43	-nan
0	970884	44	-nan
0	970884	45	-nan
0	970884	46	-nan
0	970884	47	-nan
0	970884	48	-nan
0	970884	49	-nan
0	970884	50	-nan
0	970884	51	-nan
0	970884	52	-nan
0	970884	53	-nan
0	970884	54	-nan
0	970884	55	-nan
0	970884	56	-nan
0	970884	57	-nan
0	970884	58	-nan
0	970884	59	-nan
0	970884	60	-nan
0	970884	61	-nan
0	970884	62	-nan
0	970884	63	-nan
0	970884	64	-nan
0	970884	65	-nan
0	970884	66	-nan
0	970884	67	-nan
0	970884	68	-nan
0	970884	69	-nan
0	970884	70	-nan
0	970884	71	-nan
0	970884	72	-nan
0	970884	73	-nan
0	970884	74	-nan
0	970884	75	-nan
0	970884	76	-nan
vector 1  geant_network.node[1].content_store  hit_node[1]  ETV
1	970884	1	-nan
1	970884	2	-nan
1	970884	3	-nan
1	970884	4	-nan
1	970884	5	-nan
1	970884	6	-nan
1	970884	7	-nan
1	970884	8	-nan
1	970884	9	-nan
1	970884	10	-nan
1	970884	11	-nan
1	970884	12	-nan
1	970884	13	-nan
1	970884	14	-nan
1	970884	15	-nan
1	970884	16	-nan
1	970884	17	-nan
1	970884	18	-nan
1	970884	19	-nan
1	970884	20	-nan
1	970884	21	-nan
1	970884	22	-nan
1	970884	23	-nan
1	970884	24	-nan
1	970884	25	-nan
1	970884	26	-nan
1	970884	27	-nan
1	970884	28	-nan
1	970884	29	-nan
1	970884	30	-nan
1	970884	31	-nan
1	970884	32	-nan
1	970884	33	-nan
1	970884	34	-nan
1	970884	35	-nan
1	970884	36	-nan
1	970884	37	-nan
1	970884	38	-nan
1	970884	39	-nan
1	970884	40	-nan
1	970884	41	-nan
1	970884	42	-nan
1	970884	43	-nan
1	970884	44	-nan
1	970884	45	-nan
1	970884	46	-nan
1	970884	47	-nan
1	970884	48	-nan
1	970884	49	-nan
1	970884	50	-nan
1	970884	51	-nan
1	970884	52	-nan
1	970884	53	-nan
1	970884	54	-nan
1	970884	55	-nan
1	970884	56	-nan
1	970884	57	-nan
1	970884	58	-nan
1	970884	59	-nan
1	970884	60	-nan
1	970884	61	-nan
1	970884	62	-nan
1	970884	63	-nan
1	970884	64	-nan
1	970884	65	-nan
1	970884	66	-nan
1	970884	67	-nan
1	970884	68	-nan
1	970884	69	-nan
1	970884	70	-nan
1	970884	71	-nan
1	970884	72	-nan
1	970884	73	-nan
1	970884	74	-nan
1	970884	75	-nan
1	970884	76	-nan
vector 2  geant_network.node[2].content_store  hit_node[2]  ETV
2	970884	1	-nan
2	970884	2	-nan
2	970884	3	-nan
2	970884	4	-nan
2	970884	5	-nan
2	970884	6	-nan
2	970884	7	-nan
2	970884	8	-nan
2	970884	9	-nan
2	970884	10	-nan
2	970884	11	-nan
2	970884	12	-nan
2	970884	13	-nan
2	970884	14	-nan
2	970884	15	-nan
2	970884	16	-nan
2	970884	17	-nan
2	970884	18	-nan
2	970884	19	-nan
2	970884	20	-nan
2	970884	21	-nan
2	970884	22	-nan
2	970884	23	-nan
2	970884	24	-nan
2	970884	25	-nan
2	970884	26	-nan
2	970884	27	-nan
2	970884	28	-nan
2	970884	29	-nan
2	970884	30	-nan
2	970884	31	-nan
2	970884	32	-nan
2	970884	33	-nan
2	970884	34	-nan
2	970884	35	-nan
2	970884	36	-nan
2	970884	37	-nan
2	970884	38	-nan
2	970884	39	-nan
2	970884	40	-nan
2	970884	41	-nan
2	970884	42	-nan
2	970884	43	-nan
2	970884	44	-nan
2	970884	45	-nan
2	970884	46	-nan
2	970884	47	-nan
2	970884	48	-nan
2	970884	49	-nan
2	970884	50	-nan
2	970884	51	-nan
2	970884	52	-nan
2	970884	53	-nan
2	970884	54	-nan
2	970884	55	-nan
2	970884	56	-nan
2	970884	57	-nan
2	970884	58	-nan
2	970884	59	-nan
2	970884	60	-nan
2	970884	61	-nan
2	970884	62	-nan
2	970884	63	-nan
2	970884	64	-nan
2	970884	65	-nan
2	970884	66	-nan
2	970884	67	-nan
2	970884	68	-nan
2	970884	69	-nan
2	970884	70	-nan
2	970884	71	-nan
2	970884	72	-nan
2	970884	73	-nan
2	970884	74	-nan
2	970884	75	-nan
2	970884	76	-nan
vector 3  geant_network.node[3].content_store  hit_node[3]  ETV
3	970884	1	-nan
3	970884	2	-nan
3	970884	3	-nan
3	970884	4	-nan
3	970884	5	-nan
3	970884	6	-nan
3	970884	7	-nan
3	970884	8	-nan
3	970884	9	-nan
3	970884	10	-nan
3	970884	11	-nan
3	970884	12	-nan
3	970884	13	-nan
3	970884	14	-nan
3	970884	15	-nan
3	970884	16	-nan
3	970884	17	-nan
3	970884	18	-nan
3	970884	19	-nan
3	970884	20	-nan
3	970884	21	0
3	970884	22	-nan
3	970884	23	-nan
3	970884	24	-nan
3	970884	25	-nan
3	970884	26	-nan
3	970884	27	-nan
3	970884	28	0
3	970884	29	0
3	970884	30	-nan
3	970884	31	-nan
3	970884	32	0
3	970884	33	-nan
3	970884	34	-nan
3	970884	35	-nan
3	970884	36	0
3	970884	37	-nan
3	970884	38	-nan
3	970884	39	0
3	970884	40	0
3	970884	41	-nan
3	970884	42	-nan
3	970884	43	0
3	970884	44	-nan
3	970884	45	-nan
3	970884	46	-nan
3	970884	47	1
3	970884	48	0
3	970884	49	-nan
3	970884	50	0.5
3	970884	51	-nan
3	970884	52	-nan
3	970884	53	0
3	970884	54	0
3	970884	55	0.2
3	970884	56	0
3	970884	57	-nan
3	970884	58	1
3	970884	59	0
3	970884	60	-nan
3	970884	61	0
3	970884	62	0
3	970884	63	0
3	970884	64	0
3	970884	65	0
3	970884	66	0
3	970884	67	0
3	970884	68	0
3	970884	69	0
3	970884	70	0
3	970884	71	1
3	970884	72	-nan
3	970884	73	0
3	970884	74	0
3	970884	75	0
3	970884	76	0
vector 4  geant_network.node[4].content_store  hit_node[4]  ETV
4	970884	1	-nan
4	970884	2	-nan
4	970884	3	-nan
4	970884	4	-nan
4	970884	5	-nan
4	970884	6	-nan
4	970884	7	-nan
4	970884	8	-nan
4	970884	9	-nan
4	970884	10	-nan
4	970884	11	-nan
4	970884	12	-nan
4	970884	13	-nan
4	970884	14	-nan
4	970884	15	-nan
4	970884	16	-nan
4	970884	17	-nan
4	970884	18	-nan
4	970884	19	-nan
4	970884	20	-nan
4	970884	21	-nan
4	970884	22	-nan
4	970884	23	-nan
4	970884	24	-nan
4	970884	25	-nan
4	970884	26	-nan
4	970884	27	-nan
4	970884	28	-nan
4	970884	29	-nan
4	970884	30	-nan
4	970884	31	-nan
4	970884	32	-nan
4	970884	33	-nan
4	970884	34	-nan
4	970884	35	-nan
4	970884	36	-nan
4	970884	37	-nan
4	970884	38	-nan
4	970884	39	-nan
4	970884	40	-nan
4	970884	41	-nan
4	970884	42	-nan
4	970884	43	-nan
4	970884	44	-nan
4	970884	45	-nan
4	970884	46	-nan
4	970884	47	-nan
4	970884	48	-nan
4	970884	49	-nan
4	970884	50	-nan
4	970884	51	-nan
4	970884	52	-nan
4	970884	53	-nan
4	970884	54	-nan
4	970884	55	-nan
4	970884	56	-nan
4	970884	57	-nan
4	970884	58	-nan
4	970884	59	-nan
4	970884	60	-nan
4	970884	61	-nan
4	970884	62	-nan
4	970884	63	-nan
4	970884	64	-nan
4	970884	65	-nan
4	970884	66	-nan
4	970884	67	-nan
4	970884	68	-nan
4	970884	69	-nan
4	970884	70	-nan
4	970884	71	-nan
4	970884	72	-nan
4	970884	73	-nan
4	970884	74	-nan
4	970884	75	-nan
4	970884	76	-nan
vector 5  geant_network.node[5].content_store  hit_node[5]  ETV
5	970884	1	-nan
5	970884	2	-nan
5	970884	3	-nan
5	970884	4	-nan
5	970884	5	-nan
5	970884	6	-nan
5	970884	7	-nan
5	970884	8	-nan
5	970884	9	-nan
5	970884	10	-nan
5	970884	11	-nan
5	970884	12	-nan
5	970884	13	-nan
5	970884	14	-nan
5	970884	15	-nan
5	970884	16	-nan
5	970884	17	-nan
5	970884	18	-nan
5	970884	19	-nan
5	970884	20	-nan
5	970884	21	0
5	970884	22	-nan
5	970884	23	-nan
5	970884	24	-nan
5	970884	25	-nan
5	970884	26	-nan
5	970884	27	-nan
5	970884	28	0.66666666666667
5	970884	29	0
5	970884	30	-nan
5	970884	31	-nan
5	970884	32	0
5	970884	33	-nan
5	970884	34	-nan
5	970884	35	-nan
5	970884	36	1
5	970884	37	-nan
5	970884	38	-nan
5	970884	39	0
5	970884	40	0
5	970884	41	-nan
5	970884	42	-nan
5	970884	43	0
5	970884	44	-nan
5	970884	45	-nan
5	970884	46	-nan
5	970884	47	-nan
5	970884	48	0
5	970884	49	-nan
5	970884	50	1
5	970884	51	-nan
5	970884	52	-nan
5	970884	53	0
5	970884	54	1
5	970884	55	0
5	970884	56	0
5	970884	57	-nan
5	970884	58	-nan
5	970884	59	1
5	970884	60	-nan
5	970884	61	0
5	970884	62	0
5	970884	63	0
5	970884	64	0
5	970884	65	0
5	970884	66	0
5	970884	67	0
5	970884	68	1
5	970884	69	0
5	970884	70	0
5	970884	71	-nan
5	970884	72	-nan
5	970884	73	0
5	970884	74	0
5	970884	75	0
5	970884	76	0
vector 6  geant_network.node[6].content_store  hit_node[6]  ETV
6	970884	1	-nan
6	970884	2	-nan
6	970884	3	-nan
6	970884	4	-nan
6	970884	5	-nan
6	970884	6	-nan
6	970884	7	-nan
6	970884	8	-nan
6	970884	9	-nan
6	970884	10	-nan
6	970884	11	-nan
6	970884	12	-nan
6	970884	13	-nan
6	970884	14	-nan
6	970884	15	-nan
6	970884	16	-nan
6	970884	17	-nan
6	970884	18	-nan
6	970884	19	-nan
6	970884	20	-nan
6	970884	21	-nan
6	970884	22	-nan
6	970884	23	-nan
6	970884	24	-nan
6	970884	25	-nan
6	970884	26	-nan
6	970884	27	-nan
6	970884	28	-nan
6	970884	29	-nan
6	970884	30	-nan
6	970884	31	-nan
6	970884	32	-nan
6	970884	33	-nan
6	970884	34	-nan
6	970884	35	-nan
6	970884	36	-nan
6	970884	37	-nan
6	970884	38	-nan
6	970884	39	-nan
6	970884	40	-nan
6	970884	41	-nan
6	970884	42	-nan
6	970884	43	-nan
6	970884	44	-nan
6	970884	45	-nan
6	970884	46	-nan
6	970884	47	-nan
6	970884	48	-nan
6	970884	49	-nan
6	970884	50	-nan
6	970884	51	-nan
6	970884	52	-nan
6	970884	53	-nan
6	970884	54	-nan
6	970884	55	-nan
6	970884	56	-nan
6	970884	57	-nan
6	970884	58	-nan
6	970884	59	-nan
6	970884	60	-nan
6	970884	61	-nan
6	970884	62	-nan
6	970884	63	-nan
6	970884	64	-nan
6	970884	65	-nan
6	970884	66	-nan
6	970884	67	-nan
6	970884	68	-nan
6	970884	69	-nan
6	970884	70	-nan
6	970884	71	-nan
6	970884	72	-nan
6	970884	73	-nan
6	970884	74	-nan
6	970884	75	-nan
6	970884	76	-nan
vector 7  geant_network.node[7].content_store  hit_node[7]  ETV
7	970884	1	-nan
7	970884	2	-nan
7	970884	3	-nan
7	970884	4	-nan
7	970884	5	-nan
7	970884	6	-nan
7	970884	7	-nan
7	970884	8	-nan
7	970884	9	-nan
7	970884	10	-nan
7	970884	11	-nan
7	970884	12	-nan
7	970884	13	-nan
7	970884	14	-nan
7	970884	15	-nan
7	970884	16	-nan
7	970884	17	-nan
7	970884	18	-nan
7	970884	19	-nan
7	970884	20	-nan
7	970884	21	-nan
7	970884	22	-nan
7	970884	23	-nan
7	970884	24	-nan
7	970884	25	-nan
7	970884	26	-nan
7	970884	27	-nan
7	970884	28	-nan
7	970884	29	-nan
7	970884	30	-nan
7	970884	31	-nan
7	970884	32	-nan
7	970884	33	-nan
7	970884	34	-nan
7	970884	35	-nan
7	970884	36	-nan
7	970884	37	-nan
7	970884	38	-nan
7	970884	39	-nan
7	970884	40	-nan
7	970884	41	-nan
7	970884	42	-nan
7	970884	43	-nan
7	970884	44	-nan
7	970884	45	-nan
7	970884	46	-nan
7	970884	47	-nan
7	970884	48	-nan
7	970884	49	-nan
7	970884	50	-nan
7	970884	51	-nan
7	970884	52	-nan
7	970884	53	-nan
7	970884	54	-nan
7	970884	55	-nan
7	970884	56	-nan
7	970884	57	-nan
7	970884	58	-nan
7	970884	59	-nan
7	970884	60	-nan
7	970884	61	-nan
7	970884	62	-nan
7	970884	63	-nan
7	970884	64	-nan
7	970884	65	-nan
7	970884	66	-nan
7	970884	67	-nan
7	970884	68	-nan
7	970884	69	-nan
7	970884	70	-nan
7	970884	71	-nan
7	970884	72	-nan
7	970884	73	-nan
7	970884	74	-nan
7	970884	75	-nan
7	970884	76	-nan
vector 8  geant_network.node[8].content_store  hit_node[8]  ETV
8	970884	1	-nan
8	970884	2	-nan
8	970884	3	-nan
8	970884	4	-nan
8	970884	5	-nan
8	970884	6	-nan
8	970884	7	-nan
8	970884	8	-nan
8	970884	9	-nan
8	970884	10	-nan
8	970884	11	-nan
8	970884	12	-nan
8	970884	13	-nan
8	970884	14	-nan
8	970884	15	-nan
8	970884	16	-nan
8	970884	17	-nan
8	970884	18	-nan
8	970884	19	-nan
8	970884	20	-nan
8	970884	21	-nan
8	970884	22	-nan
8	970884	23	-nan
8	970884	24	-nan
8	970884	25	-nan
8	970884	26	-nan
8	970884	27	-nan
8	970884	28	-nan
8	970884	29	-nan
8	970884	30	-nan
8	970884	31	-nan
8	970884	32	-nan
8	970884	33	-nan
8	970884	34	-nan
8	970884	35	-nan
8	970884	36	-nan
8	970884	37	-nan
8	970884	38	-nan
8	970884	39	-nan
8	970884	40	-nan
8	970884	41	-nan
8	970884	42	-nan
8	970884	43	-nan
8	970884	44	-nan
8	970884	45	-nan
8	970884	46	-nan
8	970884	47	-nan
8	970884	48	-nan
8	970884	49	-nan
8	970884	50	-nan
8	970884	51	-nan
8	970884	52	-nan
8	970884	53	-nan
8	970884	54	-nan
8	970884	55	-nan
8	970884	56	-nan
8	970884	57	-nan
8	970884	58	-nan
8	970884	59	-nan
8	970884	60	-nan
8	970884	61	-nan
8	970884	62	-nan
8	970884	63	-nan
8	970884	64	-nan
8	970884	65	-nan
8	970884	66	-nan
8	970884	67	-nan
8	970884	68	-nan
8	970884	69	-nan
8	970884	70	-nan
8	970884	71	-nan
8	970884	72	-nan
8	970884	73	-nan
8	970884	74	-nan
8	970884	75	-nan
8	970884	76	-nan
vector 9  geant_network.node[9].content_store  hit_node[9]  ETV
9	970884	1	-nan
9	970884	2	-nan
9	970884	3	-nan
9	970884	4	-nan
9	970884	5	-nan
9	970884	6	-nan
9	970884	7	-nan
9	970884	8	-nan
9	970884	9	-nan
9	970884	10	-nan
9	970884	11	-nan
9	970884	12	-nan
9	970884	13	-nan
9	970884	14	-nan
9	970884	15	-nan
9	970884	16	-nan
9	970884	17	-nan
9	970884	18	-nan
9	970884	19	-nan
9	970884	20	-nan
9	970884	21	-nan
9	970884	22	-nan
9	970884	23	-nan
9	970884	24	-nan
9	970884	25	-nan
9	970884	26	-nan
9	970884	27	-nan
9	970884	28	-nan
9	970884	29	-nan
9	970884	30	-nan
9	970884	31	-nan
9	970884	32	-nan
9	970884	33	-nan
9	970884	34	-nan
9	970884	35	-nan
9	970884	36	-nan
9	970884	37	-nan
9	970884	38	-nan
9	970884	39	-nan
9	970884	40	-nan
9	970884	41	-nan
9	970884	42	-nan
9	970884	43	-nan
9	970884	44	-nan
9	970884	45	-nan
9	970884	46	-nan
9	970884	47	-nan
9	970884	48	-nan
9	970884	49	-nan
9	970884	50	-nan
9	970884	51	-nan
9	970884	52	-nan
9	970884	53	-nan
9	970884	54	-nan
9	970884	55	-nan
9	970884	56	-nan
9	970884	57	-nan
9	970884	58	-nan
9	970884	59	-nan
9	970884	60	-nan
9	970884	61	-nan
9	970884	62	-nan
9	970884	63	-nan
9	970884	64	-nan
9	970884	65	-nan
9	970884	66	-nan
9	970884	67	-nan
9	970884	68	-nan
9	970884	69	-nan
9	970884	70	-nan
9	970884	71	-nan
9	970884	72	-nan
9	970884	73	-nan
9	970884	74	-nan
9	970884	75	-nan
9	970884	76	-nan
vector 10  geant_network.node[10].content_store  hit_node[10]  ETV
10	970884	1	-nan
10	970884	2	-nan
10	970884	3	-nan
10	970884	4	-nan
10	970884	5	-nan
10	970884	6	-nan
10	970884	7	-nan
10	970884	8	-nan
10	970884	9	-nan
10	970884	10	-nan
10	970884	11	-nan
10	970884	12	-nan
10	970884	13	-nan
10	970884	14	-nan
10	970884	15	-nan
10	970884	16	-nan
10	970884	17	-nan
10	970884	18	-nan
10	970884	19	-nan
10	970884	20	-nan
10	970884	21	-nan
10	970884	22	-nan
10	970884	23	-nan
10	970884	24	-nan
10	970884	25	-nan
10	970884	26	-nan
10	970884	27	-nan
10	970884	28	-nan
10	970884	29	-nan
10	970884	30	-nan
10	970884	31	-nan
10	970884	32	-nan
10	970884	33	-nan
10	970884	34	-nan
10	970884	35	-nan
10	970884	36	-nan
10	970884	37	-nan
10	970884	38	-nan
10	970884	39	-nan
10	970884	40	-nan
10	970884	41	-nan
10	970884	42	-nan
10	970884	43	-nan
10	970884	44	-nan
10	970884	45	-nan
10	970884	46	-nan
10	970884	47	-nan
10	970884	48	-nan
10	970884	49	-nan
10	970884	50	-nan
10	970884	51	-nan
10	970884	52	-nan
10	970884	53	-nan
10	970884	54	-nan
10	970884	55	-nan
10	970884	56	-nan
10	970884	57	-nan
10	970884	58	-nan
10	970884	59	-nan
10	970884	60	-nan
10	970884	61	-nan
10	970884	62	-nan
10	970884	63	-nan
10	970884	64	-nan
10	970884	65	-nan
10	970884	66	-nan
10	970884	67	-nan
10	970884	68	-nan
10	970884	69	-nan
10	970884	70	-nan
10	970884	71	-nan
10	970884	72	-nan
10	970884	73	-nan
10	970884	74	-nan
10	970884	75	-nan
10	970884	76	-nan
vector 11  geant_network.node[11].content_store  hit_node[11]  ETV
11	970884	1	1
11	970884	2	1
11	970884	3	1
11	970884	4	1
11	970884	5	1
11	970884	6	1
11	970884	7	1
11	970884	8	1
11	970884	9	1
11	970884	10	1
11	970884	11	1
11	970884	12	1
11	970884	13	1
11	970884	14	1
11	970884	15	1
11	970884	16	1
11	970884	17	1
11	970884	18	1
11	970884	19	1
11	970884	20	1
11	970884	21	0.5
11	970884	22	1
11	970884	23	1
11	970884	24	1
11	970884	25	1
11	970884	26	1
11	970884	27	1
11	970884	28	0
11	970884	29	0
11	970884	30	1
11	970884	31	1
11	970884	32	0.5
11	970884	33	0
11	970884	34	1
11	970884	35	0
11	970884	36	0
11	970884	37	0
11	970884	38	1
11	970884	39	0
11	970884	40	0.6
11	970884	41	1
11	970884	42	1
11	970884	43	0.8
11	970884	44	1
11	970884	45	0
11	970884	46	0.75
11	970884	47	0
11	970884	48	0.2
11	970884	49	1
11	970884	50	0.6
11	970884	51	0
11	970884	52	1
11	970884	53	0
11	970884	54	0.71428571428571
11	970884	55	0
11	970884	56	0
11	970884	57	1
11	970884	58	0
11	970884	59	0
11	970884	60	0
11	970884	61	0
11	970884	62	0.5
11	970884	63	0
11	970884	64	0
11	970884	65	0
11	970884	66	0.5
11	970884	67	0
11	970884	68	0.66666666666667
11	970884	69	0
11	970884	70	0
11	970884	71	0
11	970884	72	1
11	970884	73	0.25
11	970884	74	0
11	970884	75	0.8
11	970884	76	0
vector 12  geant_network.node[12].content_store  hit_node[12]  ETV
12	970884	1	-nan
12	970884	2	-nan
12	970884	3	-nan
12	970884	4	-nan
12	970884	5	-nan
12	970884	6	-nan
12	970884	7	-nan
12	970884	8	-nan
12	970884	9	-nan
12	970884	10	-nan
12	970884	11	-nan
12	970884	12	-nan
12	970884	13	-nan
12	970884	14	-nan
12	970884	15	-nan
12	970884	16	-nan
12	970884	17	-nan
12	970884	18	-nan
12	970884	19	-nan
12	970884	20	-nan
12	970884	21	0
12	970884	22	-nan
12	970884	23	-nan
12	970884	24	-nan
12	970884	25	-nan
12	970884	26	-nan
12	970884	27	-nan
12	970884	28	0
12	970884	29	0
12	970884	30	-nan
12	970884	31	-nan
12	970884	32	0
12	970884	33	1
12	970884	34	-nan
12	970884	35	1
12	970884	36	0.625
12	970884	37	1
12	970884	38	-nan
12	970884	39	0
12	970884	40	0
12	970884	41	-nan
12	970884	42	-nan
12	970884	43	0
12	970884	44	-nan
12	970884	45	1
12	970884	46	1
12	970884	47	0
12	970884	48	0
12	970884	49	-nan
12	970884	50	0
12	970884	51	1
12	970884	52	-nan
12	970884	53	0
12	970884	54	0.5
12	970884	55	0
12	970884	56	0.16666666666667
12	970884	57	-nan
12	970884	58	0.33333333333333
12	970884	59	0
12	970884	60	1
12	970884	61	0
12	970884	62	0
12	970884	63	0
12	970884	64	0
12	970884	65	0.5
12	970884	66	0
12	970884	67	0
12	970884	68	0
12	970884	69	0.33333333333333
12	970884	70	0
12	970884	71	0
12	970884	72	-nan
12	970884	73	0
12	970884	74	0
12	970884	75	0
12	970884	76	0
vector 13  geant_network.node[13].content_store  hit_node[13]  ETV
13	970884	1	-nan
13	970884	2	-nan
13	970884	3	-nan
13	970884	4	-nan
13	970884	5	-nan
13	970884	6	-nan
13	970884	7	-nan
13	970884	8	-nan
13	970884	9	-nan
13	970884	10	-nan
13	970884	11	-nan
13	970884	12	-nan
13	970884	13	-nan
13	970884	14	-nan
13	970884	15	-nan
13	970884	16	-nan
13	970884	17	-nan
13	970884	18	-nan
13	970884	19	-nan
13	970884	20	-nan
13	970884	21	-nan
13	970884	22	-nan
13	970884	23	-nan
13	970884	24	-nan
13	970884	25	-nan
13	970884	26	-nan
13	970884	27	-nan
13	970884	28	-nan
13	970884	29	-nan
13	970884	30	-nan
13	970884	31	-nan
13	970884	32	-nan
13	970884	33	-nan
13	970884	34	-nan
13	970884	35	-nan
13	970884	36	-nan
13	970884	37	-nan
13	970884	38	-nan
13	970884	39	-nan
13	970884	40	-nan
13	970884	41	-nan
13	970884	42	-nan
13	970884	43	-nan
13	970884	44	-nan
13	970884	45	-nan
13	970884	46	-nan
13	970884	47	-nan
13	970884	48	-nan
13	970884	49	-nan
13	970884	50	-nan
13	970884	51	-nan
13	970884	52	-nan
13	970884	53	-nan
13	970884	54	-nan
13	970884	55	-nan
13	970884	56	-nan
13	970884	57	-nan
13	970884	58	-nan
13	970884	59	-nan
13	970884	60	-nan
13	970884	61	-nan
13	970884	62	-nan
13	970884	63	-nan
13	970884	64	-nan
13	970884	65	-nan
13	970884	66	-nan
13	970884	67	-nan
13	970884	68	-nan
13	970884	69	-nan
13	970884	70	-nan
13	970884	71	-nan
13	970884	72	-nan
13	970884	73	-nan
13	970884	74	-nan
13	970884	75	-nan
13	970884	76	-nan
vector 14  geant_network.node[14].content_store  hit_node[14]  ETV
14	970884	1	-nan
14	970884	2	-nan
14	970884	3	-nan
14	970884	4	-nan
14	970884	5	-nan
14	970884	6	-nan
14	970884	7	-nan
14	970884	8	-nan
14	970884	9	-nan
14	970884	10	-nan
14	970884	11	-nan
14	970884	12	-nan
14	970884	13	-nan
14	970884	14	-nan
14	970884	15	-nan
14	970884	16	-nan
14	970884	17	-nan
14	970884	18	-nan
14	970884	19	-nan
14	970884	20	-nan
14	970884	21	-nan
14	970884	22	-nan
14	970884	23	-nan
14	970884	24	-nan
14	970884	25	-nan
14	970884	26	-nan
14	970884	27	-nan
14	970884	28	-nan
14	970884	29	-nan
14	970884	30	-nan
14	970884	31	-nan
14	970884	32	-nan
14	970884	33	-nan
14	970884	34	-nan
14	970884	35	-nan
14	970884	36	-nan
14	970884	37	-nan
14	970884	38	-nan
14	970884	39	-nan
14	970884	40	-nan
14	970884	41	-nan
14	970884	42	-nan
14	970884	43	-nan
14	970884	44	-nan
14	970884	45	-nan
14	970884	46	-nan
14	970884	47	-nan
14	970884	48	-nan
14	970884	49	-nan
14	970884	50	-nan
14	970884	51	-nan
14	970884	52	-nan
14	970884	53	-nan
14	970884	54	-nan
14	970884	55	-nan
14	970884	56	-nan
14	970884	57	-nan
14	970884	58	-nan
14	970884	59	-nan
14	970884	60	-nan
14	970884	61	-nan
14	970884	62	-nan
14	970884	63	-nan
14	970884	64	-nan
14	970884	65	-nan
14	970884	66	-nan
14	970884	67	-nan
14	970884	68	-nan
14	970884	69	-nan
14	970884	70	-nan
14	970884	71	-nan
14	970884	72	-nan
14	970884	73	-nan
14	970884	74	-nan
14	970884	75	-nan
14	970884	76	-nan
vector 15  geant_network.node[15].content_store  hit_node[15]  ETV
15	970884	1	-nan
15	970884	2	-nan
15	970884	3	-nan
15	970884	4	-nan
15	970884	5	-nan
15	970884	6	-nan
15	970884	7	-nan
15	970884	8	-nan
15	970884	9	-nan
15	970884	10	-nan
15	970884	11	-nan
15	970884	12	-nan
15	970884	13	-nan
15	970884	14	-nan
15	970884	15	-nan
15	970884	16	-nan
15	970884	17	-nan
15	970884	18	-nan
15	970884	19	-nan
15	970884	20	-nan
15	970884	21	-nan
15	970884	22	-nan
15	970884	23	-nan
15	970884	24	-nan
15	970884	25	-nan
15	970884	26	-nan
15	970884	27	-nan
15	970884	28	-nan
15	970884	29	-nan
15	970884	30	-nan
15	970884	31	-nan
15	970884	32	-nan
15	970884	33	-nan
15	970884	34	-nan
15	970884	35	-nan
15	970884	36	-nan
15	970884	37	-nan
15	970884	38	-nan
15	970884	39	-nan
15	970884	40	-nan
15	970884	41	-nan
15	970884	42	-nan
15	970884	43	-nan
15	970884	44	-nan
15	970884	45	-nan
15	970884	46	-nan
15	970884	47	-nan
15	970884	48	-nan
15	970884	49	-nan
15	970884	50	-nan
15	970884	51	-nan
15	970884	52	-nan
15	970884	53	-nan
15	970884	54	-nan
15	970884	55	-nan
15	970884	56	-nan
15	970884	57	-nan
15	970884	58	-nan
15	970884	59	-nan
15	970884	60	-nan
15	970884	61	-nan
15	970884	62	-nan
15	970884	63	-nan
15	970884	64	-nan
15	970884	65	-nan
15	970884	66	-nan
15	970884	67	-nan
15	970884	68	-nan
15	970884	69	-nan
15	970884	70	-nan
15	970884	71	-nan
15	970884	72	-nan
15	970884	73	-nan
15	970884	74	-nan
15	970884	75	-nan
15	970884	76	-nan
vector 16  geant_network.node[16].content_store  hit_node[16]  ETV
16	970884	1	-nan
16	970884	2	-nan
16	970884	3	-nan
16	970884	4	-nan
16	970884	5	-nan
16	970884	6	-nan
16	970884	7	-nan
16	970884	8	-nan
16	970884	9	-nan
16	970884	10	-nan
16	970884	11	-nan
16	970884	12	-nan
16	970884	13	-nan
16	970884	14	-nan
16	970884	15	-nan
16	970884	16	-nan
16	970884	17	-nan
16	970884	18	-nan
16	970884	19	-nan
16	970884	20	-nan
16	970884	21	-nan
16	970884	22	-nan
16	970884	23	-nan
16	970884	24	-nan
16	970884	25	-nan
16	970884	26	-nan
16	970884	27	-nan
16	970884	28	-nan
16	970884	29	-nan
16	970884	30	-nan
16	970884	31	-nan
16	970884	32	-nan
16	970884	33	-nan
16	970884	34	-nan
16	970884	35	-nan
16	970884	36	-nan
16	970884	37	-nan
16	970884	38	-nan
16	970884	39	-nan
16	970884	40	-nan
16	970884	41	-nan
16	970884	42	-nan
16	970884	43	-nan
16	970884	44	-nan
16	970884	45	-nan
16	970884	46	-nan
16	970884	47	-nan
16	970884	48	-nan
16	970884	49	-nan
16	970884	50	-nan
16	970884	51	-nan
16	970884	52	-nan
16	970884	53	-nan
16	970884	54	-nan
16	970884	55	-nan
16	970884	56	-nan
16	970884	57	-nan
16	970884	58	-nan
16	970884	59	-nan
16	970884	60	-nan
16	970884	61	-nan
16	970884	62	-nan
16	970884	63	-nan
16	970884	64	-nan
16	970884	65	-nan
16	970884	66	-nan
16	970884	67	-nan
16	970884	68	-nan
16	970884	69	-nan
16	970884	70	-nan
16	970884	71	-nan
16	970884	72	-nan
16	970884	73	-nan
16	970884	74	-nan
16	970884	75	-nan
16	970884	76	-nan
vector 17  geant_network.node[17].content_store  hit_node[17]  ETV
17	970884	1	-nan
17	970884	2	-nan
17	970884	3	-nan
17	970884	4	-nan
17	970884	5	-nan
17	970884	6	-nan
17	970884	7	-nan
17	970884	8	-nan
17	970884	9	-nan
17	970884	10	-nan
17	970884	11	-nan
17	970884	12	-nan
17	970884	13	-nan
17	970884	14	-nan
17	970884	15	-nan
17	970884	16	-nan
17	970884	17	-nan
17	970884	18	-nan
17	970884	19	-nan
17	970884	20	-nan
17	970884	21	-nan
17	970884	22	-nan
17	970884	23	-nan
17	970884	24	-nan
17	970884	25	-nan
17	970884	26	-nan
17	970884	27	-nan
17	970884	28	-nan
17	970884	29	-nan
17	970884	30	-nan
17	970884	31	-nan
17	970884	32	-nan
17	970884	33	-nan
17	970884	34	-nan
17	970884	35	-nan
17	970884	36	-nan
17	970884	37	-nan
17	970884	38	-nan
17	970884	39	-nan
17	970884	40	-nan
17	970884	41	-nan
17	970884	42	-nan
17	970884	43	-nan
17	970884	44	-nan
17	970884	45	-nan
17	970884	46	-nan
17	970884	47	-nan
17	970884	48	-nan
17	970884	49	-nan
17	970884	50	-nan
17	970884	51	-nan
17	970884	52	-nan
17	970884	53	-nan
17	970884	54	-nan
17	970884	55	-nan
17	970884	56	-nan
17	970884	57	-nan
17	970884	58	-nan
17	970884	59	-nan
17	970884	60	-nan
17	970884	61	-nan
17	970884	62	-nan
17	970884	63	-nan
17	970884	64	-nan
17	970884	65	-nan
17	970884	66	-nan
17	970884	67	-nan
17	970884	68	-nan
17	970884	69	-nan
17	970884	70	-nan
17	970884	71	-nan
17	970884	72	-nan
17	970884	73	-nan
17	970884	74	-nan
17	970884	75	-nan
17	970884	76	-nan
vector 18  geant_network.node[18].content_store  hit_node[18]  ETV
18	970884	1	-nan
18	970884	2	-nan
18	970884	3	-nan
18	970884	4	-nan
18	970884	5	-nan
18	970884	6	-nan
18	970884	7	-nan
18	970884	8	-nan
18	970884	9	-nan
18	970884	10	-nan
18	970884	11	-nan
18	970884	12	-nan
18	970884	13	-nan
18	970884	14	-nan
18	970884	15	-nan
18	970884	16	-nan
18	970884	17	-nan
18	970884	18	-nan
18	970884	19	-nan
18	970884	20	-nan
18	970884	21	-nan
18	970884	22	-nan
18	970884	23	-nan
18	970884	24	-nan
18	970884	25	-nan
18	970884	26	-nan
18	970884	27	-nan
18	970884	28	-nan
18	970884	29	-nan
18	970884	30	-nan
18	970884	31	-nan
18	970884	32	-nan
18	970884	33	-nan
18	970884	34	-nan
18	970884	35	-nan
18	970884	36	-nan
18	970884	37	-nan
18	970884	38	-nan
18	970884	39	-nan
18	970884	40	-nan
18	970884	41	-nan
18	970884	42	-nan
18	970884	43	-nan
18	970884	44	-nan
18	970884	45	-nan
18	970884	46	-nan
18	970884	47	-nan
18	970884	48	-nan
18	970884	49	-nan
18	970884	50	-nan
18	970884	51	-nan
18	970884	52	-nan
18	970884	53	-nan
18	970884	54	-nan
18	970884	55	-nan
18	970884	56	-nan
18	970884	57	-nan
18	970884	58	-nan
18	970884	59	-nan
18	970884	60	-nan
18	970884	61	-nan
18	970884	62	-nan
18	970884	63	-nan
18	970884	64	-nan
18	970884	65	-nan
18	970884	66	-nan
18	970884	67	-nan
18	970884	68	-nan
18	970884	69	-nan
18	970884	70	-nan
18	970884	71	-nan
18	970884	72	-nan
18	970884	73	-nan
18	970884	74	-nan
18	970884	75	-nan
18	970884	76	-nan
vector 19  geant_network.node[19].content_store  hit_node[19]  ETV
19	970884	1	-nan
19	970884	2	-nan
19	970884	3	-nan
19	970884	4	-nan
19	970884	5	-nan
19	970884	6	-nan
19	970884	7	-nan
19	970884	8	-nan
19	970884	9	-nan
19	970884	10	-nan
19	970884	11	-nan
19	970884	12	-nan
19	970884	13	-nan
19	970884	14	-nan
19	970884	15	-nan
19	970884	16	-nan
19	970884	17	-nan
19	970884	18	-nan
19	970884	19	-nan
19	970884	20	-nan
19	970884	21	-nan
19	970884	22	-nan
19	970884	23	-nan
19	970884	24	-nan
19	970884	25	-nan
19	970884	26	-nan
19	970884	27	-nan
19	970884	28	-nan
19	970884	29	-nan
19	970884	30	-nan
19	970884	31	-nan
19	970884	32	-nan
19	970884	33	-nan
19	970884	34	-nan
19	970884	35	-nan
19	970884	36	-nan
19	970884	37	-nan
19	970884	38	-nan
19	970884	39	-nan
19	970884	40	-nan
19	970884	41	-nan
19	970884	42	-nan
19	970884	43	-nan
19	970884	44	-nan
19	970884	45	-nan
19	970884	46	-nan
19	970884	47	-nan
19	970884	48	-nan
19	970884	49	-nan
19	970884	50	-nan
19	970884	51	-nan
19	970884	52	-nan
19	970884	53	-nan
19	970884	54	-nan
19	970884	55	-nan
19	970884	56	-nan
19	970884	57	-nan
19	970884	58	-nan
19	970884	59	-nan
19	970884	60	-nan
19	970884	61	-nan
19	970884	62	-nan
19	970884	63	-nan
19	970884	64	-nan
19	970884	65	-nan
19	970884	66	-nan
19	970884	67	-nan
19	970884	68	-nan
19	970884	69	-nan
19	970884	70	-nan
19	970884	71	-nan
19	970884	72	-nan
19	970884	73	-nan
19	970884	74	-nan
19	970884	75	-nan
19	970884	76	-nan
vector 20  geant_network.node[20].content_store  hit_node[20]  ETV
20	970884	1	-nan
20	970884	2	-nan
20	970884	3	-nan
20	970884	4	-nan
20	970884	5	-nan
20	970884	6	-nan
20	970884	7	-nan
20	970884	8	-nan
20	970884	9	-nan
20	970884	10	-nan
20	970884	11	-nan
20	970884	12	-nan
20	970884	13	-nan
20	970884	14	-nan
20	970884	15	-nan
20	970884	16	-nan
20	970884	17	-nan
20	970884	18	-nan
20	970884	19	-nan
20	970884	20	-nan
20	970884	21	-nan
20	970884	22	-nan
20	970884	23	-nan
20	970884	24	-nan
20	970884	25	-nan
20	970884	26	-nan
20	970884	27	-nan
20	970884	28	-nan
20	970884	29	-nan
20	970884	30	-nan
20	970884	31	-nan
20	970884	32	-nan
20	970884	33	-nan
20	970884	34	-nan
20	970884	35	-nan
20	970884	36	-nan
20	970884	37	-nan
20	970884	38	-nan
20	970884	39	-nan
20	970884	40	-nan
20	970884	41	-nan
20	970884	42	-nan
20	970884	43	-nan
20	970884	44	-nan
20	970884	45	-nan
20	970884	46	-nan
20	970884	47	-nan
20	970884	48	-nan
20	970884	49	-nan
20	970884	50	-nan
20	970884	51	-nan
20	970884	52	-nan
20	970884	53	-nan
20	970884	54	-nan
20	970884	55	-nan
20	970884	56	-nan
20	970884	57	-nan
20	970884	58	-nan
20	970884	59	-nan
20	970884	60	-nan
20	970884	61	-nan
20	970884	62	-nan
20	970884	63	-nan
20	970884	64	-nan
20	970884	65	-nan
20	970884	66	-nan
20	970884	67	-nan
20	970884	68	-nan
20	970884	69	-nan
20	970884	70	-nan
20	970884	71	-nan
20	970884	72	-nan
20	970884	73	-nan
20	970884	74	-nan
20	970884	75	-nan
20	970884	76	-nan
vector 21  geant_network.node[21].content_store  hit_node[21]  ETV
21	970884	1	-nan
21	970884	2	-nan
21	970884	3	-nan
21	970884	4	-nan
21	970884	5	-nan
21	970884	6	-nan
21	970884	7	-nan
21	970884	8	-nan
21	970884	9	-nan
21	970884	10	-nan
21	970884	11	-nan
21	970884	12	-nan
21	970884	13	-nan
21	970884	14	-nan
21	970884	15	-nan
21	970884	16	-nan
21	970884	17	-nan
21	970884	18	-nan
21	970884	19	-nan
21	970884	20	-nan
21	970884	21	-nan
21	970884	22	-nan
21	970884	23	-nan
21	970884	24	-nan
21	970884	25	-nan
21	970884	26	-nan
21	970884	27	-nan
21	970884	28	-nan
21	970884	29	-nan
21	970884	30	-nan
21	970884	31	-nan
21	970884	32	-nan
21	970884	33	-nan
21	970884	34	-nan
21	970884	35	-nan
21	970884	36	-nan
21	970884	37	-nan
21	970884	38	-nan
21	970884	39	-nan
21	970884	40	-nan
21	970884	41	-nan
21	970884	42	-nan
21	970884	43	-nan
21	970884	44	-nan
21	970884	45	-nan
21	970884	46	-nan
21	970884	47	-nan
21	970884	48	-nan
21	970884	49	-nan
21	970884	50	-nan
21	970884	51	-nan
21	970884	52	-nan
21	970884	53	-nan
21	970884	54	-nan
21	970884	55	-nan
21	970884	56	-nan
21	970884	57	-nan
21	970884	58	-nan
21	970884	59	-nan
21	970884	60	-nan
21	970884	61	-nan
21	970884	62	-nan
21	970884	63	-nan
21	970884	64	-nan
21	970884	65	-nan
21	970884	66	-nan
21	970884	67	-nan
21	970884	68	-nan
21	970884	69	-nan
21	970884	70	-nan
21	970884	71	-nan
21	970884	72	-nan
21	970884	73	-nan
21	970884	74	-nan
21	970884	75	-nan
21	970884	76	-nan
vector 22  geant_network.client[11]  hdistance[11]  ETV
22	970884	1	0
22	970884	2	0
22	970884	3	0
22	970884	4	0
22	970884	5	0
22	970884	6	0
22	970884	7	0
22	970884	8	0
22	970884	9	0
22	970884	10	0
22	970884	11	0
22	970884	12	0
22	970884	13	0
22	970884	14	0
22	970884	15	0
22	970884	16	0
22	970884	17	0
22	970884	18	0
22	970884	19	0
22	970884	20	0
22	970884	21	2
22	970884	22	0
22	970884	23	0
22	970884	24	0
22	970884	25	0
22	970884	26	0
22	970884	27	0
22	970884	28	3.3333333333333
22	970884	29	4
22	970884	30	0
22	970884	31	0
22	970884	32	2
22	970884	33	1
22	970884	34	0
22	970884	35	1
22	970884	36	1.75
22	970884	37	1
22	970884	38	0
22	970884	39	4
22	970884	40	1.6
22	970884	41	0
22	970884	42	0
22	970884	43	0.8
22	970884	44	0
22	970884	45	1
22	970884	46	0.25
22	970884	47	2
22	970884	48	3.2
22	970884	49	0
22	970884	50	1
22	970884	51	1
22	970884	52	0
22	970884	53	4
22	970884	54	0.57142857142857
22	970884	55	3.6
22	970884	56	3.5
22	970884	57	0
22	970884	58	1.6666666666667
22	970884	59	3
22	970884	60	1
22	970884	61	4
22	970884	62	2
22	970884	63	4
22	970884	64	4
22	970884	65	2.5
22	970884	66	2
22	970884	67	4
22	970884	68	1
22	970884	69	3
22	970884	70	4
22	970884	71	2
22	970884	72	0
22	970884	73	3
22	970884	74	4
22	970884	75	0.8
22	970884	76	4
