version 2
run General-19-20150311-18:59:42-28974
attr D fix0.1
attr F spr
attr R lru
attr a 0.9
attr configname General
attr datetime 20150311-18:59:42
attr experiment General
attr inifile omnetpp.ini
attr iterationvars "$net=abilene, $rep=0, $a=0.9, $F=spr, $ttl=1000, $D=fix0.1, $R=lru"
attr iterationvars2 "$net=abilene, $rep=0, $a=0.9, $F=spr, $ttl=1000, $D=fix0.1, $R=lru, $repetition=0"
attr measurement "$net=abilene, $rep=0, $a=0.9, $F=spr, $ttl=1000, $D=fix0.1, $R=lru"
attr net abilene
attr network networks.${net=abilene}_network
attr processid 28974
attr rep 0
attr repetition 0
attr replication #0
attr resultdir results
attr runnumber 19
attr seedset 0
attr ttl 1000

vector 0  abilene_network.node[0].content_store  hit_node[0]  ETV
0	587377	1	1
0	587377	2	1
0	587377	3	1
0	587377	4	1
0	587377	5	0.86206896551724
0	587377	6	0.9047619047619
0	587377	7	1
0	587377	8	0.55555555555556
0	587377	9	1
0	587377	10	1
0	587377	11	0.6
0	587377	12	1
0	587377	13	0.33333333333333
0	587377	14	1
0	587377	15	1
0	587377	16	0
0	587377	17	0
0	587377	18	0
0	587377	19	0.41666666666667
0	587377	20	0.875
0	587377	21	0
0	587377	22	0.84615384615385
0	587377	23	1
0	587377	24	0
0	587377	25	0.4
0	587377	26	1
0	587377	27	0
0	587377	28	1
0	587377	29	0
0	587377	30	0
0	587377	31	0
0	587377	32	1
0	587377	33	0
0	587377	34	1
0	587377	35	0
0	587377	36	0
0	587377	37	0
0	587377	38	1
0	587377	39	0
0	587377	40	0.8
0	587377	41	0
0	587377	42	0
0	587377	43	0.71428571428571
0	587377	44	0
0	587377	45	0
0	587377	46	0
0	587377	47	0.5
0	587377	48	0
0	587377	49	0.33333333333333
0	587377	50	0.25
0	587377	51	0
0	587377	52	0
0	587377	53	0
0	587377	54	0
0	587377	55	0
0	587377	56	0.66666666666667
0	587377	57	0
0	587377	58	0
0	587377	59	0
0	587377	60	0
0	587377	61	0
0	587377	62	0
0	587377	63	0
0	587377	64	0
0	587377	65	0
0	587377	66	0
0	587377	67	0
0	587377	68	0
0	587377	69	0
0	587377	70	0
0	587377	71	0
0	587377	72	0
0	587377	73	0
0	587377	74	1
0	587377	75	0
0	587377	76	0
0	587377	77	0
0	587377	78	0
0	587377	79	-nan
0	587377	80	0
0	587377	81	0
0	587377	82	-nan
0	587377	83	-nan
0	587377	84	0
0	587377	85	0
0	587377	86	0
0	587377	87	0
0	587377	88	0
0	587377	89	0
0	587377	90	0
0	587377	91	0
0	587377	92	0
0	587377	93	0
0	587377	94	-nan
0	587377	95	0
0	587377	96	1
0	587377	97	0
0	587377	98	0
0	587377	99	0.66666666666667
0	587377	100	0
0	587377	101	0
0	587377	102	-nan
0	587377	103	0
0	587377	104	-nan
0	587377	105	0
0	587377	106	0
0	587377	107	0
0	587377	108	0
0	587377	109	0.83333333333333
0	587377	110	0
0	587377	111	0
0	587377	112	0
0	587377	113	0
0	587377	114	-nan
0	587377	115	0
0	587377	116	0
0	587377	117	0
0	587377	118	0
0	587377	119	0
0	587377	120	0
0	587377	121	-nan
0	587377	122	0
0	587377	123	0
0	587377	124	0
0	587377	125	0.5
0	587377	126	0
0	587377	127	0
0	587377	128	0
0	587377	129	-nan
0	587377	130	0
0	587377	131	0
0	587377	132	-nan
0	587377	133	0
0	587377	134	0
0	587377	135	0.33333333333333
0	587377	136	0
0	587377	137	-nan
0	587377	138	0
0	587377	139	0
0	587377	140	0
0	587377	141	0
0	587377	142	0
0	587377	143	1
0	587377	144	-nan
0	587377	145	0
0	587377	146	-nan
0	587377	147	-nan
0	587377	148	0
0	587377	149	0
0	587377	150	0
0	587377	151	0
0	587377	152	-nan
0	587377	153	-nan
0	587377	154	0
0	587377	155	0
0	587377	156	0
0	587377	157	0
0	587377	158	0
0	587377	159	-nan
0	587377	160	0.66666666666667
0	587377	161	0
0	587377	162	0
0	587377	163	0
0	587377	164	0
0	587377	165	0
0	587377	166	-nan
0	587377	167	0
0	587377	168	0
0	587377	169	0.5
0	587377	170	0
0	587377	171	0
0	587377	172	0
0	587377	173	-nan
0	587377	174	0
0	587377	175	0
0	587377	176	0
0	587377	177	0
0	587377	178	0
0	587377	179	-nan
0	587377	180	-nan
0	587377	181	0
0	587377	182	0
0	587377	183	0
0	587377	184	0
0	587377	185	0
0	587377	186	-nan
0	587377	187	0.6
0	587377	188	0
0	587377	189	-nan
0	587377	190	0
0	587377	191	-nan
0	587377	192	0
0	587377	193	0
0	587377	194	0
0	587377	195	0
0	587377	196	0
0	587377	197	0
0	587377	198	0
0	587377	199	-nan
0	587377	200	0
0	587377	201	0
0	587377	202	0
0	587377	203	0
0	587377	204	0
0	587377	205	0
0	587377	206	-nan
0	587377	207	0
0	587377	208	0
0	587377	209	0
0	587377	210	-nan
0	587377	211	0
0	587377	212	-nan
0	587377	213	0
0	587377	214	-nan
0	587377	215	-nan
0	587377	216	-nan
0	587377	217	-nan
0	587377	218	0
0	587377	219	0
0	587377	220	0
0	587377	221	0
0	587377	222	-nan
0	587377	223	0
0	587377	224	-nan
0	587377	225	0
0	587377	226	-nan
0	587377	227	-nan
0	587377	228	0
0	587377	229	0
0	587377	230	0
0	587377	231	-nan
0	587377	232	-nan
0	587377	233	-nan
0	587377	234	0.33333333333333
0	587377	235	0
0	587377	236	-nan
0	587377	237	-nan
0	587377	238	1
vector 1  abilene_network.node[1].content_store  hit_node[1]  ETV
1	587377	1	1
1	587377	2	1
1	587377	3	1
1	587377	4	1
1	587377	5	1
1	587377	6	1
1	587377	7	1
1	587377	8	1
1	587377	9	0.88
1	587377	10	0.63636363636364
1	587377	11	1
1	587377	12	0.3125
1	587377	13	0.35
1	587377	14	1
1	587377	15	0
1	587377	16	1
1	587377	17	0.33333333333333
1	587377	18	0.82352941176471
1	587377	19	0.75
1	587377	20	0.84210526315789
1	587377	21	0.52380952380952
1	587377	22	0.85714285714286
1	587377	23	0
1	587377	24	0.11764705882353
1	587377	25	0.6875
1	587377	26	0.5
1	587377	27	0.92307692307692
1	587377	28	0
1	587377	29	0.83333333333333
1	587377	30	0.38461538461538
1	587377	31	0.86666666666667
1	587377	32	0.33333333333333
1	587377	33	0.85714285714286
1	587377	34	0
1	587377	35	0.63636363636364
1	587377	36	0.78571428571429
1	587377	37	0
1	587377	38	0.57142857142857
1	587377	39	0
1	587377	40	0.76923076923077
1	587377	41	0
1	587377	42	0
1	587377	43	0.5
1	587377	44	0
1	587377	45	0
1	587377	46	0
1	587377	47	0.33333333333333
1	587377	48	0.66666666666667
1	587377	49	0
1	587377	50	0.22222222222222
1	587377	51	0
1	587377	52	0.66666666666667
1	587377	53	0
1	587377	54	0.2
1	587377	55	0.2
1	587377	56	0.75
1	587377	57	0.25
1	587377	58	0.36363636363636
1	587377	59	0
1	587377	60	0.42857142857143
1	587377	61	0.88888888888889
1	587377	62	0.66666666666667
1	587377	63	0.75
1	587377	64	0
1	587377	65	0.5
1	587377	66	0.625
1	587377	67	0
1	587377	68	0.36363636363636
1	587377	69	0
1	587377	70	0.36363636363636
1	587377	71	0.75
1	587377	72	0
1	587377	73	0.11111111111111
1	587377	74	0.5
1	587377	75	0.090909090909091
1	587377	76	0
1	587377	77	0.85714285714286
1	587377	78	0.375
1	587377	79	0
1	587377	80	0.33333333333333
1	587377	81	0.85714285714286
1	587377	82	0.33333333333333
1	587377	83	0
1	587377	84	0
1	587377	85	0
1	587377	86	0
1	587377	87	0
1	587377	88	0.625
1	587377	89	0.66666666666667
1	587377	90	0.16666666666667
1	587377	91	0
1	587377	92	0
1	587377	93	0.42857142857143
1	587377	94	0.33333333333333
1	587377	95	0.5
1	587377	96	0.22222222222222
1	587377	97	0.14285714285714
1	587377	98	0
1	587377	99	0.5
1	587377	100	0.16666666666667
1	587377	101	0
1	587377	102	0
1	587377	103	0
1	587377	104	0.33333333333333
1	587377	105	0
1	587377	106	0
1	587377	107	0
1	587377	108	0
1	587377	109	0
1	587377	110	0
1	587377	111	0
1	587377	112	0
1	587377	113	0
1	587377	114	0
1	587377	115	0
1	587377	116	0
1	587377	117	0
1	587377	118	0
1	587377	119	0
1	587377	120	0
1	587377	121	0
1	587377	122	0
1	587377	123	0
1	587377	124	0.5
1	587377	125	0.2
1	587377	126	0
1	587377	127	0.25
1	587377	128	0
1	587377	129	0
1	587377	130	0
1	587377	131	0
1	587377	132	0
1	587377	133	0
1	587377	134	0
1	587377	135	0.33333333333333
1	587377	136	0
1	587377	137	0.66666666666667
1	587377	138	0
1	587377	139	0
1	587377	140	0
1	587377	141	0
1	587377	142	0.5
1	587377	143	0
1	587377	144	0.5
1	587377	145	0
1	587377	146	0
1	587377	147	0
1	587377	148	0
1	587377	149	0
1	587377	150	0
1	587377	151	0.2
1	587377	152	0
1	587377	153	0
1	587377	154	0
1	587377	155	0.5
1	587377	156	0
1	587377	157	0
1	587377	158	0
1	587377	159	0
1	587377	160	0
1	587377	161	0
1	587377	162	0
1	587377	163	0
1	587377	164	0
1	587377	165	0
1	587377	166	0
1	587377	167	0
1	587377	168	0
1	587377	169	0.16666666666667
1	587377	170	0
1	587377	171	0
1	587377	172	0
1	587377	173	-nan
1	587377	174	0
1	587377	175	0
1	587377	176	0
1	587377	177	0
1	587377	178	0
1	587377	179	0.33333333333333
1	587377	180	0
1	587377	181	0
1	587377	182	0
1	587377	183	0
1	587377	184	0.5
1	587377	185	0
1	587377	186	0
1	587377	187	0
1	587377	188	0
1	587377	189	0
1	587377	190	0
1	587377	191	0
1	587377	192	0
1	587377	193	0
1	587377	194	0
1	587377	195	0
1	587377	196	0
1	587377	197	0
1	587377	198	0
1	587377	199	-nan
1	587377	200	0
1	587377	201	0.25
1	587377	202	0
1	587377	203	0
1	587377	204	0.25
1	587377	205	0.33333333333333
1	587377	206	0
1	587377	207	0
1	587377	208	0.25
1	587377	209	0
1	587377	210	-nan
1	587377	211	0
1	587377	212	0
1	587377	213	0
1	587377	214	-nan
1	587377	215	0
1	587377	216	0
1	587377	217	-nan
1	587377	218	0
1	587377	219	0
1	587377	220	0
1	587377	221	0.33333333333333
1	587377	222	0
1	587377	223	0.2
1	587377	224	0
1	587377	225	0
1	587377	226	0
1	587377	227	-nan
1	587377	228	0
1	587377	229	0
1	587377	230	0
1	587377	231	0
1	587377	232	0
1	587377	233	0
1	587377	234	0
1	587377	235	0
1	587377	236	0
1	587377	237	0
1	587377	238	0
vector 2  abilene_network.node[2].content_store  hit_node[2]  ETV
2	587377	1	1
2	587377	2	1
2	587377	3	1
2	587377	4	1
2	587377	5	0.68181818181818
2	587377	6	1
2	587377	7	1
2	587377	8	0.4
2	587377	9	0.58333333333333
2	587377	10	0.85
2	587377	11	0.30769230769231
2	587377	12	1
2	587377	13	0.375
2	587377	14	0.5
2	587377	15	0.16666666666667
2	587377	16	0.7
2	587377	17	0.14285714285714
2	587377	18	0
2	587377	19	0.61538461538462
2	587377	20	0.76923076923077
2	587377	21	0.77777777777778
2	587377	22	0
2	587377	23	0
2	587377	24	0.61111111111111
2	587377	25	0
2	587377	26	0.5
2	587377	27	0.5
2	587377	28	0.23076923076923
2	587377	29	0
2	587377	30	0.76923076923077
2	587377	31	0.16666666666667
2	587377	32	0
2	587377	33	0
2	587377	34	0.78571428571429
2	587377	35	0.22222222222222
2	587377	36	0.85714285714286
2	587377	37	0.7
2	587377	38	0.28571428571429
2	587377	39	0.27272727272727
2	587377	40	0.22222222222222
2	587377	41	0.18181818181818
2	587377	42	0.11764705882353
2	587377	43	0
2	587377	44	0.16666666666667
2	587377	45	0
2	587377	46	0.33333333333333
2	587377	47	0
2	587377	48	0.11111111111111
2	587377	49	0
2	587377	50	0.2
2	587377	51	0.58333333333333
2	587377	52	0.28571428571429
2	587377	53	0.090909090909091
2	587377	54	0
2	587377	55	0
2	587377	56	0
2	587377	57	0
2	587377	58	0.22222222222222
2	587377	59	0
2	587377	60	0
2	587377	61	0
2	587377	62	0
2	587377	63	0
2	587377	64	0
2	587377	65	0
2	587377	66	0
2	587377	67	0.25
2	587377	68	0.5
2	587377	69	0.28571428571429
2	587377	70	0.33333333333333
2	587377	71	0.28571428571429
2	587377	72	0
2	587377	73	0.23076923076923
2	587377	74	0
2	587377	75	0.25
2	587377	76	0.63636363636364
2	587377	77	0
2	587377	78	0.125
2	587377	79	0
2	587377	80	0
2	587377	81	0
2	587377	82	0.2
2	587377	83	0.6
2	587377	84	0
2	587377	85	0.81818181818182
2	587377	86	0.44444444444444
2	587377	87	0.28571428571429
2	587377	88	0
2	587377	89	0
2	587377	90	0
2	587377	91	0.16666666666667
2	587377	92	0
2	587377	93	0.57142857142857
2	587377	94	0
2	587377	95	0
2	587377	96	0
2	587377	97	0
2	587377	98	0
2	587377	99	0
2	587377	100	0.4
2	587377	101	0
2	587377	102	0
2	587377	103	0
2	587377	104	0
2	587377	105	0.5
2	587377	106	0
2	587377	107	0
2	587377	108	0.5
2	587377	109	0.375
2	587377	110	0
2	587377	111	0
2	587377	112	0.25
2	587377	113	0
2	587377	114	0.33333333333333
2	587377	115	0
2	587377	116	0.33333333333333
2	587377	117	0.6
2	587377	118	0
2	587377	119	0.16666666666667
2	587377	120	0
2	587377	121	0
2	587377	122	0
2	587377	123	0
2	587377	124	0.2
2	587377	125	0
2	587377	126	0
2	587377	127	0.4
2	587377	128	0
2	587377	129	0
2	587377	130	0
2	587377	131	0.625
2	587377	132	0
2	587377	133	0.33333333333333
2	587377	134	0.28571428571429
2	587377	135	0
2	587377	136	0
2	587377	137	0
2	587377	138	0
2	587377	139	0
2	587377	140	0
2	587377	141	0
2	587377	142	0
2	587377	143	0
2	587377	144	0.33333333333333
2	587377	145	0
2	587377	146	0
2	587377	147	0
2	587377	148	0
2	587377	149	0
2	587377	150	0.16666666666667
2	587377	151	0
2	587377	152	0
2	587377	153	0
2	587377	154	0
2	587377	155	0
2	587377	156	0
2	587377	157	0
2	587377	158	0
2	587377	159	0
2	587377	160	0.14285714285714
2	587377	161	0
2	587377	162	0
2	587377	163	0
2	587377	164	0
2	587377	165	0
2	587377	166	0.375
2	587377	167	0
2	587377	168	0
2	587377	169	0
2	587377	170	0
2	587377	171	0
2	587377	172	0
2	587377	173	-nan
2	587377	174	0
2	587377	175	0
2	587377	176	0
2	587377	177	0.16666666666667
2	587377	178	0
2	587377	179	0
2	587377	180	0
2	587377	181	0
2	587377	182	0
2	587377	183	0
2	587377	184	0
2	587377	185	0
2	587377	186	0
2	587377	187	0
2	587377	188	0
2	587377	189	0
2	587377	190	0
2	587377	191	0
2	587377	192	0
2	587377	193	0
2	587377	194	0.25
2	587377	195	0
2	587377	196	0
2	587377	197	0
2	587377	198	0.66666666666667
2	587377	199	0
2	587377	200	0
2	587377	201	0
2	587377	202	0
2	587377	203	0.33333333333333
2	587377	204	0
2	587377	205	0
2	587377	206	0
2	587377	207	0
2	587377	208	0
2	587377	209	0
2	587377	210	0
2	587377	211	0
2	587377	212	0.25
2	587377	213	0.5
2	587377	214	0
2	587377	215	0
2	587377	216	0
2	587377	217	0
2	587377	218	0
2	587377	219	0
2	587377	220	0
2	587377	221	0
2	587377	222	0
2	587377	223	0.2
2	587377	224	0
2	587377	225	0
2	587377	226	0
2	587377	227	0
2	587377	228	0.42857142857143
2	587377	229	0.57142857142857
2	587377	230	0
2	587377	231	0
2	587377	232	0
2	587377	233	0
2	587377	234	0
2	587377	235	0
2	587377	236	0
2	587377	237	0
2	587377	238	0
vector 3  abilene_network.node[3].content_store  hit_node[3]  ETV
3	587377	1	1
3	587377	2	1
3	587377	3	1
3	587377	4	1
3	587377	5	0.68965517241379
3	587377	6	0.21428571428571
3	587377	7	0.4375
3	587377	8	0.73076923076923
3	587377	9	0.82608695652174
3	587377	10	0.2
3	587377	11	0.72222222222222
3	587377	12	0.78947368421053
3	587377	13	0.875
3	587377	14	0.73684210526316
3	587377	15	0.28571428571429
3	587377	16	0.5
3	587377	17	0.94736842105263
3	587377	18	0.5
3	587377	19	0.66666666666667
3	587377	20	0
3	587377	21	0.375
3	587377	22	0.1
3	587377	23	0.88461538461538
3	587377	24	0
3	587377	25	0
3	587377	26	0
3	587377	27	0.4
3	587377	28	0.76923076923077
3	587377	29	0
3	587377	30	0
3	587377	31	0
3	587377	32	0.21428571428571
3	587377	33	0.625
3	587377	34	0.7
3	587377	35	0.54545454545455
3	587377	36	0
3	587377	37	0.33333333333333
3	587377	38	0
3	587377	39	0
3	587377	40	0.33333333333333
3	587377	41	0.46153846153846
3	587377	42	0.26315789473684
3	587377	43	0.66666666666667
3	587377	44	0
3	587377	45	0.21428571428571
3	587377	46	0
3	587377	47	0
3	587377	48	0.25
3	587377	49	0
3	587377	50	0
3	587377	51	0
3	587377	52	0
3	587377	53	0.076923076923077
3	587377	54	0.625
3	587377	55	0.4
3	587377	56	0.11111111111111
3	587377	57	0.84615384615385
3	587377	58	0
3	587377	59	0.5
3	587377	60	0
3	587377	61	0.33333333333333
3	587377	62	0
3	587377	63	0
3	587377	64	0.63636363636364
3	587377	65	0
3	587377	66	0
3	587377	67	0.71428571428571
3	587377	68	0.25
3	587377	69	0
3	587377	70	0
3	587377	71	0.5
3	587377	72	0
3	587377	73	0.090909090909091
3	587377	74	0
3	587377	75	0
3	587377	76	0
3	587377	77	0
3	587377	78	0
3	587377	79	0
3	587377	80	0
3	587377	81	0
3	587377	82	0.2
3	587377	83	0
3	587377	84	0.28571428571429
3	587377	85	0.33333333333333
3	587377	86	0
3	587377	87	0
3	587377	88	0.2
3	587377	89	0
3	587377	90	0
3	587377	91	0
3	587377	92	0
3	587377	93	0
3	587377	94	0
3	587377	95	0
3	587377	96	0.14285714285714
3	587377	97	0.375
3	587377	98	0
3	587377	99	0
3	587377	100	0.090909090909091
3	587377	101	0
3	587377	102	0
3	587377	103	0.083333333333333
3	587377	104	0
3	587377	105	0
3	587377	106	0
3	587377	107	0
3	587377	108	0.4
3	587377	109	0.28571428571429
3	587377	110	0
3	587377	111	0
3	587377	112	0
3	587377	113	0.125
3	587377	114	0
3	587377	115	0
3	587377	116	0
3	587377	117	0.5
3	587377	118	0
3	587377	119	0
3	587377	120	0
3	587377	121	0
3	587377	122	0.5
3	587377	123	0
3	587377	124	0
3	587377	125	0.5
3	587377	126	0
3	587377	127	0
3	587377	128	0.2
3	587377	129	0
3	587377	130	0
3	587377	131	0
3	587377	132	0.16666666666667
3	587377	133	0
3	587377	134	0.11111111111111
3	587377	135	0.2
3	587377	136	0
3	587377	137	0
3	587377	138	0.16666666666667
3	587377	139	0
3	587377	140	0
3	587377	141	0.42857142857143
3	587377	142	0
3	587377	143	0
3	587377	144	0
3	587377	145	0
3	587377	146	0
3	587377	147	0
3	587377	148	0
3	587377	149	0.42857142857143
3	587377	150	0
3	587377	151	0
3	587377	152	0
3	587377	153	0
3	587377	154	0.16666666666667
3	587377	155	0
3	587377	156	0
3	587377	157	0.33333333333333
3	587377	158	0.16666666666667
3	587377	159	0
3	587377	160	0
3	587377	161	0
3	587377	162	0.33333333333333
3	587377	163	0
3	587377	164	0
3	587377	165	0.33333333333333
3	587377	166	0
3	587377	167	0
3	587377	168	0.16666666666667
3	587377	169	0
3	587377	170	0
3	587377	171	0
3	587377	172	0
3	587377	173	0
3	587377	174	0
3	587377	175	0.2
3	587377	176	0.2
3	587377	177	0
3	587377	178	0
3	587377	179	0
3	587377	180	0
3	587377	181	0
3	587377	182	0.75
3	587377	183	0
3	587377	184	0
3	587377	185	0
3	587377	186	0
3	587377	187	0.25
3	587377	188	0
3	587377	189	0
3	587377	190	0
3	587377	191	0
3	587377	192	0.4
3	587377	193	0.6
3	587377	194	0
3	587377	195	0
3	587377	196	0
3	587377	197	0.2
3	587377	198	0
3	587377	199	0
3	587377	200	0
3	587377	201	0
3	587377	202	0
3	587377	203	0
3	587377	204	0.2
3	587377	205	0
3	587377	206	0
3	587377	207	0
3	587377	208	0.4
3	587377	209	0
3	587377	210	0
3	587377	211	0
3	587377	212	0
3	587377	213	0
3	587377	214	0
3	587377	215	0
3	587377	216	0
3	587377	217	0
3	587377	218	0
3	587377	219	0
3	587377	220	0
3	587377	221	0
3	587377	222	0
3	587377	223	0
3	587377	224	0
3	587377	225	0
3	587377	226	0
3	587377	227	0
3	587377	228	0
3	587377	229	0
3	587377	230	0
3	587377	231	0.16666666666667
3	587377	232	0
3	587377	233	0
3	587377	234	0
3	587377	235	0
3	587377	236	0
3	587377	237	0.16666666666667
3	587377	238	0
vector 4  abilene_network.node[4].content_store  hit_node[4]  ETV
4	587377	1	1
4	587377	2	0.9811320754717
4	587377	3	0.95555555555556
4	587377	4	0.90625
4	587377	5	0.78125
4	587377	6	1
4	587377	7	0.89655172413793
4	587377	8	0.55555555555556
4	587377	9	0.27272727272727
4	587377	10	0.32258064516129
4	587377	11	0
4	587377	12	0
4	587377	13	0.57894736842105
4	587377	14	0.13333333333333
4	587377	15	0.73913043478261
4	587377	16	0.36842105263158
4	587377	17	0
4	587377	18	0.41176470588235
4	587377	19	0.44444444444444
4	587377	20	0
4	587377	21	0.15789473684211
4	587377	22	0
4	587377	23	0.42857142857143
4	587377	24	0.76190476190476
4	587377	25	0.55555555555556
4	587377	26	0.33333333333333
4	587377	27	0
4	587377	28	0.45454545454545
4	587377	29	0.23529411764706
4	587377	30	0.21428571428571
4	587377	31	0.25
4	587377	32	0.29411764705882
4	587377	33	0.125
4	587377	34	0.1
4	587377	35	0
4	587377	36	0.14285714285714
4	587377	37	0.1
4	587377	38	0.1
4	587377	39	0.66666666666667
4	587377	40	0.25
4	587377	41	0.18181818181818
4	587377	42	0.88235294117647
4	587377	43	0.090909090909091
4	587377	44	0.52941176470588
4	587377	45	0.6
4	587377	46	0.33333333333333
4	587377	47	0.70588235294118
4	587377	48	0.4
4	587377	49	0
4	587377	50	0.29411764705882
4	587377	51	0.27272727272727
4	587377	52	0.33333333333333
4	587377	53	0.066666666666667
4	587377	54	0
4	587377	55	0.3
4	587377	56	0.5
4	587377	57	0.33333333333333
4	587377	58	0.25
4	587377	59	0.11111111111111
4	587377	60	0.26666666666667
4	587377	61	0.11111111111111
4	587377	62	0
4	587377	63	0
4	587377	64	0
4	587377	65	0.5
4	587377	66	0
4	587377	67	0
4	587377	68	0.18181818181818
4	587377	69	0.42857142857143
4	587377	70	0.3
4	587377	71	0
4	587377	72	0
4	587377	73	0
4	587377	74	0
4	587377	75	0
4	587377	76	0
4	587377	77	0.125
4	587377	78	0
4	587377	79	0
4	587377	80	0.41666666666667
4	587377	81	0.375
4	587377	82	0
4	587377	83	0
4	587377	84	0
4	587377	85	0
4	587377	86	0.6
4	587377	87	0.22222222222222
4	587377	88	0
4	587377	89	0.14285714285714
4	587377	90	0
4	587377	91	0.44444444444444
4	587377	92	0.5
4	587377	93	0
4	587377	94	0.090909090909091
4	587377	95	0
4	587377	96	0
4	587377	97	0
4	587377	98	0
4	587377	99	0
4	587377	100	0.2
4	587377	101	0
4	587377	102	0.125
4	587377	103	0
4	587377	104	0
4	587377	105	0
4	587377	106	0
4	587377	107	0
4	587377	108	0
4	587377	109	0
4	587377	110	0
4	587377	111	0.2
4	587377	112	0
4	587377	113	0.1
4	587377	114	0
4	587377	115	0.083333333333333
4	587377	116	0
4	587377	117	0
4	587377	118	0
4	587377	119	0.25
4	587377	120	0.18181818181818
4	587377	121	0
4	587377	122	0
4	587377	123	0
4	587377	124	0
4	587377	125	0
4	587377	126	0.5
4	587377	127	0
4	587377	128	0.18181818181818
4	587377	129	0
4	587377	130	0
4	587377	131	0
4	587377	132	0
4	587377	133	0
4	587377	134	0.25
4	587377	135	0
4	587377	136	0.1
4	587377	137	0
4	587377	138	0
4	587377	139	0.33333333333333
4	587377	140	0
4	587377	141	0
4	587377	142	0
4	587377	143	0
4	587377	144	0.11111111111111
4	587377	145	0
4	587377	146	0
4	587377	147	0
4	587377	148	0
4	587377	149	0
4	587377	150	0
4	587377	151	0.25
4	587377	152	0
4	587377	153	0.5
4	587377	154	0
4	587377	155	0
4	587377	156	0
4	587377	157	0
4	587377	158	0.42857142857143
4	587377	159	0
4	587377	160	0
4	587377	161	0
4	587377	162	0
4	587377	163	0.5
4	587377	164	0.2
4	587377	165	0.2
4	587377	166	0.16666666666667
4	587377	167	0.57142857142857
4	587377	168	0
4	587377	169	0.11111111111111
4	587377	170	0
4	587377	171	0.57142857142857
4	587377	172	0
4	587377	173	0
4	587377	174	0
4	587377	175	0
4	587377	176	0
4	587377	177	0
4	587377	178	0
4	587377	179	0
4	587377	180	0
4	587377	181	0.375
4	587377	182	0
4	587377	183	0.22222222222222
4	587377	184	0
4	587377	185	0
4	587377	186	0
4	587377	187	0
4	587377	188	0.28571428571429
4	587377	189	0
4	587377	190	0.42857142857143
4	587377	191	0
4	587377	192	0
4	587377	193	0
4	587377	194	0
4	587377	195	0
4	587377	196	0.14285714285714
4	587377	197	0.25
4	587377	198	0
4	587377	199	0
4	587377	200	0
4	587377	201	0.25
4	587377	202	0
4	587377	203	0
4	587377	204	0
4	587377	205	0
4	587377	206	0
4	587377	207	0
4	587377	208	0
4	587377	209	0
4	587377	210	0
4	587377	211	0
4	587377	212	0
4	587377	213	0
4	587377	214	0
4	587377	215	0.16666666666667
4	587377	216	0.16666666666667
4	587377	217	0
4	587377	218	0
4	587377	219	0.4
4	587377	220	0
4	587377	221	0.33333333333333
4	587377	222	0
4	587377	223	0
4	587377	224	0
4	587377	225	0
4	587377	226	0
4	587377	227	0
4	587377	228	0
4	587377	229	0
4	587377	230	0
4	587377	231	0
4	587377	232	0
4	587377	233	0.33333333333333
4	587377	234	0
4	587377	235	0.5
4	587377	236	0.16666666666667
4	587377	237	0
4	587377	238	0
vector 5  abilene_network.node[5].content_store  hit_node[5]  ETV
5	587377	1	1
5	587377	2	0.96666666666667
5	587377	3	0.38
5	587377	4	0.7
5	587377	5	0.81081081081081
5	587377	6	0.037037037037037
5	587377	7	0.60606060606061
5	587377	8	0.3448275862069
5	587377	9	0.275
5	587377	10	0.94642857142857
5	587377	11	0.72222222222222
5	587377	12	0.51851851851852
5	587377	13	0.32258064516129
5	587377	14	0.65
5	587377	15	0.29166666666667
5	587377	16	0.56666666666667
5	587377	17	0.34615384615385
5	587377	18	0.26923076923077
5	587377	19	0.090909090909091
5	587377	20	0.73333333333333
5	587377	21	0.5
5	587377	22	0.53571428571429
5	587377	23	0.14285714285714
5	587377	24	0.1304347826087
5	587377	25	0.19047619047619
5	587377	26	0.62068965517241
5	587377	27	0.47619047619048
5	587377	28	0
5	587377	29	0.071428571428571
5	587377	30	0.24
5	587377	31	0
5	587377	32	0.41935483870968
5	587377	33	0.55
5	587377	34	0.26086956521739
5	587377	35	0
5	587377	36	0.05
5	587377	37	0
5	587377	38	0.23529411764706
5	587377	39	0.076923076923077
5	587377	40	0
5	587377	41	0.27272727272727
5	587377	42	0
5	587377	43	0.4375
5	587377	44	0.13333333333333
5	587377	45	0.11111111111111
5	587377	46	0.043478260869565
5	587377	47	0.28571428571429
5	587377	48	0
5	587377	49	0.27272727272727
5	587377	50	0.14814814814815
5	587377	51	0
5	587377	52	0.14285714285714
5	587377	53	0
5	587377	54	0.1
5	587377	55	0.11111111111111
5	587377	56	0
5	587377	57	0
5	587377	58	0.05
5	587377	59	0
5	587377	60	0.23529411764706
5	587377	61	0.11111111111111
5	587377	62	0.04
5	587377	63	0.1
5	587377	64	0.2
5	587377	65	0.375
5	587377	66	0.69230769230769
5	587377	67	0.38095238095238
5	587377	68	0.15789473684211
5	587377	69	0.2
5	587377	70	0.45454545454545
5	587377	71	0.25
5	587377	72	0.11111111111111
5	587377	73	0
5	587377	74	0.0625
5	587377	75	0.47368421052632
5	587377	76	0
5	587377	77	0
5	587377	78	0.21428571428571
5	587377	79	0.076923076923077
5	587377	80	0
5	587377	81	0.076923076923077
5	587377	82	0.076923076923077
5	587377	83	0
5	587377	84	0
5	587377	85	0.16666666666667
5	587377	86	0
5	587377	87	0.058823529411765
5	587377	88	0.18181818181818
5	587377	89	0
5	587377	90	0.2
5	587377	91	0.15384615384615
5	587377	92	0.058823529411765
5	587377	93	0
5	587377	94	0
5	587377	95	0
5	587377	96	0.1875
5	587377	97	0.14285714285714
5	587377	98	0.08695652173913
5	587377	99	0.083333333333333
5	587377	100	0.066666666666667
5	587377	101	0
5	587377	102	0
5	587377	103	0.47619047619048
5	587377	104	0
5	587377	105	0
5	587377	106	0
5	587377	107	0
5	587377	108	0
5	587377	109	0
5	587377	110	0.066666666666667
5	587377	111	0.16666666666667
5	587377	112	0
5	587377	113	0.27272727272727
5	587377	114	0
5	587377	115	0.2
5	587377	116	0.066666666666667
5	587377	117	0
5	587377	118	0.21428571428571
5	587377	119	0.23529411764706
5	587377	120	0.071428571428571
5	587377	121	0.4
5	587377	122	0
5	587377	123	0.28571428571429
5	587377	124	0.26666666666667
5	587377	125	0.47619047619048
5	587377	126	0
5	587377	127	0
5	587377	128	0
5	587377	129	0
5	587377	130	0
5	587377	131	0
5	587377	132	0.13333333333333
5	587377	133	0
5	587377	134	0.54545454545455
5	587377	135	0
5	587377	136	0.47619047619048
5	587377	137	0
5	587377	138	0
5	587377	139	0.53846153846154
5	587377	140	0
5	587377	141	0.54545454545455
5	587377	142	0
5	587377	143	0
5	587377	144	0.1875
5	587377	145	0
5	587377	146	0.38461538461538
5	587377	147	0
5	587377	148	0
5	587377	149	0
5	587377	150	0.1
5	587377	151	0
5	587377	152	0
5	587377	153	0
5	587377	154	0
5	587377	155	0
5	587377	156	0
5	587377	157	0
5	587377	158	0
5	587377	159	0
5	587377	160	0
5	587377	161	0
5	587377	162	0.125
5	587377	163	0
5	587377	164	0.21428571428571
5	587377	165	0
5	587377	166	0
5	587377	167	0
5	587377	168	0
5	587377	169	0.36363636363636
5	587377	170	0
5	587377	171	0
5	587377	172	0.27272727272727
5	587377	173	0
5	587377	174	0.1
5	587377	175	0.11111111111111
5	587377	176	0.44444444444444
5	587377	177	0.63636363636364
5	587377	178	0
5	587377	179	0
5	587377	180	0
5	587377	181	0
5	587377	182	0
5	587377	183	0.13333333333333
5	587377	184	0
5	587377	185	0
5	587377	186	0.33333333333333
5	587377	187	0.26666666666667
5	587377	188	0.14285714285714
5	587377	189	0
5	587377	190	0.14285714285714
5	587377	191	0
5	587377	192	0.125
5	587377	193	0
5	587377	194	0.1
5	587377	195	0
5	587377	196	0.083333333333333
5	587377	197	0
5	587377	198	0
5	587377	199	0
5	587377	200	0
5	587377	201	0.16666666666667
5	587377	202	0.14285714285714
5	587377	203	0.15384615384615
5	587377	204	0.36363636363636
5	587377	205	0
5	587377	206	0
5	587377	207	0
5	587377	208	0
5	587377	209	0
5	587377	210	0
5	587377	211	0
5	587377	212	0.46153846153846
5	587377	213	0.090909090909091
5	587377	214	0
5	587377	215	0
5	587377	216	0
5	587377	217	0
5	587377	218	0
5	587377	219	0
5	587377	220	0
5	587377	221	0.16666666666667
5	587377	222	0
5	587377	223	0
5	587377	224	0.090909090909091
5	587377	225	0
5	587377	226	0
5	587377	227	0
5	587377	228	0
5	587377	229	0.076923076923077
5	587377	230	0
5	587377	231	0.11111111111111
5	587377	232	0
5	587377	233	0.22222222222222
5	587377	234	0.36363636363636
5	587377	235	0
5	587377	236	0
5	587377	237	0
5	587377	238	0
vector 6  abilene_network.node[6].content_store  hit_node[6]  ETV
6	587377	1	1
6	587377	2	1
6	587377	3	0.725
6	587377	4	1
6	587377	5	1
6	587377	6	1
6	587377	7	0.56521739130435
6	587377	8	1
6	587377	9	0
6	587377	10	0.20689655172414
6	587377	11	0.5
6	587377	12	0.84210526315789
6	587377	13	0.75
6	587377	14	0
6	587377	15	0.090909090909091
6	587377	16	0.16666666666667
6	587377	17	0.16666666666667
6	587377	18	0.4375
6	587377	19	0.5
6	587377	20	0.75
6	587377	21	0
6	587377	22	0
6	587377	23	0.8
6	587377	24	0
6	587377	25	0
6	587377	26	0.36842105263158
6	587377	27	0
6	587377	28	0.73333333333333
6	587377	29	0
6	587377	30	0.33333333333333
6	587377	31	0.3125
6	587377	32	0
6	587377	33	0.1
6	587377	34	0
6	587377	35	0
6	587377	36	0.1
6	587377	37	0
6	587377	38	0.6
6	587377	39	0.16666666666667
6	587377	40	0
6	587377	41	0.25
6	587377	42	0.375
6	587377	43	0
6	587377	44	0.25
6	587377	45	0
6	587377	46	0
6	587377	47	0
6	587377	48	0.66666666666667
6	587377	49	0
6	587377	50	0
6	587377	51	0.42857142857143
6	587377	52	0.14285714285714
6	587377	53	0
6	587377	54	0
6	587377	55	0
6	587377	56	0
6	587377	57	0.28571428571429
6	587377	58	0.30769230769231
6	587377	59	0
6	587377	60	0.28571428571429
6	587377	61	0
6	587377	62	0
6	587377	63	0
6	587377	64	0.16666666666667
6	587377	65	0
6	587377	66	0
6	587377	67	0.22222222222222
6	587377	68	0
6	587377	69	0
6	587377	70	0.55555555555556
6	587377	71	0.71428571428571
6	587377	72	0.16666666666667
6	587377	73	0.25
6	587377	74	0.28571428571429
6	587377	75	0.44444444444444
6	587377	76	0.625
6	587377	77	0
6	587377	78	0
6	587377	79	0
6	587377	80	0.2
6	587377	81	0
6	587377	82	0.25
6	587377	83	0
6	587377	84	0
6	587377	85	0
6	587377	86	0
6	587377	87	0
6	587377	88	0
6	587377	89	0.66666666666667
6	587377	90	0
6	587377	91	0.33333333333333
6	587377	92	0
6	587377	93	0
6	587377	94	0
6	587377	95	0
6	587377	96	0.16666666666667
6	587377	97	0
6	587377	98	0
6	587377	99	0
6	587377	100	0
6	587377	101	0
6	587377	102	0
6	587377	103	0.55555555555556
6	587377	104	0.33333333333333
6	587377	105	0
6	587377	106	0
6	587377	107	0.77777777777778
6	587377	108	0
6	587377	109	0.2
6	587377	110	0
6	587377	111	0.33333333333333
6	587377	112	0
6	587377	113	0
6	587377	114	0.78571428571429
6	587377	115	0
6	587377	116	0
6	587377	117	0.57142857142857
6	587377	118	0
6	587377	119	0
6	587377	120	0
6	587377	121	0.125
6	587377	122	0.25
6	587377	123	0
6	587377	124	0
6	587377	125	0
6	587377	126	0
6	587377	127	0.33333333333333
6	587377	128	0
6	587377	129	0
6	587377	130	0
6	587377	131	0
6	587377	132	0
6	587377	133	0
6	587377	134	0
6	587377	135	0
6	587377	136	0.27272727272727
6	587377	137	0
6	587377	138	0
6	587377	139	0
6	587377	140	0
6	587377	141	0
6	587377	142	0
6	587377	143	0
6	587377	144	0
6	587377	145	0
6	587377	146	0
6	587377	147	0
6	587377	148	0.83333333333333
6	587377	149	0
6	587377	150	0
6	587377	151	0
6	587377	152	0
6	587377	153	0
6	587377	154	0
6	587377	155	0
6	587377	156	0
6	587377	157	0
6	587377	158	0
6	587377	159	0
6	587377	160	0
6	587377	161	0
6	587377	162	0
6	587377	163	0.2
6	587377	164	0.16666666666667
6	587377	165	0
6	587377	166	0
6	587377	167	0
6	587377	168	0.2
6	587377	169	0
6	587377	170	0
6	587377	171	0
6	587377	172	0
6	587377	173	0
6	587377	174	0
6	587377	175	0
6	587377	176	0
6	587377	177	0.6
6	587377	178	0
6	587377	179	0
6	587377	180	0
6	587377	181	0
6	587377	182	0
6	587377	183	0
6	587377	184	0.33333333333333
6	587377	185	0
6	587377	186	0
6	587377	187	0.2
6	587377	188	0
6	587377	189	0.4
6	587377	190	0.33333333333333
6	587377	191	0
6	587377	192	0.42857142857143
6	587377	193	0
6	587377	194	0
6	587377	195	0
6	587377	196	0
6	587377	197	0.33333333333333
6	587377	198	0
6	587377	199	0
6	587377	200	0
6	587377	201	0
6	587377	202	0.25
6	587377	203	0
6	587377	204	0.16666666666667
6	587377	205	0
6	587377	206	0.16666666666667
6	587377	207	0
6	587377	208	0
6	587377	209	0.25
6	587377	210	0
6	587377	211	0
6	587377	212	0
6	587377	213	0
6	587377	214	0
6	587377	215	0
6	587377	216	0
6	587377	217	0
6	587377	218	0
6	587377	219	0.33333333333333
6	587377	220	0
6	587377	221	0.2
6	587377	222	0
6	587377	223	0.8
6	587377	224	0
6	587377	225	0
6	587377	226	0
6	587377	227	0.4
6	587377	228	0
6	587377	229	0.16666666666667
6	587377	230	0
6	587377	231	0
6	587377	232	0
6	587377	233	0
6	587377	234	0
6	587377	235	0
6	587377	236	0
6	587377	237	0
6	587377	238	-nan
vector 7  abilene_network.node[7].content_store  hit_node[7]  ETV
7	587377	1	1
7	587377	2	1
7	587377	3	1
7	587377	4	1
7	587377	5	1
7	587377	6	1
7	587377	7	1
7	587377	8	0.42857142857143
7	587377	9	1
7	587377	10	0.14285714285714
7	587377	11	1
7	587377	12	0.5
7	587377	13	0.57142857142857
7	587377	14	0
7	587377	15	0.88888888888889
7	587377	16	1
7	587377	17	0
7	587377	18	0
7	587377	19	0.44444444444444
7	587377	20	0.4375
7	587377	21	0
7	587377	22	0.75
7	587377	23	0.75862068965517
7	587377	24	0
7	587377	25	0.66666666666667
7	587377	26	0.15384615384615
7	587377	27	0.78571428571429
7	587377	28	0.63636363636364
7	587377	29	0.36363636363636
7	587377	30	0.61538461538462
7	587377	31	0.44444444444444
7	587377	32	0
7	587377	33	0
7	587377	34	1
7	587377	35	0.375
7	587377	36	0.46153846153846
7	587377	37	0.23076923076923
7	587377	38	0.2
7	587377	39	0.75
7	587377	40	0
7	587377	41	0
7	587377	42	0.16666666666667
7	587377	43	1
7	587377	44	0
7	587377	45	0
7	587377	46	0.33333333333333
7	587377	47	0
7	587377	48	0.2
7	587377	49	0.16666666666667
7	587377	50	0.53846153846154
7	587377	51	0
7	587377	52	0
7	587377	53	0
7	587377	54	0
7	587377	55	0.25
7	587377	56	0
7	587377	57	0
7	587377	58	0
7	587377	59	0.53333333333333
7	587377	60	0
7	587377	61	0.5
7	587377	62	0
7	587377	63	0
7	587377	64	0.85714285714286
7	587377	65	0
7	587377	66	0
7	587377	67	0
7	587377	68	0
7	587377	69	0.16666666666667
7	587377	70	0
7	587377	71	0
7	587377	72	0
7	587377	73	0
7	587377	74	0.2
7	587377	75	0
7	587377	76	0
7	587377	77	0
7	587377	78	0.7
7	587377	79	0
7	587377	80	0.2
7	587377	81	0
7	587377	82	0
7	587377	83	0.4
7	587377	84	0
7	587377	85	0
7	587377	86	0
7	587377	87	0
7	587377	88	0.5
7	587377	89	0.28571428571429
7	587377	90	0
7	587377	91	0
7	587377	92	0
7	587377	93	0
7	587377	94	0
7	587377	95	0
7	587377	96	0
7	587377	97	0
7	587377	98	0
7	587377	99	0.6
7	587377	100	0
7	587377	101	0
7	587377	102	0
7	587377	103	0
7	587377	104	0
7	587377	105	0
7	587377	106	0
7	587377	107	0.4
7	587377	108	0
7	587377	109	0
7	587377	110	0
7	587377	111	0
7	587377	112	0
7	587377	113	0
7	587377	114	0
7	587377	115	0.4
7	587377	116	0.5
7	587377	117	0
7	587377	118	0
7	587377	119	0.11111111111111
7	587377	120	0.5
7	587377	121	0.6
7	587377	122	0
7	587377	123	0
7	587377	124	0.2
7	587377	125	0
7	587377	126	0
7	587377	127	0.66666666666667
7	587377	128	0
7	587377	129	0
7	587377	130	0
7	587377	131	0
7	587377	132	0
7	587377	133	0
7	587377	134	0.33333333333333
7	587377	135	0
7	587377	136	0
7	587377	137	0
7	587377	138	0
7	587377	139	0
7	587377	140	0
7	587377	141	0.625
7	587377	142	0
7	587377	143	0
7	587377	144	0
7	587377	145	0
7	587377	146	0
7	587377	147	0
7	587377	148	0
7	587377	149	0
7	587377	150	0
7	587377	151	0
7	587377	152	0.5
7	587377	153	0
7	587377	154	0
7	587377	155	0
7	587377	156	0.33333333333333
7	587377	157	0
7	587377	158	0
7	587377	159	0
7	587377	160	0.5
7	587377	161	0
7	587377	162	0
7	587377	163	0
7	587377	164	0
7	587377	165	0
7	587377	166	0
7	587377	167	0
7	587377	168	0
7	587377	169	0
7	587377	170	0
7	587377	171	0
7	587377	172	0
7	587377	173	0
7	587377	174	0
7	587377	175	0
7	587377	176	-nan
7	587377	177	0.16666666666667
7	587377	178	0
7	587377	179	0
7	587377	180	0
7	587377	181	0
7	587377	182	0.25
7	587377	183	0
7	587377	184	0
7	587377	185	0
7	587377	186	0
7	587377	187	0
7	587377	188	0
7	587377	189	0
7	587377	190	0.25
7	587377	191	0.8
7	587377	192	0
7	587377	193	0.33333333333333
7	587377	194	0
7	587377	195	0
7	587377	196	0
7	587377	197	0
7	587377	198	0.5
7	587377	199	0
7	587377	200	0.5
7	587377	201	0
7	587377	202	0
7	587377	203	0
7	587377	204	0
7	587377	205	0
7	587377	206	0
7	587377	207	0
7	587377	208	0
7	587377	209	0
7	587377	210	0
7	587377	211	-nan
7	587377	212	0
7	587377	213	0
7	587377	214	0
7	587377	215	0.2
7	587377	216	0
7	587377	217	0
7	587377	218	0
7	587377	219	0
7	587377	220	0
7	587377	221	0
7	587377	222	0
7	587377	223	0
7	587377	224	0
7	587377	225	0
7	587377	226	0
7	587377	227	0
7	587377	228	0.33333333333333
7	587377	229	0.33333333333333
7	587377	230	0
7	587377	231	0
7	587377	232	0
7	587377	233	0
7	587377	234	0
7	587377	235	0
7	587377	236	0
7	587377	237	0
7	587377	238	-nan
vector 8  abilene_network.node[8].content_store  hit_node[8]  ETV
8	587377	1	1
8	587377	2	1
8	587377	3	0.97435897435897
8	587377	4	1
8	587377	5	1
8	587377	6	1
8	587377	7	0.93333333333333
8	587377	8	1
8	587377	9	0.9375
8	587377	10	1
8	587377	11	0
8	587377	12	0.90909090909091
8	587377	13	0.5
8	587377	14	1
8	587377	15	0.5
8	587377	16	0
8	587377	17	1
8	587377	18	1
8	587377	19	1
8	587377	20	0
8	587377	21	1
8	587377	22	0
8	587377	23	0.31578947368421
8	587377	24	1
8	587377	25	0.75
8	587377	26	0.71428571428571
8	587377	27	0.61111111111111
8	587377	28	0
8	587377	29	0
8	587377	30	0.4375
8	587377	31	0
8	587377	32	0.55555555555556
8	587377	33	0.5
8	587377	34	0
8	587377	35	0.6
8	587377	36	0.125
8	587377	37	0.16666666666667
8	587377	38	0.9
8	587377	39	0
8	587377	40	0.75
8	587377	41	0
8	587377	42	0.2
8	587377	43	0.72727272727273
8	587377	44	1
8	587377	45	0.5
8	587377	46	0.16666666666667
8	587377	47	0
8	587377	48	0
8	587377	49	0.77777777777778
8	587377	50	0
8	587377	51	0
8	587377	52	0
8	587377	53	0.16666666666667
8	587377	54	0
8	587377	55	0
8	587377	56	0
8	587377	57	0
8	587377	58	0.25
8	587377	59	0
8	587377	60	0
8	587377	61	0
8	587377	62	0
8	587377	63	0.6
8	587377	64	0
8	587377	65	0.5
8	587377	66	0
8	587377	67	0.66666666666667
8	587377	68	-nan
8	587377	69	0.25
8	587377	70	0.57142857142857
8	587377	71	0
8	587377	72	0
8	587377	73	-nan
8	587377	74	0
8	587377	75	0
8	587377	76	0
8	587377	77	0
8	587377	78	0
8	587377	79	0.33333333333333
8	587377	80	0
8	587377	81	0.6
8	587377	82	0.75
8	587377	83	0
8	587377	84	0.25
8	587377	85	0
8	587377	86	0.25
8	587377	87	0
8	587377	88	0.25
8	587377	89	0.28571428571429
8	587377	90	0
8	587377	91	0
8	587377	92	0
8	587377	93	0
8	587377	94	0.66666666666667
8	587377	95	0
8	587377	96	0
8	587377	97	0
8	587377	98	0
8	587377	99	0
8	587377	100	0
8	587377	101	0
8	587377	102	0.5
8	587377	103	0
8	587377	104	0
8	587377	105	0
8	587377	106	0.2
8	587377	107	0
8	587377	108	0
8	587377	109	0.5
8	587377	110	0
8	587377	111	0
8	587377	112	0.33333333333333
8	587377	113	0
8	587377	114	0
8	587377	115	0
8	587377	116	0
8	587377	117	0
8	587377	118	0
8	587377	119	0
8	587377	120	0
8	587377	121	0.2
8	587377	122	0
8	587377	123	0.25
8	587377	124	0
8	587377	125	0
8	587377	126	0.33333333333333
8	587377	127	0
8	587377	128	0.2
8	587377	129	-nan
8	587377	130	0
8	587377	131	0
8	587377	132	0
8	587377	133	0
8	587377	134	0
8	587377	135	0
8	587377	136	0
8	587377	137	0
8	587377	138	0.33333333333333
8	587377	139	0.33333333333333
8	587377	140	0
8	587377	141	0
8	587377	142	0
8	587377	143	0
8	587377	144	0
8	587377	145	0
8	587377	146	0
8	587377	147	0
8	587377	148	0
8	587377	149	0
8	587377	150	0
8	587377	151	0
8	587377	152	0
8	587377	153	0
8	587377	154	0
8	587377	155	0
8	587377	156	0
8	587377	157	0
8	587377	158	0.5
8	587377	159	0
8	587377	160	0
8	587377	161	0
8	587377	162	0
8	587377	163	0
8	587377	164	0
8	587377	165	0
8	587377	166	0
8	587377	167	0
8	587377	168	0
8	587377	169	0
8	587377	170	0
8	587377	171	0
8	587377	172	-nan
8	587377	173	0
8	587377	174	0
8	587377	175	0
8	587377	176	-nan
8	587377	177	0
8	587377	178	0
8	587377	179	0
8	587377	180	0.4
8	587377	181	0
8	587377	182	0
8	587377	183	0
8	587377	184	0
8	587377	185	0
8	587377	186	0
8	587377	187	0
8	587377	188	0
8	587377	189	0
8	587377	190	0.5
8	587377	191	0
8	587377	192	0
8	587377	193	0
8	587377	194	0
8	587377	195	0
8	587377	196	0
8	587377	197	0
8	587377	198	0
8	587377	199	-nan
8	587377	200	0
8	587377	201	0
8	587377	202	0
8	587377	203	0
8	587377	204	0
8	587377	205	0
8	587377	206	0
8	587377	207	0
8	587377	208	-nan
8	587377	209	0
8	587377	210	0.5
8	587377	211	-nan
8	587377	212	0
8	587377	213	0
8	587377	214	0
8	587377	215	0.5
8	587377	216	0
8	587377	217	0
8	587377	218	0
8	587377	219	0
8	587377	220	0
8	587377	221	0
8	587377	222	0
8	587377	223	0
8	587377	224	0
8	587377	225	0
8	587377	226	0
8	587377	227	0
8	587377	228	0
8	587377	229	0
8	587377	230	-nan
8	587377	231	0
8	587377	232	0
8	587377	233	0
8	587377	234	0
8	587377	235	0
8	587377	236	0
8	587377	237	0
8	587377	238	-nan
vector 9  abilene_network.node[9].content_store  hit_node[9]  ETV
9	587377	1	1
9	587377	2	1
9	587377	3	1
9	587377	4	1
9	587377	5	1
9	587377	6	1
9	587377	7	1
9	587377	8	0.94117647058824
9	587377	9	1
9	587377	10	0
9	587377	11	1
9	587377	12	1
9	587377	13	1
9	587377	14	0
9	587377	15	1
9	587377	16	1
9	587377	17	0
9	587377	18	1
9	587377	19	0.22222222222222
9	587377	20	1
9	587377	21	0.27272727272727
9	587377	22	0
9	587377	23	0
9	587377	24	0
9	587377	25	0
9	587377	26	0
9	587377	27	0
9	587377	28	1
9	587377	29	0
9	587377	30	0
9	587377	31	1
9	587377	32	0.5
9	587377	33	0
9	587377	34	1
9	587377	35	0
9	587377	36	0
9	587377	37	0.66666666666667
9	587377	38	0
9	587377	39	0.33333333333333
9	587377	40	0
9	587377	41	1
9	587377	42	0.66666666666667
9	587377	43	0
9	587377	44	0.6
9	587377	45	0.33333333333333
9	587377	46	0
9	587377	47	1
9	587377	48	-nan
9	587377	49	0
9	587377	50	0
9	587377	51	0
9	587377	52	1
9	587377	53	0
9	587377	54	0.5
9	587377	55	0
9	587377	56	-nan
9	587377	57	0.42857142857143
9	587377	58	0
9	587377	59	0
9	587377	60	1
9	587377	61	1
9	587377	62	0
9	587377	63	0
9	587377	64	0
9	587377	65	0
9	587377	66	0
9	587377	67	0.125
9	587377	68	-nan
9	587377	69	0
9	587377	70	0
9	587377	71	-nan
9	587377	72	-nan
9	587377	73	1
9	587377	74	1
9	587377	75	0
9	587377	76	0
9	587377	77	0
9	587377	78	0
9	587377	79	0.5
9	587377	80	0
9	587377	81	0
9	587377	82	0
9	587377	83	-nan
9	587377	84	0.33333333333333
9	587377	85	0
9	587377	86	0.5
9	587377	87	0
9	587377	88	0
9	587377	89	0
9	587377	90	1
9	587377	91	1
9	587377	92	0
9	587377	93	1
9	587377	94	0
9	587377	95	-nan
9	587377	96	-nan
9	587377	97	0
9	587377	98	0
9	587377	99	0
9	587377	100	1
9	587377	101	-nan
9	587377	102	0
9	587377	103	0
9	587377	104	0
9	587377	105	-nan
9	587377	106	0
9	587377	107	0.6
9	587377	108	0
9	587377	109	0
9	587377	110	0
9	587377	111	0
9	587377	112	0
9	587377	113	-nan
9	587377	114	0
9	587377	115	0
9	587377	116	0
9	587377	117	0
9	587377	118	0
9	587377	119	0
9	587377	120	1
9	587377	121	0
9	587377	122	0.66666666666667
9	587377	123	0
9	587377	124	0
9	587377	125	0
9	587377	126	0
9	587377	127	0
9	587377	128	0
9	587377	129	-nan
9	587377	130	-nan
9	587377	131	0.5
9	587377	132	0
9	587377	133	0
9	587377	134	0
9	587377	135	0
9	587377	136	-nan
9	587377	137	0
9	587377	138	0
9	587377	139	0
9	587377	140	-nan
9	587377	141	0
9	587377	142	-nan
9	587377	143	0
9	587377	144	-nan
9	587377	145	-nan
9	587377	146	0
9	587377	147	0
9	587377	148	-nan
9	587377	149	-nan
9	587377	150	-nan
9	587377	151	0
9	587377	152	0
9	587377	153	0
9	587377	154	0
9	587377	155	0
9	587377	156	0
9	587377	157	0
9	587377	158	-nan
9	587377	159	0
9	587377	160	-nan
9	587377	161	-nan
9	587377	162	-nan
9	587377	163	-nan
9	587377	164	0
9	587377	165	-nan
9	587377	166	0
9	587377	167	0
9	587377	168	-nan
9	587377	169	-nan
9	587377	170	-nan
9	587377	171	0
9	587377	172	-nan
9	587377	173	-nan
9	587377	174	-nan
9	587377	175	0
9	587377	176	-nan
9	587377	177	0
9	587377	178	0
9	587377	179	-nan
9	587377	180	0
9	587377	181	0
9	587377	182	0
9	587377	183	0
9	587377	184	0
9	587377	185	0
9	587377	186	0
9	587377	187	0
9	587377	188	0
9	587377	189	0
9	587377	190	0
9	587377	191	0
9	587377	192	0
9	587377	193	0
9	587377	194	0
9	587377	195	0.5
9	587377	196	-nan
9	587377	197	0
9	587377	198	0
9	587377	199	-nan
9	587377	200	0
9	587377	201	0
9	587377	202	-nan
9	587377	203	0
9	587377	204	0
9	587377	205	-nan
9	587377	206	0
9	587377	207	-nan
9	587377	208	-nan
9	587377	209	0
9	587377	210	0
9	587377	211	-nan
9	587377	212	0.5
9	587377	213	0
9	587377	214	0
9	587377	215	0
9	587377	216	0
9	587377	217	-nan
9	587377	218	-nan
9	587377	219	0
9	587377	220	-nan
9	587377	221	0
9	587377	222	-nan
9	587377	223	0
9	587377	224	0
9	587377	225	0
9	587377	226	0
9	587377	227	0
9	587377	228	0
9	587377	229	0
9	587377	230	-nan
9	587377	231	-nan
9	587377	232	0
9	587377	233	0
9	587377	234	0
9	587377	235	0
9	587377	236	0
9	587377	237	0
9	587377	238	-nan
vector 10  abilene_network.node[10].content_store  hit_node[10]  ETV
10	587377	1	1
10	587377	2	1
10	587377	3	1
10	587377	4	1
10	587377	5	1
10	587377	6	1
10	587377	7	0.33333333333333
10	587377	8	1
10	587377	9	0.625
10	587377	10	1
10	587377	11	1
10	587377	12	1
10	587377	13	1
10	587377	14	0
10	587377	15	1
10	587377	16	0.090909090909091
10	587377	17	1
10	587377	18	1
10	587377	19	0
10	587377	20	0.33333333333333
10	587377	21	0
10	587377	22	0
10	587377	23	1
10	587377	24	0.54545454545455
10	587377	25	1
10	587377	26	0
10	587377	27	1
10	587377	28	1
10	587377	29	1
10	587377	30	0
10	587377	31	0
10	587377	32	1
10	587377	33	1
10	587377	34	0.33333333333333
10	587377	35	0.4
10	587377	36	0
10	587377	37	0
10	587377	38	0.83333333333333
10	587377	39	0
10	587377	40	0
10	587377	41	0
10	587377	42	1
10	587377	43	0
10	587377	44	0
10	587377	45	1
10	587377	46	0
10	587377	47	0
10	587377	48	0
10	587377	49	1
10	587377	50	0.25
10	587377	51	-nan
10	587377	52	0
10	587377	53	0
10	587377	54	1
10	587377	55	0.2
10	587377	56	0
10	587377	57	1
10	587377	58	0.33333333333333
10	587377	59	0
10	587377	60	0
10	587377	61	0
10	587377	62	0.5
10	587377	63	0
10	587377	64	0
10	587377	65	0
10	587377	66	0
10	587377	67	0
10	587377	68	0
10	587377	69	0
10	587377	70	0
10	587377	71	0
10	587377	72	1
10	587377	73	0
10	587377	74	0
10	587377	75	0
10	587377	76	0
10	587377	77	0
10	587377	78	0
10	587377	79	0
10	587377	80	-nan
10	587377	81	0
10	587377	82	0
10	587377	83	0
10	587377	84	0
10	587377	85	0
10	587377	86	0
10	587377	87	0
10	587377	88	0
10	587377	89	-nan
10	587377	90	0
10	587377	91	0
10	587377	92	-nan
10	587377	93	0
10	587377	94	0
10	587377	95	0
10	587377	96	0
10	587377	97	0
10	587377	98	0.33333333333333
10	587377	99	-nan
10	587377	100	0
10	587377	101	-nan
10	587377	102	0
10	587377	103	0.33333333333333
10	587377	104	0
10	587377	105	0
10	587377	106	0
10	587377	107	0
10	587377	108	0
10	587377	109	0
10	587377	110	0
10	587377	111	0.5
10	587377	112	0
10	587377	113	0
10	587377	114	0
10	587377	115	0
10	587377	116	0
10	587377	117	0.5
10	587377	118	0
10	587377	119	0
10	587377	120	-nan
10	587377	121	0.5
10	587377	122	0
10	587377	123	-nan
10	587377	124	0
10	587377	125	0
10	587377	126	0
10	587377	127	-nan
10	587377	128	0
10	587377	129	0
10	587377	130	-nan
10	587377	131	1
10	587377	132	-nan
10	587377	133	-nan
10	587377	134	0
10	587377	135	0
10	587377	136	0
10	587377	137	0
10	587377	138	0
10	587377	139	0
10	587377	140	0.5
10	587377	141	-nan
10	587377	142	0
10	587377	143	0
10	587377	144	0
10	587377	145	0
10	587377	146	0
10	587377	147	0
10	587377	148	0
10	587377	149	0
10	587377	150	0
10	587377	151	0
10	587377	152	0.33333333333333
10	587377	153	-nan
10	587377	154	0
10	587377	155	0
10	587377	156	-nan
10	587377	157	-nan
10	587377	158	0
10	587377	159	0
10	587377	160	0.5
10	587377	161	0
10	587377	162	0
10	587377	163	0
10	587377	164	1
10	587377	165	0
10	587377	166	0
10	587377	167	0
10	587377	168	0
10	587377	169	0
10	587377	170	-nan
10	587377	171	0
10	587377	172	0
10	587377	173	-nan
10	587377	174	0
10	587377	175	0
10	587377	176	0
10	587377	177	0
10	587377	178	-nan
10	587377	179	0
10	587377	180	0
10	587377	181	0
10	587377	182	0
10	587377	183	0
10	587377	184	-nan
10	587377	185	-nan
10	587377	186	0.5
10	587377	187	-nan
10	587377	188	0
10	587377	189	0
10	587377	190	-nan
10	587377	191	-nan
10	587377	192	0
10	587377	193	0
10	587377	194	0.5
10	587377	195	0
10	587377	196	-nan
10	587377	197	0
10	587377	198	-nan
10	587377	199	-nan
10	587377	200	-nan
10	587377	201	-nan
10	587377	202	0
10	587377	203	-nan
10	587377	204	0
10	587377	205	0
10	587377	206	-nan
10	587377	207	-nan
10	587377	208	0
10	587377	209	0
10	587377	210	-nan
10	587377	211	0
10	587377	212	0
10	587377	213	-nan
10	587377	214	-nan
10	587377	215	0
10	587377	216	0
10	587377	217	-nan
10	587377	218	0
10	587377	219	-nan
10	587377	220	-nan
10	587377	221	0
10	587377	222	0.66666666666667
10	587377	223	0
10	587377	224	0
10	587377	225	0
10	587377	226	0
10	587377	227	-nan
10	587377	228	0
10	587377	229	0
10	587377	230	-nan
10	587377	231	0
10	587377	232	0
10	587377	233	0
10	587377	234	0
10	587377	235	0
10	587377	236	0
10	587377	237	0
10	587377	238	0
vector 11  abilene_network.client[0]  hdistance[0]  ETV
11	587377	1	0
11	587377	2	0
11	587377	3	0
11	587377	4	0
11	587377	5	0.13793103448276
11	587377	6	0.095238095238095
11	587377	7	0
11	587377	8	0.44444444444444
11	587377	9	0
11	587377	10	0
11	587377	11	0.4
11	587377	12	0
11	587377	13	1.7777777777778
11	587377	14	0
11	587377	15	0
11	587377	16	1
11	587377	17	2.8
11	587377	18	1
11	587377	19	0.66666666666667
11	587377	20	0.125
11	587377	21	3.2
11	587377	22	0.15384615384615
11	587377	23	0
11	587377	24	1.75
11	587377	25	0.6
11	587377	26	0
11	587377	27	1
11	587377	28	0
11	587377	29	1.6
11	587377	30	1.5
11	587377	31	1.4285714285714
11	587377	32	0
11	587377	33	1
11	587377	34	0
11	587377	35	2
11	587377	36	1
11	587377	37	3.8
11	587377	38	0
11	587377	39	3.7142857142857
11	587377	40	0.2
11	587377	41	3
11	587377	42	3
11	587377	43	0.28571428571429
11	587377	44	4
11	587377	45	4
11	587377	46	5
11	587377	47	2
11	587377	48	2.6666666666667
11	587377	49	3.6666666666667
11	587377	50	3.5
11	587377	51	3
11	587377	52	1
11	587377	53	5.2
11	587377	54	4.5
11	587377	55	3.5
11	587377	56	1
11	587377	57	2.3333333333333
11	587377	58	2.8571428571429
11	587377	59	5
11	587377	60	2.5
11	587377	61	1
11	587377	62	1.8333333333333
11	587377	63	3.5
11	587377	64	4.5
11	587377	65	2.6666666666667
11	587377	66	3
11	587377	67	4
11	587377	68	2.5
11	587377	69	2
11	587377	70	1.5
11	587377	71	1
11	587377	72	6
11	587377	73	4.7142857142857
11	587377	74	0
11	587377	75	5
11	587377	76	3.3333333333333
11	587377	77	2
11	587377	78	6
11	587377	79	0
11	587377	80	4.2
11	587377	81	2
11	587377	82	0
11	587377	83	0
11	587377	84	6
11	587377	85	3
11	587377	86	3
11	587377	87	3.3333333333333
11	587377	88	3
11	587377	89	1
11	587377	90	6
11	587377	91	3
11	587377	92	4
11	587377	93	6
11	587377	94	0
11	587377	95	1
11	587377	96	0
11	587377	97	6
11	587377	98	6
11	587377	99	0.33333333333333
11	587377	100	4
11	587377	101	6
11	587377	102	0
11	587377	103	5.75
11	587377	104	0
11	587377	105	6
11	587377	106	6
11	587377	107	6
11	587377	108	3.6
11	587377	109	1
11	587377	110	6
11	587377	111	5
11	587377	112	4
11	587377	113	4.5
11	587377	114	0
11	587377	115	5.4
11	587377	116	4
11	587377	117	3
11	587377	118	5.5
11	587377	119	4.75
11	587377	120	5
11	587377	121	0
11	587377	122	6
11	587377	123	6
11	587377	124	2.3333333333333
11	587377	125	1.5
11	587377	126	6
11	587377	127	3
11	587377	128	6
11	587377	129	0
11	587377	130	6
11	587377	131	2
11	587377	132	0
11	587377	133	4.6666666666667
11	587377	134	3.75
11	587377	135	4
11	587377	136	5
11	587377	137	0
11	587377	138	6
11	587377	139	5
11	587377	140	6
11	587377	141	3
11	587377	142	3.5
11	587377	143	0
11	587377	144	0
11	587377	145	6
11	587377	146	0
11	587377	147	0
11	587377	148	6
11	587377	149	6
11	587377	150	5
11	587377	151	3.5
11	587377	152	0
11	587377	153	0
11	587377	154	3
11	587377	155	3.5
11	587377	156	6
11	587377	157	6
11	587377	158	4.5
11	587377	159	0
11	587377	160	2
11	587377	161	6
11	587377	162	5.5
11	587377	163	6
11	587377	164	4
11	587377	165	6
11	587377	166	0
11	587377	167	4
11	587377	168	6
11	587377	169	2.8333333333333
11	587377	170	6
11	587377	171	6
11	587377	172	5.5
11	587377	173	0
11	587377	174	5.6666666666667
11	587377	175	6
11	587377	176	5.5
11	587377	177	5
11	587377	178	6
11	587377	179	0
11	587377	180	0
11	587377	181	5.3333333333333
11	587377	182	6
11	587377	183	5
11	587377	184	6
11	587377	185	6
11	587377	186	0
11	587377	187	2.2
11	587377	188	4
11	587377	189	0
11	587377	190	4
11	587377	191	0
11	587377	192	6
11	587377	193	6
11	587377	194	4
11	587377	195	6
11	587377	196	4
11	587377	197	6
11	587377	198	6
11	587377	199	0
11	587377	200	6
11	587377	201	4
11	587377	202	6
11	587377	203	2
11	587377	204	3
11	587377	205	1
11	587377	206	0
11	587377	207	6
11	587377	208	6
11	587377	209	6
11	587377	210	0
11	587377	211	6
11	587377	212	0
11	587377	213	6
11	587377	214	0
11	587377	215	0
11	587377	216	0
11	587377	217	0
11	587377	218	6
11	587377	219	6
11	587377	220	6
11	587377	221	2.5
11	587377	222	0
11	587377	223	6
11	587377	224	0
11	587377	225	6
11	587377	226	0
11	587377	227	0
11	587377	228	6
11	587377	229	6
11	587377	230	6
11	587377	231	0
11	587377	232	0
11	587377	233	0
11	587377	234	3.3333333333333
11	587377	235	6
11	587377	236	0
11	587377	237	0
11	587377	238	0
vector 12  abilene_network.client[1]  hdistance[1]  ETV
12	587377	1	0
12	587377	2	0
12	587377	3	0
12	587377	4	0
12	587377	5	0
12	587377	6	0
12	587377	7	0
12	587377	8	0
12	587377	9	0.1875
12	587377	10	0.36363636363636
12	587377	11	0
12	587377	12	0.6875
12	587377	13	0.78571428571429
12	587377	14	0
12	587377	15	2.8333333333333
12	587377	16	0
12	587377	17	1.4285714285714
12	587377	18	0.69230769230769
12	587377	19	0.83333333333333
12	587377	20	0.14285714285714
12	587377	21	0.55555555555556
12	587377	22	1.5
12	587377	23	2
12	587377	24	1.5
12	587377	25	1.7
12	587377	26	1.5
12	587377	27	0.11111111111111
12	587377	28	1.6666666666667
12	587377	29	0.42857142857143
12	587377	30	0.6
12	587377	31	0
12	587377	32	1.6666666666667
12	587377	33	0.5
12	587377	34	1.25
12	587377	35	1.3333333333333
12	587377	36	0.28571428571429
12	587377	37	1.25
12	587377	38	1.6666666666667
12	587377	39	3
12	587377	40	1.2
12	587377	41	2.75
12	587377	42	2.6666666666667
12	587377	43	1.8
12	587377	44	3.6
12	587377	45	3
12	587377	46	3.8
12	587377	47	3
12	587377	48	0.33333333333333
12	587377	49	4.6
12	587377	50	0.66666666666667
12	587377	51	2.3333333333333
12	587377	52	0
12	587377	53	3.5
12	587377	54	1.875
12	587377	55	2.5
12	587377	56	0.42857142857143
12	587377	57	2.2
12	587377	58	5
12	587377	59	2
12	587377	60	1
12	587377	61	0.66666666666667
12	587377	62	3
12	587377	63	0
12	587377	64	4
12	587377	65	2.5
12	587377	66	1
12	587377	67	1.5
12	587377	68	0.75
12	587377	69	2.5
12	587377	70	2.25
12	587377	71	1
12	587377	72	0
12	587377	73	2
12	587377	74	0
12	587377	75	0.5
12	587377	76	1
12	587377	77	0
12	587377	78	1.6666666666667
12	587377	79	5
12	587377	80	0
12	587377	81	0
12	587377	82	3
12	587377	83	3
12	587377	84	5
12	587377	85	1
12	587377	86	0
12	587377	87	4.3333333333333
12	587377	88	1.6666666666667
12	587377	89	2
12	587377	90	5
12	587377	91	4
12	587377	92	5
12	587377	93	2
12	587377	94	3.75
12	587377	95	5
12	587377	96	3.1666666666667
12	587377	97	3.3333333333333
12	587377	98	4
12	587377	99	3
12	587377	100	2
12	587377	101	5
12	587377	102	5
12	587377	103	4.5
12	587377	104	5
12	587377	105	5
12	587377	106	0
12	587377	107	5
12	587377	108	0
12	587377	109	1
12	587377	110	0
12	587377	111	0
12	587377	112	5
12	587377	113	5
12	587377	114	3
12	587377	115	5
12	587377	116	3
12	587377	117	1
12	587377	118	0
12	587377	119	5
12	587377	120	5
12	587377	121	0
12	587377	122	3.5
12	587377	123	4.5
12	587377	124	2.5
12	587377	125	2
12	587377	126	0
12	587377	127	5
12	587377	128	3
12	587377	129	0
12	587377	130	0
12	587377	131	1
12	587377	132	4
12	587377	133	3.6666666666667
12	587377	134	4.5
12	587377	135	0.66666666666667
12	587377	136	4
12	587377	137	2.5
12	587377	138	5
12	587377	139	0
12	587377	140	5
12	587377	141	3.8
12	587377	142	0
12	587377	143	0
12	587377	144	0
12	587377	145	5
12	587377	146	0
12	587377	147	5
12	587377	148	0
12	587377	149	4.25
12	587377	150	3
12	587377	151	3
12	587377	152	5
12	587377	153	5
12	587377	154	5
12	587377	155	0
12	587377	156	0
12	587377	157	5
12	587377	158	5
12	587377	159	5
12	587377	160	5
12	587377	161	5
12	587377	162	2
12	587377	163	3
12	587377	164	0
12	587377	165	0
12	587377	166	2.3333333333333
12	587377	167	3
12	587377	168	5
12	587377	169	5
12	587377	170	0
12	587377	171	4
12	587377	172	5
12	587377	173	0
12	587377	174	5
12	587377	175	0
12	587377	176	0
12	587377	177	4.3333333333333
12	587377	178	5
12	587377	179	0
12	587377	180	0
12	587377	181	0
12	587377	182	2
12	587377	183	4.6666666666667
12	587377	184	0
12	587377	185	5
12	587377	186	5
12	587377	187	0
12	587377	188	0
12	587377	189	5
12	587377	190	0
12	587377	191	5
12	587377	192	5
12	587377	193	5
12	587377	194	0
12	587377	195	0
12	587377	196	5
12	587377	197	0
12	587377	198	0
12	587377	199	0
12	587377	200	0
12	587377	201	0
12	587377	202	5
12	587377	203	5
12	587377	204	5
12	587377	205	5
12	587377	206	5
12	587377	207	5
12	587377	208	2.5
12	587377	209	5
12	587377	210	0
12	587377	211	0
12	587377	212	3
12	587377	213	0
12	587377	214	0
12	587377	215	5
12	587377	216	0
12	587377	217	0
12	587377	218	0
12	587377	219	3
12	587377	220	0
12	587377	221	0
12	587377	222	5
12	587377	223	3.3333333333333
12	587377	224	5
12	587377	225	5
12	587377	226	0
12	587377	227	0
12	587377	228	2.3333333333333
12	587377	229	2.3333333333333
12	587377	230	0
12	587377	231	0
12	587377	232	0
12	587377	233	0
12	587377	234	4
12	587377	235	5
12	587377	236	0
12	587377	237	5
12	587377	238	5
vector 13  abilene_network.client[2]  hdistance[2]  ETV
13	587377	1	0
13	587377	2	0
13	587377	3	0
13	587377	4	0
13	587377	5	0.59090909090909
13	587377	6	0
13	587377	7	0
13	587377	8	0.9
13	587377	9	0.61904761904762
13	587377	10	0.375
13	587377	11	1.1538461538462
13	587377	12	0
13	587377	13	0.63636363636364
13	587377	14	0.5
13	587377	15	1.3333333333333
13	587377	16	0.5
13	587377	17	0.66666666666667
13	587377	18	1.6666666666667
13	587377	19	0.625
13	587377	20	1
13	587377	21	0
13	587377	22	3.2
13	587377	23	1.125
13	587377	24	0.66666666666667
13	587377	25	2.75
13	587377	26	0.5
13	587377	27	1.7142857142857
13	587377	28	1.7142857142857
13	587377	29	4
13	587377	30	0.8
13	587377	31	2.5
13	587377	32	2.5
13	587377	33	1
13	587377	34	1
13	587377	35	2.6
13	587377	36	1
13	587377	37	0.66666666666667
13	587377	38	3
13	587377	39	2
13	587377	40	2.1666666666667
13	587377	41	4
13	587377	42	1.875
13	587377	43	1.8333333333333
13	587377	44	2
13	587377	45	3
13	587377	46	2
13	587377	47	2.25
13	587377	48	2.8333333333333
13	587377	49	4
13	587377	50	3.3333333333333
13	587377	51	1.1428571428571
13	587377	52	1.6
13	587377	53	4
13	587377	54	2.5
13	587377	55	4
13	587377	56	3
13	587377	57	2
13	587377	58	2
13	587377	59	3
13	587377	60	3.6666666666667
13	587377	61	2.5
13	587377	62	0
13	587377	63	4
13	587377	64	1.6
13	587377	65	2
13	587377	66	3.5
13	587377	67	1.5
13	587377	68	2.3333333333333
13	587377	69	4
13	587377	70	2
13	587377	71	1.6666666666667
13	587377	72	4
13	587377	73	2.4
13	587377	74	4
13	587377	75	1.5
13	587377	76	2
13	587377	77	3.5
13	587377	78	3.6666666666667
13	587377	79	4
13	587377	80	2
13	587377	81	4
13	587377	82	3
13	587377	83	0
13	587377	84	4
13	587377	85	0
13	587377	86	2.6666666666667
13	587377	87	0
13	587377	88	2.5
13	587377	89	0
13	587377	90	4
13	587377	91	0
13	587377	92	2.6666666666667
13	587377	93	0
13	587377	94	3
13	587377	95	0
13	587377	96	0
13	587377	97	4
13	587377	98	4
13	587377	99	4
13	587377	100	0
13	587377	101	0
13	587377	102	4
13	587377	103	2.6666666666667
13	587377	104	0
13	587377	105	0
13	587377	106	0
13	587377	107	4
13	587377	108	0.5
13	587377	109	0.66666666666667
13	587377	110	3
13	587377	111	4
13	587377	112	4
13	587377	113	3.3333333333333
13	587377	114	2.6666666666667
13	587377	115	3
13	587377	116	2.6666666666667
13	587377	117	0
13	587377	118	3
13	587377	119	0
13	587377	120	4
13	587377	121	4
13	587377	122	0
13	587377	123	0
13	587377	124	2
13	587377	125	3.5
13	587377	126	3
13	587377	127	2
13	587377	128	4
13	587377	129	0
13	587377	130	0
13	587377	131	3
13	587377	132	4
13	587377	133	0
13	587377	134	0
13	587377	135	0
13	587377	136	4
13	587377	137	0
13	587377	138	0
13	587377	139	4
13	587377	140	0
13	587377	141	0
13	587377	142	4
13	587377	143	4
13	587377	144	2
13	587377	145	4
13	587377	146	3
13	587377	147	4
13	587377	148	4
13	587377	149	0
13	587377	150	4
13	587377	151	0
13	587377	152	0
13	587377	153	0
13	587377	154	4
13	587377	155	4
13	587377	156	4
13	587377	157	2
13	587377	158	3
13	587377	159	0
13	587377	160	2
13	587377	161	0
13	587377	162	1
13	587377	163	2
13	587377	164	3.6666666666667
13	587377	165	0
13	587377	166	4
13	587377	167	4
13	587377	168	0
13	587377	169	2
13	587377	170	4
13	587377	171	4
13	587377	172	4
13	587377	173	0
13	587377	174	0
13	587377	175	0
13	587377	176	4
13	587377	177	0
13	587377	178	4
13	587377	179	4
13	587377	180	4
13	587377	181	4
13	587377	182	1
13	587377	183	2
13	587377	184	4
13	587377	185	4
13	587377	186	4
13	587377	187	0
13	587377	188	4
13	587377	189	0
13	587377	190	4
13	587377	191	0
13	587377	192	1
13	587377	193	0
13	587377	194	4
13	587377	195	4
13	587377	196	4
13	587377	197	1
13	587377	198	0
13	587377	199	4
13	587377	200	4
13	587377	201	4
13	587377	202	0
13	587377	203	4
13	587377	204	3
13	587377	205	4
13	587377	206	0
13	587377	207	4
13	587377	208	2.5
13	587377	209	4
13	587377	210	4
13	587377	211	4
13	587377	212	4
13	587377	213	0
13	587377	214	4
13	587377	215	0
13	587377	216	3
13	587377	217	4
13	587377	218	0
13	587377	219	0
13	587377	220	0
13	587377	221	0
13	587377	222	0
13	587377	223	0
13	587377	224	4
13	587377	225	0
13	587377	226	0
13	587377	227	4
13	587377	228	2
13	587377	229	2
13	587377	230	0
13	587377	231	4
13	587377	232	4
13	587377	233	0
13	587377	234	4
13	587377	235	2
13	587377	236	0
13	587377	237	0
13	587377	238	4
vector 14  abilene_network.client[3]  hdistance[3]  ETV
14	587377	1	0
14	587377	2	0
14	587377	3	0
14	587377	4	0
14	587377	5	0.13636363636364
14	587377	6	0.78571428571429
14	587377	7	0.5625
14	587377	8	0.64285714285714
14	587377	9	0.69230769230769
14	587377	10	1.4117647058824
14	587377	11	0.88888888888889
14	587377	12	0.63157894736842
14	587377	13	0.77777777777778
14	587377	14	0.78571428571429
14	587377	15	1
14	587377	16	0.66666666666667
14	587377	17	0
14	587377	18	1.5555555555556
14	587377	19	0.7
14	587377	20	2.2857142857143
14	587377	21	1
14	587377	22	2.5
14	587377	23	0.22222222222222
14	587377	24	1.8
14	587377	25	1.8333333333333
14	587377	26	2
14	587377	27	1.1666666666667
14	587377	28	1
14	587377	29	2.6
14	587377	30	3
14	587377	31	3
14	587377	32	1.625
14	587377	33	1
14	587377	34	0.71428571428571
14	587377	35	0.75
14	587377	36	2.5
14	587377	37	2
14	587377	38	3
14	587377	39	1.6666666666667
14	587377	40	2
14	587377	41	0.75
14	587377	42	0.75
14	587377	43	0
14	587377	44	2.3333333333333
14	587377	45	1.1428571428571
14	587377	46	2.5
14	587377	47	2
14	587377	48	0
14	587377	49	3
14	587377	50	2.4
14	587377	51	3
14	587377	52	2.3333333333333
14	587377	53	3
14	587377	54	1.5
14	587377	55	0
14	587377	56	2
14	587377	57	0
14	587377	58	2
14	587377	59	2
14	587377	60	2.8
14	587377	61	2.5
14	587377	62	3
14	587377	63	3
14	587377	64	0
14	587377	65	1.75
14	587377	66	3
14	587377	67	1.2
14	587377	68	3
14	587377	69	1.5714285714286
14	587377	70	1.5
14	587377	71	2
14	587377	72	3
14	587377	73	3
14	587377	74	2.5
14	587377	75	2.5
14	587377	76	3
14	587377	77	3
14	587377	78	0
14	587377	79	3
14	587377	80	1
14	587377	81	1.6666666666667
14	587377	82	3
14	587377	83	3
14	587377	84	1.5
14	587377	85	1.5
14	587377	86	2.3333333333333
14	587377	87	3
14	587377	88	0
14	587377	89	3
14	587377	90	2.5
14	587377	91	2
14	587377	92	2
14	587377	93	3
14	587377	94	3
14	587377	95	3
14	587377	96	0
14	587377	97	0
14	587377	98	3
14	587377	99	3
14	587377	100	3
14	587377	101	3
14	587377	102	0
14	587377	103	2
14	587377	104	3
14	587377	105	3
14	587377	106	0
14	587377	107	3
14	587377	108	0
14	587377	109	3
14	587377	110	3
14	587377	111	1
14	587377	112	3
14	587377	113	0
14	587377	114	0
14	587377	115	3
14	587377	116	2.5
14	587377	117	1.5
14	587377	118	3
14	587377	119	2
14	587377	120	2.5
14	587377	121	3
14	587377	122	3
14	587377	123	2.6666666666667
14	587377	124	3
14	587377	125	0.5
14	587377	126	1
14	587377	127	3
14	587377	128	2.25
14	587377	129	3
14	587377	130	3
14	587377	131	0
14	587377	132	2
14	587377	133	0
14	587377	134	1
14	587377	135	3
14	587377	136	3
14	587377	137	0
14	587377	138	3
14	587377	139	3
14	587377	140	3
14	587377	141	0
14	587377	142	0
14	587377	143	3
14	587377	144	3
14	587377	145	3
14	587377	146	2.5
14	587377	147	0
14	587377	148	0
14	587377	149	0
14	587377	150	0
14	587377	151	0
14	587377	152	0
14	587377	153	1.6666666666667
14	587377	154	3
14	587377	155	3
14	587377	156	0
14	587377	157	2
14	587377	158	0
14	587377	159	0
14	587377	160	3
14	587377	161	3
14	587377	162	3
14	587377	163	3
14	587377	164	3
14	587377	165	0
14	587377	166	3
14	587377	167	0
14	587377	168	0
14	587377	169	0
14	587377	170	0
14	587377	171	1
14	587377	172	0
14	587377	173	3
14	587377	174	0
14	587377	175	2
14	587377	176	0
14	587377	177	0
14	587377	178	3
14	587377	179	3
14	587377	180	0
14	587377	181	1
14	587377	182	0
14	587377	183	2
14	587377	184	3
14	587377	185	3
14	587377	186	2.5
14	587377	187	1
14	587377	188	2
14	587377	189	0
14	587377	190	2
14	587377	191	0
14	587377	192	2
14	587377	193	0
14	587377	194	3
14	587377	195	3
14	587377	196	3
14	587377	197	0
14	587377	198	3
14	587377	199	0
14	587377	200	0
14	587377	201	2.3333333333333
14	587377	202	3
14	587377	203	3
14	587377	204	3
14	587377	205	0
14	587377	206	0
14	587377	207	3
14	587377	208	0
14	587377	209	3
14	587377	210	3
14	587377	211	3
14	587377	212	3
14	587377	213	2.6666666666667
14	587377	214	3
14	587377	215	2
14	587377	216	3
14	587377	217	3
14	587377	218	3
14	587377	219	1
14	587377	220	0
14	587377	221	2
14	587377	222	3
14	587377	223	0
14	587377	224	3
14	587377	225	3
14	587377	226	0
14	587377	227	0
14	587377	228	0
14	587377	229	2.6666666666667
14	587377	230	0
14	587377	231	0
14	587377	232	0
14	587377	233	0
14	587377	234	0
14	587377	235	3
14	587377	236	2
14	587377	237	3
14	587377	238	0
vector 15  abilene_network.client[4]  hdistance[4]  ETV
15	587377	1	0
15	587377	2	0.018867924528302
15	587377	3	0.088888888888889
15	587377	4	0.09375
15	587377	5	0.30434782608696
15	587377	6	0
15	587377	7	0.15
15	587377	8	0.6
15	587377	9	1.1666666666667
15	587377	10	0.73333333333333
15	587377	11	1.1538461538462
15	587377	12	1.5
15	587377	13	0.75
15	587377	14	1.1
15	587377	15	0.5
15	587377	16	1.0769230769231
15	587377	17	1.8333333333333
15	587377	18	0.625
15	587377	19	1.5
15	587377	20	1.1
15	587377	21	1.4444444444444
15	587377	22	1.5714285714286
15	587377	23	2
15	587377	24	0.66666666666667
15	587377	25	1
15	587377	26	1.4
15	587377	27	1.8
15	587377	28	0.75
15	587377	29	1.5
15	587377	30	1.3333333333333
15	587377	31	1.7142857142857
15	587377	32	1.3333333333333
15	587377	33	1.4
15	587377	34	1.5714285714286
15	587377	35	2
15	587377	36	2
15	587377	37	2
15	587377	38	1.5
15	587377	39	0
15	587377	40	1.5
15	587377	41	1.25
15	587377	42	0.66666666666667
15	587377	43	1.3333333333333
15	587377	44	1.5
15	587377	45	1
15	587377	46	1.3333333333333
15	587377	47	0.57142857142857
15	587377	48	1.5
15	587377	49	2
15	587377	50	1.5
15	587377	51	2
15	587377	52	1.75
15	587377	53	1.3333333333333
15	587377	54	1.8
15	587377	55	1.5
15	587377	56	2
15	587377	57	1
15	587377	58	1.3333333333333
15	587377	59	1
15	587377	60	0.66666666666667
15	587377	61	2
15	587377	62	2
15	587377	63	2
15	587377	64	1.4
15	587377	65	0
15	587377	66	1
15	587377	67	1.4
15	587377	68	1.6
15	587377	69	0
15	587377	70	0.5
15	587377	71	1
15	587377	72	2
15	587377	73	2
15	587377	74	0
15	587377	75	1.5
15	587377	76	0
15	587377	77	2
15	587377	78	1.5
15	587377	79	0
15	587377	80	2
15	587377	81	2
15	587377	82	2
15	587377	83	2
15	587377	84	0
15	587377	85	0
15	587377	86	1
15	587377	87	2
15	587377	88	0
15	587377	89	2
15	587377	90	2
15	587377	91	1
15	587377	92	1.3333333333333
15	587377	93	2
15	587377	94	2
15	587377	95	2
15	587377	96	0
15	587377	97	2
15	587377	98	2
15	587377	99	2
15	587377	100	0
15	587377	101	2
15	587377	102	2
15	587377	103	2
15	587377	104	0
15	587377	105	2
15	587377	106	2
15	587377	107	0
15	587377	108	2
15	587377	109	2
15	587377	110	0
15	587377	111	2
15	587377	112	0
15	587377	113	2
15	587377	114	2
15	587377	115	2
15	587377	116	0
15	587377	117	0
15	587377	118	0
15	587377	119	1
15	587377	120	0
15	587377	121	2
15	587377	122	0
15	587377	123	2
15	587377	124	1.5
15	587377	125	2
15	587377	126	1.3333333333333
15	587377	127	2
15	587377	128	1.3333333333333
15	587377	129	2
15	587377	130	0
15	587377	131	0
15	587377	132	2
15	587377	133	2
15	587377	134	0
15	587377	135	2
15	587377	136	2
15	587377	137	2
15	587377	138	0
15	587377	139	0.5
15	587377	140	2
15	587377	141	0
15	587377	142	2
15	587377	143	2
15	587377	144	1.3333333333333
15	587377	145	2
15	587377	146	1.75
15	587377	147	0
15	587377	148	2
15	587377	149	2
15	587377	150	2
15	587377	151	0
15	587377	152	2
15	587377	153	0
15	587377	154	2
15	587377	155	2
15	587377	156	0
15	587377	157	2
15	587377	158	0
15	587377	159	0
15	587377	160	0
15	587377	161	0
15	587377	162	0
15	587377	163	0
15	587377	164	1.75
15	587377	165	0
15	587377	166	0
15	587377	167	0
15	587377	168	2
15	587377	169	1.6666666666667
15	587377	170	2
15	587377	171	0
15	587377	172	2
15	587377	173	2
15	587377	174	2
15	587377	175	0
15	587377	176	1
15	587377	177	1
15	587377	178	2
15	587377	179	2
15	587377	180	0
15	587377	181	2
15	587377	182	2
15	587377	183	2
15	587377	184	2
15	587377	185	2
15	587377	186	2
15	587377	187	2
15	587377	188	1.5
15	587377	189	2
15	587377	190	2
15	587377	191	2
15	587377	192	0
15	587377	193	0
15	587377	194	2
15	587377	195	2
15	587377	196	2
15	587377	197	0
15	587377	198	2
15	587377	199	0
15	587377	200	0
15	587377	201	0
15	587377	202	0
15	587377	203	0
15	587377	204	0
15	587377	205	0
15	587377	206	0
15	587377	207	2
15	587377	208	2
15	587377	209	0
15	587377	210	2
15	587377	211	2
15	587377	212	2
15	587377	213	0
15	587377	214	0
15	587377	215	2
15	587377	216	2
15	587377	217	2
15	587377	218	0
15	587377	219	2
15	587377	220	2
15	587377	221	0
15	587377	222	0
15	587377	223	2
15	587377	224	2
15	587377	225	0
15	587377	226	2
15	587377	227	2
15	587377	228	2
15	587377	229	2
15	587377	230	2
15	587377	231	0
15	587377	232	2
15	587377	233	1.5
15	587377	234	1
15	587377	235	0
15	587377	236	2
15	587377	237	2
15	587377	238	2
vector 16  abilene_network.client[5]  hdistance[5]  ETV
16	587377	1	0
16	587377	2	0.033898305084746
16	587377	3	0.7027027027027
16	587377	4	0.33333333333333
16	587377	5	0.23333333333333
16	587377	6	0.96296296296296
16	587377	7	0.55
16	587377	8	0.64705882352941
16	587377	9	0.63636363636364
16	587377	10	0.083333333333333
16	587377	11	0.2
16	587377	12	0.42857142857143
16	587377	13	0.72222222222222
16	587377	14	0.22222222222222
16	587377	15	0.875
16	587377	16	0.53846153846154
16	587377	17	0.66666666666667
16	587377	18	0.85714285714286
16	587377	19	0.8
16	587377	20	0.2
16	587377	21	0.42857142857143
16	587377	22	0.33333333333333
16	587377	23	0.75
16	587377	24	0.6
16	587377	25	1
16	587377	26	0.33333333333333
16	587377	27	0.5
16	587377	28	1
16	587377	29	1
16	587377	30	0.5
16	587377	31	1
16	587377	32	0.42857142857143
16	587377	33	0.5
16	587377	34	0.7
16	587377	35	1
16	587377	36	0.8
16	587377	37	1
16	587377	38	1
16	587377	39	0.66666666666667
16	587377	40	1
16	587377	41	0.71428571428571
16	587377	42	1
16	587377	43	0.66666666666667
16	587377	44	1
16	587377	45	0.75
16	587377	46	1
16	587377	47	0.66666666666667
16	587377	48	1
16	587377	49	1
16	587377	50	0.8
16	587377	51	1
16	587377	52	1
16	587377	53	1
16	587377	54	1
16	587377	55	1
16	587377	56	1
16	587377	57	1
16	587377	58	1
16	587377	59	1
16	587377	60	1
16	587377	61	1
16	587377	62	0.83333333333333
16	587377	63	1
16	587377	64	1
16	587377	65	1
16	587377	66	0.2
16	587377	67	0.8
16	587377	68	1
16	587377	69	0.5
16	587377	70	0
16	587377	71	1
16	587377	72	0.66666666666667
16	587377	73	1
16	587377	74	1
16	587377	75	1
16	587377	76	1
16	587377	77	1
16	587377	78	0
16	587377	79	1
16	587377	80	1
16	587377	81	0
16	587377	82	0.75
16	587377	83	1
16	587377	84	1
16	587377	85	0
16	587377	86	1
16	587377	87	1
16	587377	88	1
16	587377	89	1
16	587377	90	0.66666666666667
16	587377	91	1
16	587377	92	1
16	587377	93	1
16	587377	94	1
16	587377	95	1
16	587377	96	1
16	587377	97	1
16	587377	98	0.66666666666667
16	587377	99	1
16	587377	100	0
16	587377	101	1
16	587377	102	1
16	587377	103	0.4
16	587377	104	1
16	587377	105	1
16	587377	106	0
16	587377	107	1
16	587377	108	1
16	587377	109	1
16	587377	110	1
16	587377	111	0.5
16	587377	112	1
16	587377	113	0
16	587377	114	1
16	587377	115	1
16	587377	116	1
16	587377	117	0
16	587377	118	0.5
16	587377	119	0
16	587377	120	0
16	587377	121	0
16	587377	122	1
16	587377	123	1
16	587377	124	0.5
16	587377	125	1
16	587377	126	1
16	587377	127	1
16	587377	128	1
16	587377	129	1
16	587377	130	0
16	587377	131	1
16	587377	132	0.66666666666667
16	587377	133	1
16	587377	134	1
16	587377	135	0
16	587377	136	0.5
16	587377	137	1
16	587377	138	0
16	587377	139	0.5
16	587377	140	1
16	587377	141	0.5
16	587377	142	1
16	587377	143	1
16	587377	144	0.83333333333333
16	587377	145	1
16	587377	146	0
16	587377	147	1
16	587377	148	1
16	587377	149	1
16	587377	150	1
16	587377	151	1
16	587377	152	1
16	587377	153	0
16	587377	154	0
16	587377	155	0
16	587377	156	1
16	587377	157	1
16	587377	158	1
16	587377	159	1
16	587377	160	1
16	587377	161	1
16	587377	162	1
16	587377	163	1
16	587377	164	1
16	587377	165	1
16	587377	166	1
16	587377	167	0
16	587377	168	1
16	587377	169	0
16	587377	170	1
16	587377	171	0
16	587377	172	0
16	587377	173	0
16	587377	174	1
16	587377	175	0
16	587377	176	0.5
16	587377	177	1
16	587377	178	1
16	587377	179	1
16	587377	180	1
16	587377	181	1
16	587377	182	1
16	587377	183	0
16	587377	184	0
16	587377	185	0
16	587377	186	1
16	587377	187	1
16	587377	188	0
16	587377	189	1
16	587377	190	1
16	587377	191	1
16	587377	192	1
16	587377	193	1
16	587377	194	1
16	587377	195	0
16	587377	196	0
16	587377	197	1
16	587377	198	0
16	587377	199	1
16	587377	200	1
16	587377	201	1
16	587377	202	0
16	587377	203	1
16	587377	204	1
16	587377	205	1
16	587377	206	0
16	587377	207	1
16	587377	208	1
16	587377	209	0
16	587377	210	0
16	587377	211	1
16	587377	212	1
16	587377	213	1
16	587377	214	0
16	587377	215	1
16	587377	216	1
16	587377	217	1
16	587377	218	0
16	587377	219	0
16	587377	220	0
16	587377	221	0
16	587377	222	0
16	587377	223	0
16	587377	224	0
16	587377	225	1
16	587377	226	1
16	587377	227	0
16	587377	228	0
16	587377	229	1
16	587377	230	1
16	587377	231	0.5
16	587377	232	0
16	587377	233	0
16	587377	234	1
16	587377	235	0
16	587377	236	1
16	587377	237	1
16	587377	238	1
vector 17  abilene_network.client[6]  hdistance[6]  ETV
17	587377	1	0
17	587377	2	0
17	587377	3	0.35
17	587377	4	0
17	587377	5	0
17	587377	6	0
17	587377	7	0.52173913043478
17	587377	8	0
17	587377	9	1.6923076923077
17	587377	10	0.88235294117647
17	587377	11	0.625
17	587377	12	0.090909090909091
17	587377	13	0.14285714285714
17	587377	14	1.4444444444444
17	587377	15	1.4444444444444
17	587377	16	1.1666666666667
17	587377	17	1
17	587377	18	1
17	587377	19	0.88888888888889
17	587377	20	0.63636363636364
17	587377	21	1.75
17	587377	22	1.1666666666667
17	587377	23	1.3333333333333
17	587377	24	2
17	587377	25	2
17	587377	26	0.75
17	587377	27	1
17	587377	28	0.72727272727273
17	587377	29	2
17	587377	30	1.5714285714286
17	587377	31	1.6363636363636
17	587377	32	1.6666666666667
17	587377	33	1.2
17	587377	34	1.75
17	587377	35	2
17	587377	36	1.3333333333333
17	587377	37	2
17	587377	38	0.33333333333333
17	587377	39	1.5
17	587377	40	2
17	587377	41	0.75
17	587377	42	2
17	587377	43	1.3333333333333
17	587377	44	1
17	587377	45	2
17	587377	46	1.75
17	587377	47	0
17	587377	48	0.8
17	587377	49	1.6666666666667
17	587377	50	1.75
17	587377	51	0
17	587377	52	1
17	587377	53	2
17	587377	54	2
17	587377	55	1.6666666666667
17	587377	56	0
17	587377	57	1.3333333333333
17	587377	58	1
17	587377	59	2
17	587377	60	1.75
17	587377	61	2
17	587377	62	2
17	587377	63	2
17	587377	64	2
17	587377	65	1.6
17	587377	66	1.25
17	587377	67	1.4
17	587377	68	1.6666666666667
17	587377	69	2
17	587377	70	1
17	587377	71	0
17	587377	72	2
17	587377	73	2
17	587377	74	1.3333333333333
17	587377	75	0.6
17	587377	76	0
17	587377	77	2
17	587377	78	2
17	587377	79	2
17	587377	80	2
17	587377	81	2
17	587377	82	0
17	587377	83	2
17	587377	84	0
17	587377	85	2
17	587377	86	2
17	587377	87	1.5
17	587377	88	1.5
17	587377	89	1
17	587377	90	2
17	587377	91	1.6666666666667
17	587377	92	2
17	587377	93	2
17	587377	94	2
17	587377	95	2
17	587377	96	1.6666666666667
17	587377	97	0
17	587377	98	0
17	587377	99	1.5
17	587377	100	2
17	587377	101	2
17	587377	102	2
17	587377	103	0
17	587377	104	2
17	587377	105	0
17	587377	106	2
17	587377	107	0
17	587377	108	2
17	587377	109	0
17	587377	110	2
17	587377	111	2
17	587377	112	2
17	587377	113	2
17	587377	114	0
17	587377	115	0
17	587377	116	2
17	587377	117	0
17	587377	118	2
17	587377	119	2
17	587377	120	2
17	587377	121	1.1666666666667
17	587377	122	0
17	587377	123	1.6
17	587377	124	1.5
17	587377	125	1.3333333333333
17	587377	126	0
17	587377	127	2
17	587377	128	2
17	587377	129	0
17	587377	130	2
17	587377	131	2
17	587377	132	2
17	587377	133	2
17	587377	134	1.5
17	587377	135	2
17	587377	136	1
17	587377	137	2
17	587377	138	0
17	587377	139	1
17	587377	140	0
17	587377	141	1.5
17	587377	142	2
17	587377	143	0
17	587377	144	2
17	587377	145	0
17	587377	146	2
17	587377	147	2
17	587377	148	0.5
17	587377	149	2
17	587377	150	2
17	587377	151	2
17	587377	152	0
17	587377	153	2
17	587377	154	0
17	587377	155	2
17	587377	156	2
17	587377	157	0
17	587377	158	0
17	587377	159	2
17	587377	160	0
17	587377	161	2
17	587377	162	2
17	587377	163	2
17	587377	164	0
17	587377	165	2
17	587377	166	0
17	587377	167	0
17	587377	168	2
17	587377	169	0
17	587377	170	0
17	587377	171	0
17	587377	172	2
17	587377	173	2
17	587377	174	2
17	587377	175	2
17	587377	176	2
17	587377	177	0
17	587377	178	2
17	587377	179	0
17	587377	180	2
17	587377	181	0
17	587377	182	0
17	587377	183	2
17	587377	184	0
17	587377	185	2
17	587377	186	2
17	587377	187	2
17	587377	188	0
17	587377	189	1
17	587377	190	0
17	587377	191	0
17	587377	192	1
17	587377	193	2
17	587377	194	2
17	587377	195	2
17	587377	196	2
17	587377	197	1
17	587377	198	0
17	587377	199	2
17	587377	200	2
17	587377	201	2
17	587377	202	0.5
17	587377	203	2
17	587377	204	2
17	587377	205	0
17	587377	206	1
17	587377	207	0
17	587377	208	2
17	587377	209	2
17	587377	210	0
17	587377	211	2
17	587377	212	2
17	587377	213	2
17	587377	214	2
17	587377	215	2
17	587377	216	0
17	587377	217	0
17	587377	218	2
17	587377	219	0
17	587377	220	0
17	587377	221	2
17	587377	222	2
17	587377	223	1
17	587377	224	2
17	587377	225	2
17	587377	226	2
17	587377	227	0
17	587377	228	2
17	587377	229	1.5
17	587377	230	0
17	587377	231	2
17	587377	232	2
17	587377	233	2
17	587377	234	2
17	587377	235	2
17	587377	236	0
17	587377	237	0
17	587377	238	0
vector 18  abilene_network.client[7]  hdistance[7]  ETV
18	587377	1	0
18	587377	2	0
18	587377	3	0
18	587377	4	0
18	587377	5	0
18	587377	6	0
18	587377	7	0
18	587377	8	0.57142857142857
18	587377	9	0
18	587377	10	1.5
18	587377	11	0
18	587377	12	0.66666666666667
18	587377	13	0.9
18	587377	14	2.4444444444444
18	587377	15	0.5
18	587377	16	0
18	587377	17	2.375
18	587377	18	1.9
18	587377	19	1.2222222222222
18	587377	20	0.4
18	587377	21	2.2
18	587377	22	0
18	587377	23	0.125
18	587377	24	2.875
18	587377	25	1.3333333333333
18	587377	26	2.1111111111111
18	587377	27	1.1428571428571
18	587377	28	0.6
18	587377	29	1.6
18	587377	30	0.75
18	587377	31	1.1666666666667
18	587377	32	3
18	587377	33	2
18	587377	34	0
18	587377	35	2.25
18	587377	36	1.5
18	587377	37	2.625
18	587377	38	1.5
18	587377	39	0
18	587377	40	3
18	587377	41	3
18	587377	42	2
18	587377	43	0
18	587377	44	3
18	587377	45	3
18	587377	46	1.5
18	587377	47	2
18	587377	48	1.6666666666667
18	587377	49	2.5
18	587377	50	1.2
18	587377	51	2.2
18	587377	52	3
18	587377	53	3
18	587377	54	2.75
18	587377	55	2
18	587377	56	3
18	587377	57	3
18	587377	58	2.5
18	587377	59	1.2
18	587377	60	2
18	587377	61	1
18	587377	62	0
18	587377	63	2.5
18	587377	64	0.5
18	587377	65	0
18	587377	66	2
18	587377	67	2
18	587377	68	2.5
18	587377	69	2
18	587377	70	1.3333333333333
18	587377	71	1.6666666666667
18	587377	72	2.3333333333333
18	587377	73	2
18	587377	74	2.3333333333333
18	587377	75	2
18	587377	76	1
18	587377	77	3
18	587377	78	0.6
18	587377	79	3
18	587377	80	0
18	587377	81	2.8
18	587377	82	3
18	587377	83	0
18	587377	84	3
18	587377	85	3
18	587377	86	3
18	587377	87	3
18	587377	88	0
18	587377	89	0.5
18	587377	90	0
18	587377	91	1.5
18	587377	92	3
18	587377	93	0
18	587377	94	3
18	587377	95	3
18	587377	96	3
18	587377	97	3
18	587377	98	3
18	587377	99	1.5
18	587377	100	3
18	587377	101	3
18	587377	102	3
18	587377	103	2.25
18	587377	104	3
18	587377	105	3
18	587377	106	3
18	587377	107	1
18	587377	108	0
18	587377	109	3
18	587377	110	3
18	587377	111	2.3333333333333
18	587377	112	0
18	587377	113	0
18	587377	114	1
18	587377	115	3
18	587377	116	0
18	587377	117	1.6666666666667
18	587377	118	3
18	587377	119	3
18	587377	120	1.5
18	587377	121	3
18	587377	122	3
18	587377	123	2
18	587377	124	1.5
18	587377	125	2.75
18	587377	126	3
18	587377	127	0
18	587377	128	0
18	587377	129	3
18	587377	130	0
18	587377	131	3
18	587377	132	0
18	587377	133	3
18	587377	134	0
18	587377	135	3
18	587377	136	2.5
18	587377	137	3
18	587377	138	3
18	587377	139	2.5
18	587377	140	3
18	587377	141	1.5
18	587377	142	0
18	587377	143	3
18	587377	144	0
18	587377	145	3
18	587377	146	2.5
18	587377	147	3
18	587377	148	1
18	587377	149	3
18	587377	150	0
18	587377	151	3
18	587377	152	0
18	587377	153	3
18	587377	154	3
18	587377	155	3
18	587377	156	3
18	587377	157	3
18	587377	158	3
18	587377	159	3
18	587377	160	0
18	587377	161	0
18	587377	162	3
18	587377	163	0
18	587377	164	3
18	587377	165	0
18	587377	166	0
18	587377	167	3
18	587377	168	2
18	587377	169	2.5
18	587377	170	3
18	587377	171	0
18	587377	172	2.5
18	587377	173	0
18	587377	174	3
18	587377	175	3
18	587377	176	0
18	587377	177	0.5
18	587377	178	0
18	587377	179	0
18	587377	180	0
18	587377	181	3
18	587377	182	3
18	587377	183	3
18	587377	184	2
18	587377	185	0
18	587377	186	0
18	587377	187	2.6666666666667
18	587377	188	0
18	587377	189	0
18	587377	190	2.3333333333333
18	587377	191	0
18	587377	192	3
18	587377	193	3
18	587377	194	0
18	587377	195	3
18	587377	196	3
18	587377	197	3
18	587377	198	0
18	587377	199	3
18	587377	200	1.5
18	587377	201	2.5
18	587377	202	3
18	587377	203	2
18	587377	204	2
18	587377	205	0
18	587377	206	3
18	587377	207	3
18	587377	208	3
18	587377	209	3
18	587377	210	0
18	587377	211	0
18	587377	212	2.3333333333333
18	587377	213	3
18	587377	214	3
18	587377	215	2
18	587377	216	0
18	587377	217	0
18	587377	218	0
18	587377	219	0
18	587377	220	0
18	587377	221	0
18	587377	222	0
18	587377	223	1
18	587377	224	0
18	587377	225	3
18	587377	226	0
18	587377	227	2
18	587377	228	0
18	587377	229	0
18	587377	230	3
18	587377	231	0
18	587377	232	0
18	587377	233	0
18	587377	234	3
18	587377	235	3
18	587377	236	3
18	587377	237	0
18	587377	238	0
vector 19  abilene_network.client[8]  hdistance[8]  ETV
19	587377	1	0
19	587377	2	0
19	587377	3	0.025641025641026
19	587377	4	0
19	587377	5	0
19	587377	6	0
19	587377	7	0.066666666666667
19	587377	8	0
19	587377	9	0.0625
19	587377	10	0
19	587377	11	1
19	587377	12	0.090909090909091
19	587377	13	0.5
19	587377	14	0
19	587377	15	0.5
19	587377	16	1
19	587377	17	0
19	587377	18	0
19	587377	19	0
19	587377	20	2
19	587377	21	0
19	587377	22	2.2
19	587377	23	1.1666666666667
19	587377	24	0
19	587377	25	0.33333333333333
19	587377	26	0.66666666666667
19	587377	27	0.3
19	587377	28	1.1666666666667
19	587377	29	3.25
19	587377	30	0.57142857142857
19	587377	31	1.6666666666667
19	587377	32	2.5
19	587377	33	2.3333333333333
19	587377	34	1
19	587377	35	0.2
19	587377	36	1.4
19	587377	37	2
19	587377	38	0
19	587377	39	1.6
19	587377	40	0
19	587377	41	3.3333333333333
19	587377	42	1.6666666666667
19	587377	43	0.4
19	587377	44	0
19	587377	45	0
19	587377	46	2.25
19	587377	47	4
19	587377	48	1.5
19	587377	49	0
19	587377	50	2
19	587377	51	4
19	587377	52	4
19	587377	53	4
19	587377	54	0
19	587377	55	3.75
19	587377	56	4
19	587377	57	2
19	587377	58	3
19	587377	59	2.5
19	587377	60	2
19	587377	61	4
19	587377	62	4
19	587377	63	2.2
19	587377	64	1
19	587377	65	0
19	587377	66	0
19	587377	67	2
19	587377	68	0
19	587377	69	2
19	587377	70	2
19	587377	71	2.5
19	587377	72	4
19	587377	73	0
19	587377	74	2.5
19	587377	75	3
19	587377	76	3
19	587377	77	4
19	587377	78	2
19	587377	79	3.5
19	587377	80	2.5
19	587377	81	1.3333333333333
19	587377	82	2
19	587377	83	3.25
19	587377	84	2
19	587377	85	3.6666666666667
19	587377	86	2.6666666666667
19	587377	87	0
19	587377	88	3
19	587377	89	1.75
19	587377	90	4
19	587377	91	3.5
19	587377	92	4
19	587377	93	4
19	587377	94	0
19	587377	95	4
19	587377	96	3
19	587377	97	3.3333333333333
19	587377	98	4
19	587377	99	1
19	587377	100	3.6666666666667
19	587377	101	4
19	587377	102	4
19	587377	103	4
19	587377	104	3
19	587377	105	4
19	587377	106	3
19	587377	107	1.3333333333333
19	587377	108	0
19	587377	109	1.3333333333333
19	587377	110	4
19	587377	111	3.3333333333333
19	587377	112	4
19	587377	113	3
19	587377	114	2.6666666666667
19	587377	115	3
19	587377	116	4
19	587377	117	4
19	587377	118	4
19	587377	119	3
19	587377	120	2.5
19	587377	121	1
19	587377	122	3
19	587377	123	2
19	587377	124	4
19	587377	125	3
19	587377	126	0
19	587377	127	2.3333333333333
19	587377	128	4
19	587377	129	0
19	587377	130	4
19	587377	131	4
19	587377	132	4
19	587377	133	4
19	587377	134	1
19	587377	135	4
19	587377	136	2.6666666666667
19	587377	137	4
19	587377	138	4
19	587377	139	1.5
19	587377	140	4
19	587377	141	2
19	587377	142	4
19	587377	143	0
19	587377	144	4
19	587377	145	4
19	587377	146	0
19	587377	147	0
19	587377	148	2
19	587377	149	4
19	587377	150	4
19	587377	151	0
19	587377	152	1
19	587377	153	4
19	587377	154	0
19	587377	155	4
19	587377	156	0
19	587377	157	0
19	587377	158	2
19	587377	159	4
19	587377	160	2.5
19	587377	161	4
19	587377	162	4
19	587377	163	3
19	587377	164	3.3333333333333
19	587377	165	4
19	587377	166	4
19	587377	167	4
19	587377	168	4
19	587377	169	3
19	587377	170	4
19	587377	171	4
19	587377	172	0
19	587377	173	4
19	587377	174	4
19	587377	175	0
19	587377	176	0
19	587377	177	2
19	587377	178	4
19	587377	179	4
19	587377	180	2
19	587377	181	0
19	587377	182	4
19	587377	183	4
19	587377	184	0
19	587377	185	0
19	587377	186	0
19	587377	187	0
19	587377	188	4
19	587377	189	3
19	587377	190	0
19	587377	191	1
19	587377	192	0
19	587377	193	0
19	587377	194	4
19	587377	195	4
19	587377	196	4
19	587377	197	4
19	587377	198	0
19	587377	199	0
19	587377	200	1
19	587377	201	4
19	587377	202	4
19	587377	203	4
19	587377	204	4
19	587377	205	4
19	587377	206	4
19	587377	207	4
19	587377	208	0
19	587377	209	0
19	587377	210	4
19	587377	211	0
19	587377	212	3
19	587377	213	4
19	587377	214	4
19	587377	215	2
19	587377	216	4
19	587377	217	4
19	587377	218	4
19	587377	219	4
19	587377	220	4
19	587377	221	3
19	587377	222	4
19	587377	223	0
19	587377	224	4
19	587377	225	4
19	587377	226	0
19	587377	227	4
19	587377	228	4
19	587377	229	2.5
19	587377	230	0
19	587377	231	4
19	587377	232	4
19	587377	233	4
19	587377	234	0
19	587377	235	4
19	587377	236	4
19	587377	237	0
19	587377	238	0
vector 20  abilene_network.client[9]  hdistance[9]  ETV
20	587377	1	0
20	587377	2	0
20	587377	3	0
20	587377	4	0
20	587377	5	0
20	587377	6	0
20	587377	7	0
20	587377	8	0.058823529411765
20	587377	9	0
20	587377	10	1
20	587377	11	0
20	587377	12	0
20	587377	13	0
20	587377	14	1
20	587377	15	0
20	587377	16	0
20	587377	17	1
20	587377	18	0
20	587377	19	0.77777777777778
20	587377	20	0
20	587377	21	0.72727272727273
20	587377	22	2
20	587377	23	1.5714285714286
20	587377	24	1
20	587377	25	1.1666666666667
20	587377	26	1.25
20	587377	27	1.5
20	587377	28	0
20	587377	29	3.5
20	587377	30	2.2222222222222
20	587377	31	0
20	587377	32	0.5
20	587377	33	1
20	587377	34	0
20	587377	35	2.8
20	587377	36	5
20	587377	37	1.6666666666667
20	587377	38	1.4
20	587377	39	2.3333333333333
20	587377	40	3.6666666666667
20	587377	41	0
20	587377	42	1
20	587377	43	1.1666666666667
20	587377	44	0.4
20	587377	45	2
20	587377	46	5
20	587377	47	0
20	587377	48	0
20	587377	49	3.5
20	587377	50	3.6
20	587377	51	3
20	587377	52	0
20	587377	53	3.6666666666667
20	587377	54	2.5
20	587377	55	2
20	587377	56	0
20	587377	57	2.8571428571429
20	587377	58	3
20	587377	59	4
20	587377	60	0
20	587377	61	0
20	587377	62	5
20	587377	63	1.8
20	587377	64	2
20	587377	65	3.3333333333333
20	587377	66	4.3333333333333
20	587377	67	1.375
20	587377	68	0
20	587377	69	5
20	587377	70	1
20	587377	71	0
20	587377	72	0
20	587377	73	0
20	587377	74	0
20	587377	75	5
20	587377	76	4.3333333333333
20	587377	77	5
20	587377	78	3.5
20	587377	79	0.5
20	587377	80	4.3333333333333
20	587377	81	3
20	587377	82	1
20	587377	83	0
20	587377	84	3.3333333333333
20	587377	85	5
20	587377	86	2.5
20	587377	87	5
20	587377	88	1
20	587377	89	2.3333333333333
20	587377	90	0
20	587377	91	0
20	587377	92	5
20	587377	93	0
20	587377	94	3
20	587377	95	0
20	587377	96	0
20	587377	97	5
20	587377	98	5
20	587377	99	3.5
20	587377	100	0
20	587377	101	0
20	587377	102	1
20	587377	103	3
20	587377	104	3
20	587377	105	0
20	587377	106	5
20	587377	107	1.6
20	587377	108	5
20	587377	109	5
20	587377	110	5
20	587377	111	3
20	587377	112	3
20	587377	113	0
20	587377	114	3.6666666666667
20	587377	115	3
20	587377	116	3
20	587377	117	4
20	587377	118	5
20	587377	119	4.5
20	587377	120	0
20	587377	121	2.25
20	587377	122	1.6666666666667
20	587377	123	4.5
20	587377	124	5
20	587377	125	4.5
20	587377	126	5
20	587377	127	2
20	587377	128	3
20	587377	129	0
20	587377	130	0
20	587377	131	2.5
20	587377	132	5
20	587377	133	5
20	587377	134	4
20	587377	135	5
20	587377	136	0
20	587377	137	5
20	587377	138	1
20	587377	139	5
20	587377	140	0
20	587377	141	2
20	587377	142	0
20	587377	143	5
20	587377	144	0
20	587377	145	0
20	587377	146	5
20	587377	147	5
20	587377	148	0
20	587377	149	0
20	587377	150	0
20	587377	151	5
20	587377	152	5
20	587377	153	5
20	587377	154	5
20	587377	155	5
20	587377	156	2
20	587377	157	5
20	587377	158	0
20	587377	159	5
20	587377	160	0
20	587377	161	0
20	587377	162	0
20	587377	163	0
20	587377	164	4
20	587377	165	0
20	587377	166	5
20	587377	167	5
20	587377	168	0
20	587377	169	0
20	587377	170	0
20	587377	171	5
20	587377	172	0
20	587377	173	0
20	587377	174	0
20	587377	175	5
20	587377	176	0
20	587377	177	4
20	587377	178	5
20	587377	179	0
20	587377	180	3.6666666666667
20	587377	181	5
20	587377	182	3.5
20	587377	183	5
20	587377	184	5
20	587377	185	5
20	587377	186	4
20	587377	187	4
20	587377	188	5
20	587377	189	5
20	587377	190	1.5
20	587377	191	3.5
20	587377	192	4
20	587377	193	2
20	587377	194	4
20	587377	195	2.5
20	587377	196	0
20	587377	197	4
20	587377	198	3.5
20	587377	199	0
20	587377	200	5
20	587377	201	5
20	587377	202	0
20	587377	203	4.5
20	587377	204	4
20	587377	205	0
20	587377	206	5
20	587377	207	0
20	587377	208	0
20	587377	209	3
20	587377	210	1
20	587377	211	0
20	587377	212	2
20	587377	213	5
20	587377	214	5
20	587377	215	3
20	587377	216	5
20	587377	217	0
20	587377	218	0
20	587377	219	5
20	587377	220	0
20	587377	221	5
20	587377	222	0
20	587377	223	3
20	587377	224	4
20	587377	225	5
20	587377	226	5
20	587377	227	5
20	587377	228	2
20	587377	229	5
20	587377	230	0
20	587377	231	0
20	587377	232	5
20	587377	233	5
20	587377	234	5
20	587377	235	5
20	587377	236	5
20	587377	237	5
20	587377	238	0
vector 21  abilene_network.client[10]  hdistance[10]  ETV
21	587377	1	0
21	587377	2	0
21	587377	3	0
21	587377	4	0
21	587377	5	0
21	587377	6	0
21	587377	7	0.66666666666667
21	587377	8	0
21	587377	9	0.375
21	587377	10	0
21	587377	11	0
21	587377	12	0
21	587377	13	0
21	587377	14	1
21	587377	15	0
21	587377	16	0.90909090909091
21	587377	17	0
21	587377	18	0
21	587377	19	1.1428571428571
21	587377	20	0.83333333333333
21	587377	21	2.1428571428571
21	587377	22	1
21	587377	23	0
21	587377	24	1.8181818181818
21	587377	25	0
21	587377	26	2.6
21	587377	27	0
21	587377	28	0
21	587377	29	0
21	587377	30	2.6666666666667
21	587377	31	1.5
21	587377	32	0
21	587377	33	0
21	587377	34	1.3333333333333
21	587377	35	0.8
21	587377	36	1.2
21	587377	37	2.4
21	587377	38	0.16666666666667
21	587377	39	6
21	587377	40	1.1428571428571
21	587377	41	2.5
21	587377	42	0
21	587377	43	3.2
21	587377	44	2
21	587377	45	0
21	587377	46	2.6666666666667
21	587377	47	3
21	587377	48	1
21	587377	49	0
21	587377	50	3.25
21	587377	51	0
21	587377	52	2.75
21	587377	53	6
21	587377	54	0
21	587377	55	3.2
21	587377	56	1.75
21	587377	57	0
21	587377	58	2.6666666666667
21	587377	59	4
21	587377	60	6
21	587377	61	1
21	587377	62	0.5
21	587377	63	1
21	587377	64	3
21	587377	65	5
21	587377	66	3
21	587377	67	3
21	587377	68	2
21	587377	69	6
21	587377	70	6
21	587377	71	1
21	587377	72	0
21	587377	73	6
21	587377	74	6
21	587377	75	6
21	587377	76	4
21	587377	77	1
21	587377	78	2.6666666666667
21	587377	79	6
21	587377	80	0
21	587377	81	1
21	587377	82	1
21	587377	83	4
21	587377	84	3
21	587377	85	3
21	587377	86	2
21	587377	87	4
21	587377	88	2.6666666666667
21	587377	89	0
21	587377	90	3
21	587377	91	6
21	587377	92	0
21	587377	93	2.6666666666667
21	587377	94	3.5
21	587377	95	6
21	587377	96	4.6666666666667
21	587377	97	3
21	587377	98	4
21	587377	99	0
21	587377	100	3.2
21	587377	101	0
21	587377	102	5
21	587377	103	3.3333333333333
21	587377	104	3.5
21	587377	105	3.3333333333333
21	587377	106	6
21	587377	107	6
21	587377	108	3.6666666666667
21	587377	109	4.6666666666667
21	587377	110	6
21	587377	111	3
21	587377	112	4
21	587377	113	5
21	587377	114	6
21	587377	115	6
21	587377	116	6
21	587377	117	2
21	587377	118	6
21	587377	119	4
21	587377	120	0
21	587377	121	2.5
21	587377	122	3
21	587377	123	0
21	587377	124	6
21	587377	125	3.6666666666667
21	587377	126	5
21	587377	127	0
21	587377	128	4.5
21	587377	129	6
21	587377	130	0
21	587377	131	0
21	587377	132	0
21	587377	133	0
21	587377	134	6
21	587377	135	6
21	587377	136	5
21	587377	137	1
21	587377	138	5
21	587377	139	4
21	587377	140	3
21	587377	141	0
21	587377	142	6
21	587377	143	6
21	587377	144	6
21	587377	145	6
21	587377	146	6
21	587377	147	6
21	587377	148	6
21	587377	149	3
21	587377	150	6
21	587377	151	6
21	587377	152	4
21	587377	153	0
21	587377	154	6
21	587377	155	6
21	587377	156	0
21	587377	157	0
21	587377	158	6
21	587377	159	6
21	587377	160	3
21	587377	161	6
21	587377	162	6
21	587377	163	5
21	587377	164	0
21	587377	165	4.8
21	587377	166	4
21	587377	167	6
21	587377	168	5
21	587377	169	3.5
21	587377	170	0
21	587377	171	4
21	587377	172	6
21	587377	173	0
21	587377	174	6
21	587377	175	5
21	587377	176	4.5
21	587377	177	4
21	587377	178	0
21	587377	179	6
21	587377	180	6
21	587377	181	4
21	587377	182	3
21	587377	183	6
21	587377	184	0
21	587377	185	0
21	587377	186	2.5
21	587377	187	0
21	587377	188	6
21	587377	189	6
21	587377	190	0
21	587377	191	0
21	587377	192	3
21	587377	193	3
21	587377	194	3
21	587377	195	6
21	587377	196	0
21	587377	197	5
21	587377	198	0
21	587377	199	0
21	587377	200	0
21	587377	201	0
21	587377	202	6
21	587377	203	0
21	587377	204	3
21	587377	205	6
21	587377	206	0
21	587377	207	0
21	587377	208	3
21	587377	209	6
21	587377	210	0
21	587377	211	6
21	587377	212	5
21	587377	213	0
21	587377	214	0
21	587377	215	6
21	587377	216	6
21	587377	217	0
21	587377	218	6
21	587377	219	0
21	587377	220	0
21	587377	221	6
21	587377	222	2
21	587377	223	6
21	587377	224	6
21	587377	225	6
21	587377	226	6
21	587377	227	0
21	587377	228	6
21	587377	229	2
21	587377	230	0
21	587377	231	5.25
21	587377	232	6
21	587377	233	4
21	587377	234	6
21	587377	235	4
21	587377	236	6
21	587377	237	5
21	587377	238	6
