version 2
run General-4-20140103-22:17:54-32212
attr D lce
attr F spr
attr R lru
attr a 1
attr configname General
attr csize 10^2
attr datetime 20140103-22:17:54
attr experiment General
attr inifile omnetpp.ini
attr iterationvars "$net=simple_scenario_cache_in_the_core, $rep=0, $a=1, $F=spr, $ttl=1000, $D=lce, $R=lru, $csize=10^2"
attr iterationvars2 "$net=simple_scenario_cache_in_the_core, $rep=0, $a=1, $F=spr, $ttl=1000, $D=lce, $R=lru, $csize=10^2, $repetition=0"
attr measurement "$net=simple_scenario_cache_in_the_core, $rep=0, $a=1, $F=spr, $ttl=1000, $D=lce, $R=lru, $csize=10^2"
attr net simple_scenario_cache_in_the_core
attr network networks.${net=simple_scenario_cache_in_the_core,simple_scenario_cache_at_border}_network
attr processid 32212
attr rep 0
attr repetition 0
attr replication #0
attr resultdir results
attr runnumber 4
attr seedset 0
attr ttl 1000

vector 24  simple_scenario_cache_in_the_core_network.node[0].content_store  hit_node[0]  ETV
24	1147696	1	0.99944142993936
24	1147696	2	0.98503423021812
24	1147696	3	0.9388246628131
24	1147696	4	0.87759067357513
24	1147696	5	0.81707317073171
24	1147696	6	0.74446583253128
24	1147696	7	0.69284064665127
24	1147696	8	0.64770523594053
24	1147696	9	0.60029828486204
24	1147696	10	0.5648369132856
24	1147696	11	0.4959202175884
24	1147696	12	0.51803885291397
24	1147696	13	0.45881126173097
24	1147696	14	0.43222222222222
24	1147696	15	0.41676646706587
24	1147696	16	0.39648682559598
24	1147696	17	0.39257294429708
24	1147696	18	0.35907859078591
24	1147696	19	0.36476043276662
24	1147696	20	0.3265306122449
24	1147696	21	0.30769230769231
24	1147696	22	0.30518234165067
24	1147696	23	0.30314232902033
24	1147696	24	0.28956834532374
24	1147696	25	0.26061776061776
24	1147696	26	0.24229074889868
24	1147696	27	0.27800829875519
24	1147696	28	0.23981900452489
24	1147696	29	0.23514851485149
24	1147696	30	0.25576036866359
24	1147696	31	0.2589928057554
24	1147696	32	0.19804400977995
24	1147696	33	0.25647668393782
24	1147696	34	0.2382271468144
24	1147696	35	0.22485207100592
24	1147696	36	0.19076923076923
24	1147696	37	0.19435736677116
24	1147696	38	0.19814241486068
24	1147696	39	0.18237082066869
24	1147696	40	0.20872274143302
24	1147696	41	0.20253164556962
24	1147696	42	0.17725752508361
24	1147696	43	0.15331010452962
24	1147696	44	0.13207547169811
24	1147696	45	0.17832167832168
24	1147696	46	0.14432989690722
24	1147696	47	0.14942528735632
24	1147696	48	0.17454545454545
24	1147696	49	0.15702479338843
24	1147696	50	0.10373443983402
24	1147696	51	0.14344262295082
24	1147696	52	0.13333333333333
24	1147696	53	0.15720524017467
24	1147696	54	0.18410041841004
24	1147696	55	0.15348837209302
24	1147696	56	0.15813953488372
24	1147696	57	0.15111111111111
24	1147696	58	0.1256038647343
24	1147696	59	0.15454545454545
24	1147696	60	0.14155251141553
24	1147696	61	0.088397790055249
24	1147696	62	0.13157894736842
24	1147696	63	0.11855670103093
24	1147696	64	0.11538461538462
24	1147696	65	0.11891891891892
24	1147696	66	0.11111111111111
24	1147696	67	0.19117647058824
24	1147696	68	0.13861386138614
24	1147696	69	0.12626262626263
24	1147696	70	0.13513513513514
24	1147696	71	0.10869565217391
24	1147696	72	0.1039603960396
24	1147696	73	0.11111111111111
24	1147696	74	0.095808383233533
24	1147696	75	0.13903743315508
24	1147696	76	0.087837837837838
24	1147696	77	0.14130434782609
24	1147696	78	0.042424242424242
24	1147696	79	0.088050314465409
24	1147696	80	0.1048951048951
24	1147696	81	0.11875
24	1147696	82	0.083333333333333
24	1147696	83	0.066666666666667
24	1147696	84	0.08974358974359
24	1147696	85	0.10071942446043
24	1147696	86	0.1219512195122
24	1147696	87	0.099337748344371
24	1147696	88	0.054263565891473
24	1147696	89	0.099290780141844
24	1147696	90	0.13245033112583
24	1147696	91	0.10791366906475
24	1147696	92	0.080536912751678
24	1147696	93	0.1171875
24	1147696	94	0.096491228070175
24	1147696	95	0.091603053435115
24	1147696	96	0.090909090909091
24	1147696	97	0.066115702479339
24	1147696	98	0.083969465648855
24	1147696	99	0.10416666666667
24	1147696	100	0.069444444444444
24	1147696	101	0.13970588235294
24	1147696	102	0.064516129032258
24	1147696	103	0.049180327868852
24	1147696	104	0.03
24	1147696	105	0.050847457627119
24	1147696	106	0.08029197080292
24	1147696	107	0.087719298245614
24	1147696	108	0.11818181818182
24	1147696	109	0.083333333333333
24	1147696	110	0.15315315315315
24	1147696	111	0.091666666666667
24	1147696	112	0.038834951456311
24	1147696	113	0.085271317829457
24	1147696	114	0.12173913043478
24	1147696	115	0.045045045045045
24	1147696	116	0.077669902912621
24	1147696	117	0.056603773584906
24	1147696	118	0.041237113402062
24	1147696	119	0.09375
24	1147696	120	0.076923076923077
24	1147696	121	0.033707865168539
24	1147696	122	0
24	1147696	123	0.090909090909091
24	1147696	124	0.063636363636364
24	1147696	125	0.081081081081081
24	1147696	126	0.092592592592593
24	1147696	127	0.10909090909091
24	1147696	128	0.070175438596491
24	1147696	129	0.024691358024691
24	1147696	130	0.047619047619048
24	1147696	131	0.061946902654867
24	1147696	132	0.066666666666667
24	1147696	133	0.079646017699115
24	1147696	134	0.061224489795918
24	1147696	135	0.076923076923077
24	1147696	136	0.081395348837209
24	1147696	137	0.053191489361702
24	1147696	138	0.094339622641509
24	1147696	139	0.070707070707071
24	1147696	140	0.02247191011236
24	1147696	141	0.05
24	1147696	142	0.030612244897959
24	1147696	143	0.055555555555556
24	1147696	144	0.033707865168539
24	1147696	145	0.053333333333333
24	1147696	146	0.068965517241379
24	1147696	147	0.047619047619048
24	1147696	148	0.098765432098765
24	1147696	149	0.051282051282051
24	1147696	150	0.013698630136986
24	1147696	151	0.079545454545455
24	1147696	152	0.061728395061728
24	1147696	153	0.061855670103093
24	1147696	154	0.040540540540541
24	1147696	155	0.025316455696203
24	1147696	156	0.08433734939759
24	1147696	157	0
24	1147696	158	0.05
24	1147696	159	0.10126582278481
24	1147696	160	0.038961038961039
24	1147696	161	0.081395348837209
24	1147696	162	0.045454545454545
24	1147696	163	0.013888888888889
24	1147696	164	0.014925373134328
24	1147696	165	0.057471264367816
24	1147696	166	0.10294117647059
24	1147696	167	0.051948051948052
24	1147696	168	0.08641975308642
24	1147696	169	0
24	1147696	170	0.054794520547945
24	1147696	171	0.033333333333333
24	1147696	172	0.1038961038961
24	1147696	173	0.042857142857143
24	1147696	174	0.03125
24	1147696	175	0.015873015873016
24	1147696	176	0.064102564102564
24	1147696	177	0.064935064935065
24	1147696	178	0.077922077922078
24	1147696	179	0.05
24	1147696	180	0.032258064516129
24	1147696	181	0.04
24	1147696	182	0.031746031746032
24	1147696	183	0.027027027027027
24	1147696	184	0.026315789473684
24	1147696	185	0.047619047619048
24	1147696	186	0.029850746268657
24	1147696	187	0.0625
24	1147696	188	0.042857142857143
24	1147696	189	0.03921568627451
24	1147696	190	0.0625
24	1147696	191	0.072463768115942
24	1147696	192	0.038961038961039
24	1147696	193	0.029411764705882
24	1147696	194	0.027397260273973
24	1147696	195	0.037735849056604
24	1147696	196	0.016129032258065
24	1147696	197	0.015384615384615
24	1147696	198	0.095238095238095
24	1147696	199	0.033333333333333
24	1147696	200	0.047619047619048
24	1147696	201	0
24	1147696	202	0.036363636363636
24	1147696	203	0.037037037037037
24	1147696	204	0.032258064516129
24	1147696	205	0.086206896551724
24	1147696	206	0.022727272727273
24	1147696	207	0.044776119402985
24	1147696	208	0.018867924528302
24	1147696	209	0.07843137254902
24	1147696	210	0.047619047619048
24	1147696	211	0.018181818181818
24	1147696	212	0.080645161290323
24	1147696	213	0.048387096774194
24	1147696	214	0.037037037037037
24	1147696	215	0.05
24	1147696	216	0.045454545454545
24	1147696	217	0.036363636363636
24	1147696	218	0.03448275862069
24	1147696	219	0.083333333333333
24	1147696	220	0.10204081632653
24	1147696	221	0
24	1147696	222	0.021739130434783
24	1147696	223	0.044444444444444
24	1147696	224	0.056603773584906
24	1147696	225	0.049180327868852
24	1147696	226	0.047619047619048
24	1147696	227	0
24	1147696	228	0.017857142857143
24	1147696	229	0.018181818181818
24	1147696	230	0.044444444444444
24	1147696	231	0.018181818181818
24	1147696	232	0
24	1147696	233	0.02
24	1147696	234	0.092592592592593
24	1147696	235	0.040816326530612
24	1147696	236	0.057692307692308
24	1147696	237	0.038461538461538
24	1147696	238	0
24	1147696	239	0.047619047619048
24	1147696	240	0
24	1147696	241	0.10416666666667
24	1147696	242	0.021276595744681
24	1147696	243	0
24	1147696	244	0.020408163265306
24	1147696	245	0.048780487804878
24	1147696	246	0
24	1147696	247	0
24	1147696	248	0.035087719298246
24	1147696	249	0.08695652173913
24	1147696	250	0.071428571428571
24	1147696	251	0
24	1147696	252	0
24	1147696	253	0.083333333333333
24	1147696	254	0
24	1147696	255	0.018867924528302
24	1147696	256	0.055555555555556
24	1147696	257	0.03921568627451
24	1147696	258	0.019607843137255
24	1147696	259	0.043478260869565
24	1147696	260	0.021276595744681
24	1147696	261	0
24	1147696	262	0.018181818181818
24	1147696	263	0.05
24	1147696	264	0
24	1147696	265	0
24	1147696	266	0
24	1147696	267	0.096153846153846
24	1147696	268	0.051724137931034
24	1147696	269	0.025641025641026
24	1147696	270	0.021739130434783
24	1147696	271	0.044444444444444
24	1147696	272	0.085106382978723
24	1147696	273	0.020833333333333
24	1147696	274	0.019607843137255
24	1147696	275	0.054054054054054
24	1147696	276	0.027777777777778
24	1147696	277	0
24	1147696	278	0
24	1147696	279	0.066666666666667
24	1147696	280	0
24	1147696	281	0
24	1147696	282	0.085714285714286
24	1147696	283	0.019230769230769
24	1147696	284	0.03125
24	1147696	285	0
24	1147696	286	0
24	1147696	287	0
24	1147696	288	0
24	1147696	289	0
24	1147696	290	0.03921568627451
24	1147696	291	0
24	1147696	292	0.042553191489362
24	1147696	293	0.023809523809524
24	1147696	294	0
24	1147696	295	0.023255813953488
24	1147696	296	0.027777777777778
24	1147696	297	0.032258064516129
24	1147696	298	0
24	1147696	299	0
24	1147696	300	0.05
24	1147696	301	0.041666666666667
24	1147696	302	0.047619047619048
24	1147696	303	0
24	1147696	304	0
24	1147696	305	0
24	1147696	306	0.035714285714286
24	1147696	307	0.022727272727273
24	1147696	308	0.027027027027027
24	1147696	309	0.12121212121212
24	1147696	310	0.024390243902439
24	1147696	311	0
24	1147696	312	0.025
24	1147696	313	0.017543859649123
24	1147696	314	0
24	1147696	315	0
24	1147696	316	0.051282051282051
24	1147696	317	0.025641025641026
24	1147696	318	0
24	1147696	319	0.023809523809524
24	1147696	320	0
24	1147696	321	0.045454545454545
24	1147696	322	0.023255813953488
24	1147696	323	0.078947368421053
24	1147696	324	0.028571428571429
24	1147696	325	0.023809523809524
24	1147696	326	0.047619047619048
24	1147696	327	0.027777777777778
24	1147696	328	0.045454545454545
24	1147696	329	0
24	1147696	330	0
24	1147696	331	0
24	1147696	332	0
24	1147696	333	0
24	1147696	334	0.037037037037037
24	1147696	335	0
24	1147696	336	0
24	1147696	337	0.023809523809524
24	1147696	338	0
24	1147696	339	0
24	1147696	340	0.046511627906977
24	1147696	341	0
24	1147696	342	0.03448275862069
24	1147696	343	0.025641025641026
24	1147696	344	0
24	1147696	345	0
24	1147696	346	0.03030303030303
24	1147696	347	0.026315789473684
24	1147696	348	0
24	1147696	349	0.03030303030303
24	1147696	350	0.038461538461538
24	1147696	351	0
24	1147696	352	0
24	1147696	353	0.068181818181818
24	1147696	354	0.027777777777778
24	1147696	355	0
24	1147696	356	0.025641025641026
24	1147696	357	0.060606060606061
24	1147696	358	0.029411764705882
24	1147696	359	0.027027027027027
24	1147696	360	0.03448275862069
24	1147696	361	0
24	1147696	362	0.057142857142857
24	1147696	363	0.065217391304348
24	1147696	364	0.068965517241379
24	1147696	365	0
24	1147696	366	0
24	1147696	367	0.027777777777778
24	1147696	368	0.055555555555556
24	1147696	369	0
24	1147696	370	0
24	1147696	371	0
24	1147696	372	0.03448275862069
24	1147696	373	0.032258064516129
24	1147696	374	0
24	1147696	375	0.03125
24	1147696	376	0.032258064516129
24	1147696	377	0
24	1147696	378	0.032258064516129
24	1147696	379	0.026315789473684
24	1147696	380	0.033333333333333
24	1147696	381	0
24	1147696	382	0.029411764705882
24	1147696	383	0.041666666666667
24	1147696	384	0.029411764705882
24	1147696	385	0.071428571428571
24	1147696	386	0.08
24	1147696	387	0.035714285714286
24	1147696	388	0.11111111111111
24	1147696	389	0.032258064516129
24	1147696	390	0.03448275862069
24	1147696	391	0.060606060606061
24	1147696	392	0
24	1147696	393	0
24	1147696	394	0.1
24	1147696	395	0
24	1147696	396	0.027027027027027
24	1147696	397	0.043478260869565
24	1147696	398	0
24	1147696	399	0
24	1147696	400	0.028571428571429
24	1147696	401	0.028571428571429
24	1147696	402	0.0625
24	1147696	403	0.054054054054054
24	1147696	404	0
24	1147696	405	0.051282051282051
24	1147696	406	0.032258064516129
24	1147696	407	0
24	1147696	408	0.03125
24	1147696	409	0.064516129032258
24	1147696	410	0
24	1147696	411	0
24	1147696	412	0
24	1147696	413	0.0625
24	1147696	414	0.03125
24	1147696	415	0
24	1147696	416	0.090909090909091
24	1147696	417	0
24	1147696	418	0
24	1147696	419	0
24	1147696	420	0.03030303030303
24	1147696	421	0.03448275862069
24	1147696	422	0.035714285714286
24	1147696	423	0.10344827586207
24	1147696	424	0.027777777777778
24	1147696	425	0
24	1147696	426	0.026315789473684
24	1147696	427	0.083333333333333
24	1147696	428	0
24	1147696	429	0.03030303030303
24	1147696	430	0.083333333333333
24	1147696	431	0.041666666666667
24	1147696	432	0.08695652173913
24	1147696	433	0.090909090909091
24	1147696	434	0
24	1147696	435	0.027027027027027
24	1147696	436	0
24	1147696	437	0
24	1147696	438	0.027027027027027
24	1147696	439	0
24	1147696	440	0
24	1147696	441	0
24	1147696	442	0.029411764705882
24	1147696	443	0
24	1147696	444	0
24	1147696	445	0
24	1147696	446	0
24	1147696	447	0.032258064516129
24	1147696	448	0
24	1147696	449	0
24	1147696	450	0.03448275862069
24	1147696	451	0
24	1147696	452	0
24	1147696	453	0
24	1147696	454	0.038461538461538
24	1147696	455	0.037037037037037
24	1147696	456	0
24	1147696	457	0.027777777777778
24	1147696	458	0.03030303030303
24	1147696	459	0
24	1147696	460	0.068965517241379
24	1147696	461	0.055555555555556
24	1147696	462	0.11538461538462
24	1147696	463	0
24	1147696	464	0
24	1147696	465	0.032258064516129
24	1147696	466	0
24	1147696	467	0.052631578947368
24	1147696	468	0.028571428571429
24	1147696	469	0.043478260869565
24	1147696	470	0
24	1147696	471	0.1
24	1147696	472	0.033333333333333
24	1147696	473	0
24	1147696	474	0
24	1147696	475	0
24	1147696	476	0
24	1147696	477	0
24	1147696	478	0
24	1147696	479	0
24	1147696	480	0.083333333333333
24	1147696	481	0
24	1147696	482	0
24	1147696	483	0.043478260869565
24	1147696	484	0
24	1147696	485	0
24	1147696	486	0
24	1147696	487	0
24	1147696	488	0
24	1147696	489	0
24	1147696	490	0.03125
24	1147696	491	0
24	1147696	492	0
24	1147696	493	0
24	1147696	494	0
24	1147696	495	0.041666666666667
24	1147696	496	0
24	1147696	497	0
24	1147696	498	0
24	1147696	499	0
24	1147696	500	0
24	1147696	501	0
24	1147696	502	0
24	1147696	503	0.029411764705882
24	1147696	504	0
24	1147696	505	0.052631578947368
24	1147696	506	0.055555555555556
24	1147696	507	0
24	1147696	508	0
24	1147696	509	0.035714285714286
24	1147696	510	0.032258064516129
24	1147696	511	0
24	1147696	512	0
24	1147696	513	0
24	1147696	514	0.04
24	1147696	515	0.058823529411765
24	1147696	516	0
24	1147696	517	0
24	1147696	518	0
24	1147696	519	0.0625
24	1147696	520	0
24	1147696	521	0
24	1147696	522	0
24	1147696	523	0
24	1147696	524	0.035714285714286
24	1147696	525	0
24	1147696	526	0
24	1147696	527	0.03448275862069
24	1147696	528	0
24	1147696	529	0
24	1147696	530	0
24	1147696	531	0
24	1147696	532	0.032258064516129
24	1147696	533	0.10344827586207
24	1147696	534	0.03125
24	1147696	535	0
24	1147696	536	0
24	1147696	537	0
24	1147696	538	0
24	1147696	539	0
24	1147696	540	0
24	1147696	541	0
24	1147696	542	0
24	1147696	543	0
24	1147696	544	0
24	1147696	545	0.03030303030303
24	1147696	546	0
24	1147696	547	0.066666666666667
24	1147696	548	0
24	1147696	549	0
24	1147696	550	0
24	1147696	551	0.074074074074074
24	1147696	552	0
24	1147696	553	0
24	1147696	554	0
24	1147696	555	0
24	1147696	556	0
24	1147696	557	0
24	1147696	558	0.0625
24	1147696	559	0
24	1147696	560	0
24	1147696	561	0
24	1147696	562	0.037037037037037
24	1147696	563	0.071428571428571
24	1147696	564	0
24	1147696	565	0
24	1147696	566	0
24	1147696	567	0
24	1147696	568	0.05
24	1147696	569	0
24	1147696	570	0.047619047619048
24	1147696	571	0
24	1147696	572	0
24	1147696	573	0.041666666666667
24	1147696	574	0
24	1147696	575	0.041666666666667
24	1147696	576	0
24	1147696	577	0
24	1147696	578	0
24	1147696	579	0
24	1147696	580	0.11111111111111
24	1147696	581	0
24	1147696	582	0
24	1147696	583	0.037037037037037
24	1147696	584	0.052631578947368
24	1147696	585	0.083333333333333
24	1147696	586	0
24	1147696	587	0.037037037037037
24	1147696	588	0
24	1147696	589	0
24	1147696	590	0.043478260869565
24	1147696	591	0
24	1147696	592	0
24	1147696	593	0.047619047619048
24	1147696	594	0
24	1147696	595	0
24	1147696	596	0.05
24	1147696	597	0
24	1147696	598	0.12
24	1147696	599	0
24	1147696	600	0
24	1147696	601	0
24	1147696	602	0
24	1147696	603	0
24	1147696	604	0.058823529411765
24	1147696	605	0
24	1147696	606	0
24	1147696	607	0
24	1147696	608	0.058823529411765
24	1147696	609	0
24	1147696	610	0
24	1147696	611	0
24	1147696	612	0
24	1147696	613	0
24	1147696	614	0
24	1147696	615	0.047619047619048
24	1147696	616	0
24	1147696	617	0
24	1147696	618	0
24	1147696	619	0
24	1147696	620	0
24	1147696	621	0.047619047619048
24	1147696	622	0.090909090909091
24	1147696	623	0
24	1147696	624	0
24	1147696	625	0
24	1147696	626	0.052631578947368
24	1147696	627	0.055555555555556
24	1147696	628	0
24	1147696	629	0
24	1147696	630	0
24	1147696	631	0
24	1147696	632	0
24	1147696	633	0
24	1147696	634	0
24	1147696	635	0
24	1147696	636	0
24	1147696	637	0
24	1147696	638	0.076923076923077
24	1147696	639	0
24	1147696	640	0
24	1147696	641	0
24	1147696	642	0
24	1147696	643	0.058823529411765
24	1147696	644	0
24	1147696	645	0
24	1147696	646	0
24	1147696	647	0.058823529411765
24	1147696	648	0
24	1147696	649	0
24	1147696	650	0
24	1147696	651	0
24	1147696	652	0
24	1147696	653	0.047619047619048
24	1147696	654	0
24	1147696	655	0
24	1147696	656	0.047619047619048
24	1147696	657	0
24	1147696	658	0
24	1147696	659	0
24	1147696	660	0
24	1147696	661	0
24	1147696	662	0
24	1147696	663	0
24	1147696	664	0
24	1147696	665	0.041666666666667
24	1147696	666	0
24	1147696	667	0
24	1147696	668	0
24	1147696	669	0
24	1147696	670	0
24	1147696	671	0
24	1147696	672	0
24	1147696	673	0.04
24	1147696	674	0
24	1147696	675	0
24	1147696	676	0
24	1147696	677	0
24	1147696	678	0
24	1147696	679	0
24	1147696	680	0
24	1147696	681	0
24	1147696	682	0
24	1147696	683	0
24	1147696	684	0
24	1147696	685	0.0625
24	1147696	686	0.058823529411765
24	1147696	687	0
24	1147696	688	0
24	1147696	689	0
24	1147696	690	0
24	1147696	691	0
24	1147696	692	0.041666666666667
24	1147696	693	0
24	1147696	694	0
24	1147696	695	0
24	1147696	696	0
24	1147696	697	0
24	1147696	698	0
24	1147696	699	0
24	1147696	700	0.066666666666667
24	1147696	701	0
24	1147696	702	0
24	1147696	703	0
24	1147696	704	0
24	1147696	705	0
24	1147696	706	0
24	1147696	707	0
24	1147696	708	0
24	1147696	709	0
24	1147696	710	0
24	1147696	711	0
24	1147696	712	0
24	1147696	713	0
24	1147696	714	0
24	1147696	715	0.058823529411765
24	1147696	716	0
24	1147696	717	0
24	1147696	718	0
24	1147696	719	0.047619047619048
24	1147696	720	0.058823529411765
24	1147696	721	0
24	1147696	722	0.055555555555556
24	1147696	723	0
24	1147696	724	0
24	1147696	725	0
24	1147696	726	0.15789473684211
24	1147696	727	0
24	1147696	728	0
24	1147696	729	0
24	1147696	730	0
24	1147696	731	0
24	1147696	732	0
24	1147696	733	0
24	1147696	734	0
24	1147696	735	0
24	1147696	736	0
24	1147696	737	0.066666666666667
24	1147696	738	0
24	1147696	739	0
24	1147696	740	0
24	1147696	741	0
24	1147696	742	0
24	1147696	743	0
24	1147696	744	0
24	1147696	745	0
24	1147696	746	0
24	1147696	747	0
24	1147696	748	0
24	1147696	749	0
24	1147696	750	0
vector 25  simple_scenario_cache_in_the_core_network.node[1].content_store  hit_node[1]  ETV
25	1147696	1	0
25	1147696	2	-nan
25	1147696	3	-nan
25	1147696	4	0
25	1147696	5	-nan
25	1147696	6	-nan
25	1147696	7	-nan
25	1147696	8	-nan
25	1147696	9	-nan
25	1147696	10	-nan
25	1147696	11	-nan
25	1147696	12	0
25	1147696	13	0
25	1147696	14	-nan
25	1147696	15	0
25	1147696	16	0
25	1147696	17	0
25	1147696	18	0
25	1147696	19	0
25	1147696	20	-nan
25	1147696	21	0
25	1147696	22	-nan
25	1147696	23	-nan
25	1147696	24	0
25	1147696	25	0
25	1147696	26	-nan
25	1147696	27	-nan
25	1147696	28	-nan
25	1147696	29	-nan
25	1147696	30	0
25	1147696	31	-nan
25	1147696	32	0
25	1147696	33	-nan
25	1147696	34	0
25	1147696	35	-nan
25	1147696	36	-nan
25	1147696	37	0
25	1147696	38	-nan
25	1147696	39	-nan
25	1147696	40	0
25	1147696	41	0
25	1147696	42	-nan
25	1147696	43	0
25	1147696	44	-nan
25	1147696	45	-nan
25	1147696	46	-nan
25	1147696	47	-nan
25	1147696	48	-nan
25	1147696	49	0
25	1147696	50	-nan
25	1147696	51	0
25	1147696	52	-nan
25	1147696	53	-nan
25	1147696	54	-nan
25	1147696	55	-nan
25	1147696	56	0
25	1147696	57	-nan
25	1147696	58	0
25	1147696	59	0
25	1147696	60	-nan
25	1147696	61	-nan
25	1147696	62	0
25	1147696	63	-nan
25	1147696	64	0
25	1147696	65	-nan
25	1147696	66	0
25	1147696	67	0
25	1147696	68	0
25	1147696	69	0
25	1147696	70	0
25	1147696	71	-nan
25	1147696	72	-nan
25	1147696	73	0
25	1147696	74	0
25	1147696	75	0
25	1147696	76	-nan
25	1147696	77	-nan
25	1147696	78	0
25	1147696	79	-nan
25	1147696	80	0
25	1147696	81	0
25	1147696	82	-nan
25	1147696	83	0
25	1147696	84	-nan
25	1147696	85	-nan
25	1147696	86	-nan
25	1147696	87	-nan
25	1147696	88	-nan
25	1147696	89	-nan
25	1147696	90	0
25	1147696	91	-nan
25	1147696	92	-nan
25	1147696	93	0
25	1147696	94	0
25	1147696	95	-nan
25	1147696	96	0
25	1147696	97	0
25	1147696	98	-nan
25	1147696	99	-nan
25	1147696	100	0
25	1147696	101	-nan
25	1147696	102	0
25	1147696	103	0
25	1147696	104	-nan
25	1147696	105	0
25	1147696	106	0
25	1147696	107	0
25	1147696	108	-nan
25	1147696	109	-nan
25	1147696	110	0
25	1147696	111	-nan
25	1147696	112	0
25	1147696	113	0
25	1147696	114	0
25	1147696	115	0
25	1147696	116	0
25	1147696	117	-nan
25	1147696	118	0
25	1147696	119	-nan
25	1147696	120	0
25	1147696	121	-nan
25	1147696	122	-nan
25	1147696	123	-nan
25	1147696	124	-nan
25	1147696	125	-nan
25	1147696	126	0
25	1147696	127	-nan
25	1147696	128	-nan
25	1147696	129	-nan
25	1147696	130	-nan
25	1147696	131	0
25	1147696	132	-nan
25	1147696	133	-nan
25	1147696	134	0
25	1147696	135	0
25	1147696	136	-nan
25	1147696	137	0
25	1147696	138	0
25	1147696	139	0
25	1147696	140	0
25	1147696	141	-nan
25	1147696	142	-nan
25	1147696	143	0
25	1147696	144	0
25	1147696	145	-nan
25	1147696	146	0
25	1147696	147	-nan
25	1147696	148	-nan
25	1147696	149	-nan
25	1147696	150	-nan
25	1147696	151	0
25	1147696	152	0
25	1147696	153	0
25	1147696	154	-nan
25	1147696	155	0
25	1147696	156	-nan
25	1147696	157	-nan
25	1147696	158	-nan
25	1147696	159	0
25	1147696	160	-nan
25	1147696	161	0
25	1147696	162	0
25	1147696	163	-nan
25	1147696	164	0
25	1147696	165	-nan
25	1147696	166	-nan
25	1147696	167	0
25	1147696	168	0
25	1147696	169	-nan
25	1147696	170	0
25	1147696	171	-nan
25	1147696	172	0
25	1147696	173	-nan
25	1147696	174	0
25	1147696	175	-nan
25	1147696	176	0
25	1147696	177	-nan
25	1147696	178	0
25	1147696	179	0
25	1147696	180	0
25	1147696	181	-nan
25	1147696	182	0
25	1147696	183	-nan
25	1147696	184	0
25	1147696	185	-nan
25	1147696	186	0
25	1147696	187	0
25	1147696	188	0
25	1147696	189	0
25	1147696	190	0
25	1147696	191	-nan
25	1147696	192	0
25	1147696	193	0
25	1147696	194	-nan
25	1147696	195	0
25	1147696	196	0
25	1147696	197	0
25	1147696	198	-nan
25	1147696	199	0
25	1147696	200	0
25	1147696	201	-nan
25	1147696	202	0
25	1147696	203	-nan
25	1147696	204	0
25	1147696	205	0
25	1147696	206	-nan
25	1147696	207	-nan
25	1147696	208	0
25	1147696	209	0
25	1147696	210	0
25	1147696	211	-nan
25	1147696	212	-nan
25	1147696	213	0
25	1147696	214	0
25	1147696	215	0
25	1147696	216	0
25	1147696	217	0
25	1147696	218	-nan
25	1147696	219	0
25	1147696	220	-nan
25	1147696	221	0
25	1147696	222	0
25	1147696	223	0
25	1147696	224	-nan
25	1147696	225	-nan
25	1147696	226	-nan
25	1147696	227	0
25	1147696	228	0
25	1147696	229	-nan
25	1147696	230	-nan
25	1147696	231	-nan
25	1147696	232	-nan
25	1147696	233	0
25	1147696	234	0
25	1147696	235	0
25	1147696	236	-nan
25	1147696	237	-nan
25	1147696	238	0
25	1147696	239	-nan
25	1147696	240	0
25	1147696	241	0
25	1147696	242	-nan
25	1147696	243	0
25	1147696	244	-nan
25	1147696	245	-nan
25	1147696	246	-nan
25	1147696	247	-nan
25	1147696	248	0
25	1147696	249	0
25	1147696	250	0
25	1147696	251	-nan
25	1147696	252	-nan
25	1147696	253	-nan
25	1147696	254	0
25	1147696	255	-nan
25	1147696	256	-nan
25	1147696	257	-nan
25	1147696	258	-nan
25	1147696	259	0
25	1147696	260	0
25	1147696	261	-nan
25	1147696	262	-nan
25	1147696	263	0
25	1147696	264	0
25	1147696	265	0
25	1147696	266	-nan
25	1147696	267	-nan
25	1147696	268	0
25	1147696	269	-nan
25	1147696	270	-nan
25	1147696	271	-nan
25	1147696	272	-nan
25	1147696	273	-nan
25	1147696	274	0
25	1147696	275	0
25	1147696	276	0
25	1147696	277	-nan
25	1147696	278	0
25	1147696	279	-nan
25	1147696	280	0
25	1147696	281	-nan
25	1147696	282	-nan
25	1147696	283	0
25	1147696	284	0
25	1147696	285	0
25	1147696	286	-nan
25	1147696	287	0
25	1147696	288	0
25	1147696	289	-nan
25	1147696	290	-nan
25	1147696	291	-nan
25	1147696	292	-nan
25	1147696	293	0
25	1147696	294	-nan
25	1147696	295	0
25	1147696	296	0
25	1147696	297	0
25	1147696	298	0
25	1147696	299	-nan
25	1147696	300	-nan
25	1147696	301	-nan
25	1147696	302	0
25	1147696	303	-nan
25	1147696	304	0
25	1147696	305	0
25	1147696	306	-nan
25	1147696	307	-nan
25	1147696	308	-nan
25	1147696	309	-nan
25	1147696	310	-nan
25	1147696	311	-nan
25	1147696	312	0
25	1147696	313	0
25	1147696	314	-nan
25	1147696	315	-nan
25	1147696	316	-nan
25	1147696	317	-nan
25	1147696	318	-nan
25	1147696	319	-nan
25	1147696	320	-nan
25	1147696	321	-nan
25	1147696	322	-nan
25	1147696	323	-nan
25	1147696	324	0
25	1147696	325	0
25	1147696	326	0
25	1147696	327	0
25	1147696	328	-nan
25	1147696	329	-nan
25	1147696	330	-nan
25	1147696	331	0
25	1147696	332	-nan
25	1147696	333	-nan
25	1147696	334	-nan
25	1147696	335	-nan
25	1147696	336	-nan
25	1147696	337	-nan
25	1147696	338	-nan
25	1147696	339	0
25	1147696	340	0
25	1147696	341	0
25	1147696	342	0
25	1147696	343	-nan
25	1147696	344	-nan
25	1147696	345	0
25	1147696	346	-nan
25	1147696	347	0
25	1147696	348	0
25	1147696	349	-nan
25	1147696	350	0
25	1147696	351	-nan
25	1147696	352	0
25	1147696	353	-nan
25	1147696	354	0
25	1147696	355	0
25	1147696	356	0
25	1147696	357	0
25	1147696	358	-nan
25	1147696	359	-nan
25	1147696	360	-nan
25	1147696	361	0
25	1147696	362	-nan
25	1147696	363	0
25	1147696	364	-nan
25	1147696	365	0
25	1147696	366	0
25	1147696	367	0
25	1147696	368	0
25	1147696	369	-nan
25	1147696	370	-nan
25	1147696	371	-nan
25	1147696	372	0
25	1147696	373	-nan
25	1147696	374	0
25	1147696	375	0
25	1147696	376	-nan
25	1147696	377	-nan
25	1147696	378	-nan
25	1147696	379	0
25	1147696	380	-nan
25	1147696	381	-nan
25	1147696	382	0
25	1147696	383	-nan
25	1147696	384	0
25	1147696	385	-nan
25	1147696	386	-nan
25	1147696	387	0
25	1147696	388	0
25	1147696	389	-nan
25	1147696	390	-nan
25	1147696	391	0
25	1147696	392	-nan
25	1147696	393	-nan
25	1147696	394	-nan
25	1147696	395	-nan
25	1147696	396	-nan
25	1147696	397	-nan
25	1147696	398	0
25	1147696	399	0
25	1147696	400	-nan
25	1147696	401	0
25	1147696	402	-nan
25	1147696	403	0
25	1147696	404	0
25	1147696	405	-nan
25	1147696	406	-nan
25	1147696	407	-nan
25	1147696	408	-nan
25	1147696	409	-nan
25	1147696	410	0
25	1147696	411	-nan
25	1147696	412	-nan
25	1147696	413	-nan
25	1147696	414	0
25	1147696	415	0
25	1147696	416	-nan
25	1147696	417	-nan
25	1147696	418	0
25	1147696	419	-nan
25	1147696	420	-nan
25	1147696	421	-nan
25	1147696	422	0
25	1147696	423	0
25	1147696	424	0
25	1147696	425	-nan
25	1147696	426	0
25	1147696	427	0
25	1147696	428	0
25	1147696	429	0
25	1147696	430	0
25	1147696	431	0
25	1147696	432	-nan
25	1147696	433	-nan
25	1147696	434	-nan
25	1147696	435	0
25	1147696	436	0
25	1147696	437	-nan
25	1147696	438	-nan
25	1147696	439	-nan
25	1147696	440	0
25	1147696	441	-nan
25	1147696	442	0
25	1147696	443	-nan
25	1147696	444	0
25	1147696	445	-nan
25	1147696	446	-nan
25	1147696	447	-nan
25	1147696	448	0
25	1147696	449	-nan
25	1147696	450	0
25	1147696	451	0
25	1147696	452	-nan
25	1147696	453	0
25	1147696	454	-nan
25	1147696	455	0
25	1147696	456	0
25	1147696	457	-nan
25	1147696	458	0
25	1147696	459	0
25	1147696	460	0
25	1147696	461	0
25	1147696	462	0
25	1147696	463	0
25	1147696	464	0
25	1147696	465	0
25	1147696	466	0
25	1147696	467	-nan
25	1147696	468	0
25	1147696	469	-nan
25	1147696	470	-nan
25	1147696	471	0
25	1147696	472	-nan
25	1147696	473	-nan
25	1147696	474	-nan
25	1147696	475	0
25	1147696	476	0
25	1147696	477	-nan
25	1147696	478	-nan
25	1147696	479	-nan
25	1147696	480	-nan
25	1147696	481	0
25	1147696	482	-nan
25	1147696	483	0
25	1147696	484	-nan
25	1147696	485	0
25	1147696	486	0
25	1147696	487	0
25	1147696	488	0
25	1147696	489	-nan
25	1147696	490	-nan
25	1147696	491	-nan
25	1147696	492	-nan
25	1147696	493	-nan
25	1147696	494	0
25	1147696	495	-nan
25	1147696	496	0
25	1147696	497	-nan
25	1147696	498	0
25	1147696	499	-nan
25	1147696	500	0
25	1147696	501	-nan
25	1147696	502	-nan
25	1147696	503	0
25	1147696	504	0
25	1147696	505	0
25	1147696	506	-nan
25	1147696	507	-nan
25	1147696	508	-nan
25	1147696	509	0
25	1147696	510	0
25	1147696	511	-nan
25	1147696	512	0
25	1147696	513	0
25	1147696	514	-nan
25	1147696	515	0
25	1147696	516	0
25	1147696	517	0
25	1147696	518	-nan
25	1147696	519	0
25	1147696	520	-nan
25	1147696	521	0
25	1147696	522	-nan
25	1147696	523	0
25	1147696	524	-nan
25	1147696	525	-nan
25	1147696	526	0
25	1147696	527	0
25	1147696	528	-nan
25	1147696	529	0
25	1147696	530	-nan
25	1147696	531	0
25	1147696	532	-nan
25	1147696	533	0
25	1147696	534	0
25	1147696	535	0
25	1147696	536	0
25	1147696	537	-nan
25	1147696	538	-nan
25	1147696	539	0
25	1147696	540	-nan
25	1147696	541	0
25	1147696	542	-nan
25	1147696	543	-nan
25	1147696	544	0
25	1147696	545	-nan
25	1147696	546	0
25	1147696	547	0
25	1147696	548	0
25	1147696	549	0
25	1147696	550	0
25	1147696	551	-nan
25	1147696	552	-nan
25	1147696	553	0
25	1147696	554	0
25	1147696	555	0
25	1147696	556	0
25	1147696	557	-nan
25	1147696	558	-nan
25	1147696	559	0
25	1147696	560	0
25	1147696	561	-nan
25	1147696	562	0
25	1147696	563	-nan
25	1147696	564	-nan
25	1147696	565	-nan
25	1147696	566	-nan
25	1147696	567	-nan
25	1147696	568	-nan
25	1147696	569	-nan
25	1147696	570	-nan
25	1147696	571	-nan
25	1147696	572	-nan
25	1147696	573	-nan
25	1147696	574	0
25	1147696	575	0
25	1147696	576	-nan
25	1147696	577	-nan
25	1147696	578	-nan
25	1147696	579	-nan
25	1147696	580	0
25	1147696	581	0
25	1147696	582	-nan
25	1147696	583	0
25	1147696	584	0
25	1147696	585	-nan
25	1147696	586	0
25	1147696	587	-nan
25	1147696	588	0
25	1147696	589	-nan
25	1147696	590	0
25	1147696	591	0
25	1147696	592	-nan
25	1147696	593	0
25	1147696	594	0
25	1147696	595	0
25	1147696	596	0
25	1147696	597	0
25	1147696	598	-nan
25	1147696	599	0
25	1147696	600	-nan
25	1147696	601	0
25	1147696	602	0
25	1147696	603	-nan
25	1147696	604	-nan
25	1147696	605	-nan
25	1147696	606	-nan
25	1147696	607	0
25	1147696	608	0
25	1147696	609	-nan
25	1147696	610	0
25	1147696	611	-nan
25	1147696	612	-nan
25	1147696	613	-nan
25	1147696	614	-nan
25	1147696	615	0
25	1147696	616	0
25	1147696	617	-nan
25	1147696	618	0
25	1147696	619	0
25	1147696	620	-nan
25	1147696	621	-nan
25	1147696	622	-nan
25	1147696	623	0
25	1147696	624	0
25	1147696	625	0
25	1147696	626	-nan
25	1147696	627	-nan
25	1147696	628	0
25	1147696	629	-nan
25	1147696	630	0
25	1147696	631	0
25	1147696	632	0
25	1147696	633	-nan
25	1147696	634	-nan
25	1147696	635	0
25	1147696	636	-nan
25	1147696	637	0
25	1147696	638	-nan
25	1147696	639	0
25	1147696	640	0
25	1147696	641	-nan
25	1147696	642	0
25	1147696	643	0
25	1147696	644	0
25	1147696	645	0
25	1147696	646	0
25	1147696	647	-nan
25	1147696	648	-nan
25	1147696	649	-nan
25	1147696	650	-nan
25	1147696	651	-nan
25	1147696	652	-nan
25	1147696	653	-nan
25	1147696	654	-nan
25	1147696	655	0
25	1147696	656	0
25	1147696	657	0
25	1147696	658	0
25	1147696	659	-nan
25	1147696	660	-nan
25	1147696	661	-nan
25	1147696	662	-nan
25	1147696	663	0
25	1147696	664	-nan
25	1147696	665	0
25	1147696	666	0
25	1147696	667	-nan
25	1147696	668	-nan
25	1147696	669	-nan
25	1147696	670	0
25	1147696	671	-nan
25	1147696	672	-nan
25	1147696	673	-nan
25	1147696	674	0
25	1147696	675	-nan
25	1147696	676	-nan
25	1147696	677	-nan
25	1147696	678	-nan
25	1147696	679	-nan
25	1147696	680	0
25	1147696	681	0
25	1147696	682	-nan
25	1147696	683	0
25	1147696	684	0
25	1147696	685	0
25	1147696	686	-nan
25	1147696	687	0
25	1147696	688	-nan
25	1147696	689	0
25	1147696	690	-nan
25	1147696	691	0
25	1147696	692	-nan
25	1147696	693	-nan
25	1147696	694	0
25	1147696	695	-nan
25	1147696	696	0
25	1147696	697	0
25	1147696	698	0
25	1147696	699	-nan
25	1147696	700	0
25	1147696	701	-nan
25	1147696	702	0
25	1147696	703	-nan
25	1147696	704	-nan
25	1147696	705	0
25	1147696	706	-nan
25	1147696	707	-nan
25	1147696	708	0
25	1147696	709	-nan
25	1147696	710	-nan
25	1147696	711	-nan
25	1147696	712	-nan
25	1147696	713	-nan
25	1147696	714	0
25	1147696	715	0
25	1147696	716	-nan
25	1147696	717	-nan
25	1147696	718	-nan
25	1147696	719	-nan
25	1147696	720	0
25	1147696	721	-nan
25	1147696	722	0
25	1147696	723	0
25	1147696	724	-nan
25	1147696	725	0
25	1147696	726	-nan
25	1147696	727	0
25	1147696	728	-nan
25	1147696	729	-nan
25	1147696	730	0
25	1147696	731	-nan
25	1147696	732	-nan
25	1147696	733	0
25	1147696	734	-nan
25	1147696	735	0
25	1147696	736	0
25	1147696	737	0
25	1147696	738	0
25	1147696	739	-nan
25	1147696	740	0
25	1147696	741	0
25	1147696	742	-nan
25	1147696	743	0
25	1147696	744	0
25	1147696	745	0
25	1147696	746	-nan
25	1147696	747	0
25	1147696	748	-nan
25	1147696	749	0
25	1147696	750	0
vector 26  simple_scenario_cache_in_the_core_network.node[2].content_store  hit_node[2]  ETV
26	1147696	1	-nan
26	1147696	2	0
26	1147696	3	0
26	1147696	4	-nan
26	1147696	5	0
26	1147696	6	0
26	1147696	7	0
26	1147696	8	0
26	1147696	9	0
26	1147696	10	0
26	1147696	11	0
26	1147696	12	-nan
26	1147696	13	-nan
26	1147696	14	0
26	1147696	15	-nan
26	1147696	16	-nan
26	1147696	17	-nan
26	1147696	18	-nan
26	1147696	19	-nan
26	1147696	20	0
26	1147696	21	-nan
26	1147696	22	0
26	1147696	23	0
26	1147696	24	-nan
26	1147696	25	-nan
26	1147696	26	0
26	1147696	27	0
26	1147696	28	0
26	1147696	29	0
26	1147696	30	-nan
26	1147696	31	0
26	1147696	32	-nan
26	1147696	33	0
26	1147696	34	-nan
26	1147696	35	0
26	1147696	36	0
26	1147696	37	-nan
26	1147696	38	0
26	1147696	39	0
26	1147696	40	-nan
26	1147696	41	-nan
26	1147696	42	0
26	1147696	43	-nan
26	1147696	44	0
26	1147696	45	0
26	1147696	46	0
26	1147696	47	0
26	1147696	48	0
26	1147696	49	-nan
26	1147696	50	0
26	1147696	51	-nan
26	1147696	52	0
26	1147696	53	0
26	1147696	54	0
26	1147696	55	0
26	1147696	56	-nan
26	1147696	57	0
26	1147696	58	-nan
26	1147696	59	-nan
26	1147696	60	0
26	1147696	61	0
26	1147696	62	-nan
26	1147696	63	0
26	1147696	64	-nan
26	1147696	65	0
26	1147696	66	-nan
26	1147696	67	-nan
26	1147696	68	-nan
26	1147696	69	-nan
26	1147696	70	-nan
26	1147696	71	0
26	1147696	72	0
26	1147696	73	-nan
26	1147696	74	-nan
26	1147696	75	-nan
26	1147696	76	0
26	1147696	77	0
26	1147696	78	-nan
26	1147696	79	0
26	1147696	80	-nan
26	1147696	81	-nan
26	1147696	82	0
26	1147696	83	-nan
26	1147696	84	0
26	1147696	85	0
26	1147696	86	0
26	1147696	87	0
26	1147696	88	0
26	1147696	89	0
26	1147696	90	-nan
26	1147696	91	0
26	1147696	92	0
26	1147696	93	-nan
26	1147696	94	-nan
26	1147696	95	0
26	1147696	96	-nan
26	1147696	97	-nan
26	1147696	98	0
26	1147696	99	0
26	1147696	100	-nan
26	1147696	101	0
26	1147696	102	-nan
26	1147696	103	-nan
26	1147696	104	0
26	1147696	105	-nan
26	1147696	106	-nan
26	1147696	107	-nan
26	1147696	108	0
26	1147696	109	0
26	1147696	110	-nan
26	1147696	111	0
26	1147696	112	-nan
26	1147696	113	-nan
26	1147696	114	-nan
26	1147696	115	-nan
26	1147696	116	-nan
26	1147696	117	0
26	1147696	118	-nan
26	1147696	119	0
26	1147696	120	-nan
26	1147696	121	0
26	1147696	122	0
26	1147696	123	0
26	1147696	124	0
26	1147696	125	0
26	1147696	126	-nan
26	1147696	127	0
26	1147696	128	0
26	1147696	129	0
26	1147696	130	0
26	1147696	131	-nan
26	1147696	132	0
26	1147696	133	0
26	1147696	134	-nan
26	1147696	135	-nan
26	1147696	136	0
26	1147696	137	-nan
26	1147696	138	-nan
26	1147696	139	-nan
26	1147696	140	-nan
26	1147696	141	0
26	1147696	142	0
26	1147696	143	-nan
26	1147696	144	-nan
26	1147696	145	0
26	1147696	146	-nan
26	1147696	147	0
26	1147696	148	0
26	1147696	149	0
26	1147696	150	0
26	1147696	151	-nan
26	1147696	152	-nan
26	1147696	153	-nan
26	1147696	154	0
26	1147696	155	-nan
26	1147696	156	0
26	1147696	157	0
26	1147696	158	0
26	1147696	159	-nan
26	1147696	160	0
26	1147696	161	-nan
26	1147696	162	-nan
26	1147696	163	0
26	1147696	164	-nan
26	1147696	165	0
26	1147696	166	0
26	1147696	167	-nan
26	1147696	168	-nan
26	1147696	169	0
26	1147696	170	-nan
26	1147696	171	0
26	1147696	172	-nan
26	1147696	173	0
26	1147696	174	-nan
26	1147696	175	0
26	1147696	176	-nan
26	1147696	177	0
26	1147696	178	-nan
26	1147696	179	-nan
26	1147696	180	-nan
26	1147696	181	0
26	1147696	182	-nan
26	1147696	183	0
26	1147696	184	-nan
26	1147696	185	0
26	1147696	186	-nan
26	1147696	187	-nan
26	1147696	188	-nan
26	1147696	189	-nan
26	1147696	190	-nan
26	1147696	191	0
26	1147696	192	-nan
26	1147696	193	-nan
26	1147696	194	0
26	1147696	195	-nan
26	1147696	196	-nan
26	1147696	197	-nan
26	1147696	198	0
26	1147696	199	-nan
26	1147696	200	-nan
26	1147696	201	0
26	1147696	202	-nan
26	1147696	203	0
26	1147696	204	-nan
26	1147696	205	-nan
26	1147696	206	0
26	1147696	207	0
26	1147696	208	-nan
26	1147696	209	-nan
26	1147696	210	-nan
26	1147696	211	0
26	1147696	212	0
26	1147696	213	-nan
26	1147696	214	-nan
26	1147696	215	-nan
26	1147696	216	-nan
26	1147696	217	-nan
26	1147696	218	0
26	1147696	219	-nan
26	1147696	220	0
26	1147696	221	-nan
26	1147696	222	-nan
26	1147696	223	-nan
26	1147696	224	0
26	1147696	225	0
26	1147696	226	0
26	1147696	227	-nan
26	1147696	228	-nan
26	1147696	229	0
26	1147696	230	0
26	1147696	231	0
26	1147696	232	0
26	1147696	233	-nan
26	1147696	234	-nan
26	1147696	235	-nan
26	1147696	236	0
26	1147696	237	0
26	1147696	238	-nan
26	1147696	239	0
26	1147696	240	-nan
26	1147696	241	-nan
26	1147696	242	0
26	1147696	243	-nan
26	1147696	244	0
26	1147696	245	0
26	1147696	246	0
26	1147696	247	0
26	1147696	248	-nan
26	1147696	249	-nan
26	1147696	250	-nan
26	1147696	251	0
26	1147696	252	0
26	1147696	253	0
26	1147696	254	-nan
26	1147696	255	0
26	1147696	256	0
26	1147696	257	0
26	1147696	258	0
26	1147696	259	-nan
26	1147696	260	-nan
26	1147696	261	0
26	1147696	262	0
26	1147696	263	-nan
26	1147696	264	-nan
26	1147696	265	-nan
26	1147696	266	0
26	1147696	267	0
26	1147696	268	-nan
26	1147696	269	0
26	1147696	270	0
26	1147696	271	0
26	1147696	272	0
26	1147696	273	0
26	1147696	274	-nan
26	1147696	275	-nan
26	1147696	276	-nan
26	1147696	277	0
26	1147696	278	-nan
26	1147696	279	0
26	1147696	280	-nan
26	1147696	281	0
26	1147696	282	0
26	1147696	283	-nan
26	1147696	284	-nan
26	1147696	285	-nan
26	1147696	286	0
26	1147696	287	-nan
26	1147696	288	-nan
26	1147696	289	0
26	1147696	290	0
26	1147696	291	0
26	1147696	292	0
26	1147696	293	-nan
26	1147696	294	0
26	1147696	295	-nan
26	1147696	296	-nan
26	1147696	297	-nan
26	1147696	298	-nan
26	1147696	299	0
26	1147696	300	0
26	1147696	301	0
26	1147696	302	-nan
26	1147696	303	0
26	1147696	304	-nan
26	1147696	305	-nan
26	1147696	306	0
26	1147696	307	0
26	1147696	308	0
26	1147696	309	0
26	1147696	310	0
26	1147696	311	0
26	1147696	312	-nan
26	1147696	313	-nan
26	1147696	314	0
26	1147696	315	0
26	1147696	316	0
26	1147696	317	0
26	1147696	318	0
26	1147696	319	0
26	1147696	320	0
26	1147696	321	0
26	1147696	322	0
26	1147696	323	0
26	1147696	324	-nan
26	1147696	325	-nan
26	1147696	326	-nan
26	1147696	327	-nan
26	1147696	328	0
26	1147696	329	0
26	1147696	330	0
26	1147696	331	-nan
26	1147696	332	0
26	1147696	333	0
26	1147696	334	0
26	1147696	335	0
26	1147696	336	0
26	1147696	337	0
26	1147696	338	0
26	1147696	339	-nan
26	1147696	340	-nan
26	1147696	341	-nan
26	1147696	342	-nan
26	1147696	343	0
26	1147696	344	0
26	1147696	345	-nan
26	1147696	346	0
26	1147696	347	-nan
26	1147696	348	-nan
26	1147696	349	0
26	1147696	350	-nan
26	1147696	351	0
26	1147696	352	-nan
26	1147696	353	0
26	1147696	354	-nan
26	1147696	355	-nan
26	1147696	356	-nan
26	1147696	357	-nan
26	1147696	358	0
26	1147696	359	0
26	1147696	360	0
26	1147696	361	-nan
26	1147696	362	0
26	1147696	363	-nan
26	1147696	364	0
26	1147696	365	-nan
26	1147696	366	-nan
26	1147696	367	-nan
26	1147696	368	-nan
26	1147696	369	0
26	1147696	370	0
26	1147696	371	0
26	1147696	372	-nan
26	1147696	373	0
26	1147696	374	-nan
26	1147696	375	-nan
26	1147696	376	0
26	1147696	377	0
26	1147696	378	0
26	1147696	379	-nan
26	1147696	380	0
26	1147696	381	0
26	1147696	382	-nan
26	1147696	383	0
26	1147696	384	-nan
26	1147696	385	0
26	1147696	386	0
26	1147696	387	-nan
26	1147696	388	-nan
26	1147696	389	0
26	1147696	390	0
26	1147696	391	-nan
26	1147696	392	0
26	1147696	393	0
26	1147696	394	0
26	1147696	395	0
26	1147696	396	0
26	1147696	397	0
26	1147696	398	-nan
26	1147696	399	-nan
26	1147696	400	0
26	1147696	401	-nan
26	1147696	402	0
26	1147696	403	-nan
26	1147696	404	-nan
26	1147696	405	0
26	1147696	406	0
26	1147696	407	0
26	1147696	408	0
26	1147696	409	0
26	1147696	410	-nan
26	1147696	411	0
26	1147696	412	0
26	1147696	413	0
26	1147696	414	-nan
26	1147696	415	-nan
26	1147696	416	0
26	1147696	417	0
26	1147696	418	-nan
26	1147696	419	0
26	1147696	420	0
26	1147696	421	0
26	1147696	422	-nan
26	1147696	423	-nan
26	1147696	424	-nan
26	1147696	425	0
26	1147696	426	-nan
26	1147696	427	-nan
26	1147696	428	-nan
26	1147696	429	-nan
26	1147696	430	-nan
26	1147696	431	-nan
26	1147696	432	0
26	1147696	433	0
26	1147696	434	0
26	1147696	435	-nan
26	1147696	436	-nan
26	1147696	437	0
26	1147696	438	0
26	1147696	439	0
26	1147696	440	-nan
26	1147696	441	0
26	1147696	442	-nan
26	1147696	443	0
26	1147696	444	-nan
26	1147696	445	0
26	1147696	446	0
26	1147696	447	0
26	1147696	448	-nan
26	1147696	449	0
26	1147696	450	-nan
26	1147696	451	-nan
26	1147696	452	0
26	1147696	453	-nan
26	1147696	454	0
26	1147696	455	-nan
26	1147696	456	-nan
26	1147696	457	0
26	1147696	458	-nan
26	1147696	459	-nan
26	1147696	460	-nan
26	1147696	461	-nan
26	1147696	462	-nan
26	1147696	463	-nan
26	1147696	464	-nan
26	1147696	465	-nan
26	1147696	466	-nan
26	1147696	467	0
26	1147696	468	-nan
26	1147696	469	0
26	1147696	470	0
26	1147696	471	-nan
26	1147696	472	0
26	1147696	473	0
26	1147696	474	0
26	1147696	475	-nan
26	1147696	476	-nan
26	1147696	477	0
26	1147696	478	0
26	1147696	479	0
26	1147696	480	0
26	1147696	481	-nan
26	1147696	482	0
26	1147696	483	-nan
26	1147696	484	0
26	1147696	485	-nan
26	1147696	486	-nan
26	1147696	487	-nan
26	1147696	488	-nan
26	1147696	489	0
26	1147696	490	0
26	1147696	491	0
26	1147696	492	0
26	1147696	493	0
26	1147696	494	-nan
26	1147696	495	0
26	1147696	496	-nan
26	1147696	497	0
26	1147696	498	-nan
26	1147696	499	0
26	1147696	500	-nan
26	1147696	501	0
26	1147696	502	0
26	1147696	503	-nan
26	1147696	504	-nan
26	1147696	505	-nan
26	1147696	506	0
26	1147696	507	0
26	1147696	508	0
26	1147696	509	-nan
26	1147696	510	-nan
26	1147696	511	0
26	1147696	512	-nan
26	1147696	513	-nan
26	1147696	514	0
26	1147696	515	-nan
26	1147696	516	-nan
26	1147696	517	-nan
26	1147696	518	0
26	1147696	519	-nan
26	1147696	520	0
26	1147696	521	-nan
26	1147696	522	0
26	1147696	523	-nan
26	1147696	524	0
26	1147696	525	0
26	1147696	526	-nan
26	1147696	527	-nan
26	1147696	528	0
26	1147696	529	-nan
26	1147696	530	0
26	1147696	531	-nan
26	1147696	532	0
26	1147696	533	-nan
26	1147696	534	-nan
26	1147696	535	-nan
26	1147696	536	-nan
26	1147696	537	0
26	1147696	538	0
26	1147696	539	-nan
26	1147696	540	0
26	1147696	541	-nan
26	1147696	542	0
26	1147696	543	0
26	1147696	544	-nan
26	1147696	545	0
26	1147696	546	-nan
26	1147696	547	-nan
26	1147696	548	-nan
26	1147696	549	-nan
26	1147696	550	-nan
26	1147696	551	0
26	1147696	552	0
26	1147696	553	-nan
26	1147696	554	-nan
26	1147696	555	-nan
26	1147696	556	-nan
26	1147696	557	0
26	1147696	558	0
26	1147696	559	-nan
26	1147696	560	-nan
26	1147696	561	0
26	1147696	562	-nan
26	1147696	563	0
26	1147696	564	0
26	1147696	565	0
26	1147696	566	0
26	1147696	567	0
26	1147696	568	0
26	1147696	569	0
26	1147696	570	0
26	1147696	571	0
26	1147696	572	0
26	1147696	573	0
26	1147696	574	-nan
26	1147696	575	-nan
26	1147696	576	0
26	1147696	577	0
26	1147696	578	0
26	1147696	579	0
26	1147696	580	-nan
26	1147696	581	-nan
26	1147696	582	0
26	1147696	583	-nan
26	1147696	584	-nan
26	1147696	585	0
26	1147696	586	-nan
26	1147696	587	0
26	1147696	588	-nan
26	1147696	589	0
26	1147696	590	-nan
26	1147696	591	-nan
26	1147696	592	0
26	1147696	593	-nan
26	1147696	594	-nan
26	1147696	595	-nan
26	1147696	596	-nan
26	1147696	597	-nan
26	1147696	598	0
26	1147696	599	-nan
26	1147696	600	0
26	1147696	601	-nan
26	1147696	602	-nan
26	1147696	603	0
26	1147696	604	0
26	1147696	605	0
26	1147696	606	0
26	1147696	607	-nan
26	1147696	608	-nan
26	1147696	609	0
26	1147696	610	-nan
26	1147696	611	0
26	1147696	612	0
26	1147696	613	0
26	1147696	614	0
26	1147696	615	-nan
26	1147696	616	-nan
26	1147696	617	0
26	1147696	618	-nan
26	1147696	619	-nan
26	1147696	620	0
26	1147696	621	0
26	1147696	622	0
26	1147696	623	-nan
26	1147696	624	-nan
26	1147696	625	-nan
26	1147696	626	0
26	1147696	627	0
26	1147696	628	-nan
26	1147696	629	0
26	1147696	630	-nan
26	1147696	631	-nan
26	1147696	632	-nan
26	1147696	633	0
26	1147696	634	0
26	1147696	635	-nan
26	1147696	636	0
26	1147696	637	-nan
26	1147696	638	0
26	1147696	639	-nan
26	1147696	640	-nan
26	1147696	641	0
26	1147696	642	-nan
26	1147696	643	-nan
26	1147696	644	-nan
26	1147696	645	-nan
26	1147696	646	-nan
26	1147696	647	0
26	1147696	648	0
26	1147696	649	0
26	1147696	650	0
26	1147696	651	0
26	1147696	652	0
26	1147696	653	0
26	1147696	654	0
26	1147696	655	-nan
26	1147696	656	-nan
26	1147696	657	-nan
26	1147696	658	-nan
26	1147696	659	0
26	1147696	660	0
26	1147696	661	0
26	1147696	662	0
26	1147696	663	-nan
26	1147696	664	0
26	1147696	665	-nan
26	1147696	666	-nan
26	1147696	667	0
26	1147696	668	0
26	1147696	669	0
26	1147696	670	-nan
26	1147696	671	0
26	1147696	672	0
26	1147696	673	0
26	1147696	674	-nan
26	1147696	675	0
26	1147696	676	0
26	1147696	677	0
26	1147696	678	0
26	1147696	679	0
26	1147696	680	-nan
26	1147696	681	-nan
26	1147696	682	0
26	1147696	683	-nan
26	1147696	684	-nan
26	1147696	685	-nan
26	1147696	686	0
26	1147696	687	-nan
26	1147696	688	0
26	1147696	689	-nan
26	1147696	690	0
26	1147696	691	-nan
26	1147696	692	0
26	1147696	693	0
26	1147696	694	-nan
26	1147696	695	0
26	1147696	696	-nan
26	1147696	697	-nan
26	1147696	698	-nan
26	1147696	699	0
26	1147696	700	-nan
26	1147696	701	0
26	1147696	702	-nan
26	1147696	703	0
26	1147696	704	0
26	1147696	705	-nan
26	1147696	706	0
26	1147696	707	0
26	1147696	708	-nan
26	1147696	709	0
26	1147696	710	0
26	1147696	711	0
26	1147696	712	0
26	1147696	713	0
26	1147696	714	-nan
26	1147696	715	-nan
26	1147696	716	0
26	1147696	717	0
26	1147696	718	0
26	1147696	719	0
26	1147696	720	-nan
26	1147696	721	0
26	1147696	722	-nan
26	1147696	723	-nan
26	1147696	724	0
26	1147696	725	-nan
26	1147696	726	0
26	1147696	727	-nan
26	1147696	728	0
26	1147696	729	0
26	1147696	730	-nan
26	1147696	731	0
26	1147696	732	0
26	1147696	733	-nan
26	1147696	734	0
26	1147696	735	-nan
26	1147696	736	-nan
26	1147696	737	-nan
26	1147696	738	-nan
26	1147696	739	0
26	1147696	740	-nan
26	1147696	741	-nan
26	1147696	742	0
26	1147696	743	-nan
26	1147696	744	-nan
26	1147696	745	-nan
26	1147696	746	0
26	1147696	747	-nan
26	1147696	748	0
26	1147696	749	-nan
26	1147696	750	-nan
vector 27  simple_scenario_cache_in_the_core_network.node[3].content_store  hit_node[3]  ETV
27	1147696	1	0
27	1147696	2	-nan
27	1147696	3	-nan
27	1147696	4	0
27	1147696	5	-nan
27	1147696	6	-nan
27	1147696	7	-nan
27	1147696	8	-nan
27	1147696	9	-nan
27	1147696	10	-nan
27	1147696	11	-nan
27	1147696	12	0
27	1147696	13	0
27	1147696	14	-nan
27	1147696	15	0
27	1147696	16	0
27	1147696	17	0
27	1147696	18	0
27	1147696	19	0
27	1147696	20	-nan
27	1147696	21	0
27	1147696	22	-nan
27	1147696	23	-nan
27	1147696	24	0
27	1147696	25	0
27	1147696	26	-nan
27	1147696	27	-nan
27	1147696	28	-nan
27	1147696	29	-nan
27	1147696	30	0
27	1147696	31	-nan
27	1147696	32	0
27	1147696	33	-nan
27	1147696	34	0
27	1147696	35	-nan
27	1147696	36	-nan
27	1147696	37	0
27	1147696	38	-nan
27	1147696	39	-nan
27	1147696	40	0
27	1147696	41	0
27	1147696	42	-nan
27	1147696	43	0
27	1147696	44	-nan
27	1147696	45	-nan
27	1147696	46	-nan
27	1147696	47	-nan
27	1147696	48	-nan
27	1147696	49	0
27	1147696	50	-nan
27	1147696	51	0
27	1147696	52	-nan
27	1147696	53	-nan
27	1147696	54	-nan
27	1147696	55	-nan
27	1147696	56	0
27	1147696	57	-nan
27	1147696	58	0
27	1147696	59	0
27	1147696	60	-nan
27	1147696	61	-nan
27	1147696	62	0
27	1147696	63	-nan
27	1147696	64	0
27	1147696	65	-nan
27	1147696	66	0
27	1147696	67	0
27	1147696	68	0
27	1147696	69	0
27	1147696	70	0
27	1147696	71	-nan
27	1147696	72	-nan
27	1147696	73	0
27	1147696	74	0
27	1147696	75	0
27	1147696	76	-nan
27	1147696	77	-nan
27	1147696	78	0
27	1147696	79	-nan
27	1147696	80	0
27	1147696	81	0
27	1147696	82	-nan
27	1147696	83	0
27	1147696	84	-nan
27	1147696	85	-nan
27	1147696	86	-nan
27	1147696	87	-nan
27	1147696	88	-nan
27	1147696	89	-nan
27	1147696	90	0
27	1147696	91	-nan
27	1147696	92	-nan
27	1147696	93	0
27	1147696	94	0
27	1147696	95	-nan
27	1147696	96	0
27	1147696	97	0
27	1147696	98	-nan
27	1147696	99	-nan
27	1147696	100	0
27	1147696	101	-nan
27	1147696	102	0
27	1147696	103	0
27	1147696	104	-nan
27	1147696	105	0
27	1147696	106	0
27	1147696	107	0
27	1147696	108	-nan
27	1147696	109	-nan
27	1147696	110	0
27	1147696	111	-nan
27	1147696	112	0
27	1147696	113	0
27	1147696	114	0
27	1147696	115	0
27	1147696	116	0
27	1147696	117	-nan
27	1147696	118	0
27	1147696	119	-nan
27	1147696	120	0
27	1147696	121	-nan
27	1147696	122	-nan
27	1147696	123	-nan
27	1147696	124	-nan
27	1147696	125	-nan
27	1147696	126	0
27	1147696	127	-nan
27	1147696	128	-nan
27	1147696	129	-nan
27	1147696	130	-nan
27	1147696	131	0
27	1147696	132	-nan
27	1147696	133	-nan
27	1147696	134	0
27	1147696	135	0
27	1147696	136	-nan
27	1147696	137	0
27	1147696	138	0
27	1147696	139	0
27	1147696	140	0
27	1147696	141	-nan
27	1147696	142	-nan
27	1147696	143	0
27	1147696	144	0
27	1147696	145	-nan
27	1147696	146	0
27	1147696	147	-nan
27	1147696	148	-nan
27	1147696	149	-nan
27	1147696	150	-nan
27	1147696	151	0
27	1147696	152	0
27	1147696	153	0
27	1147696	154	-nan
27	1147696	155	0
27	1147696	156	-nan
27	1147696	157	-nan
27	1147696	158	-nan
27	1147696	159	0
27	1147696	160	-nan
27	1147696	161	0
27	1147696	162	0
27	1147696	163	-nan
27	1147696	164	0
27	1147696	165	-nan
27	1147696	166	-nan
27	1147696	167	0
27	1147696	168	0
27	1147696	169	-nan
27	1147696	170	0
27	1147696	171	-nan
27	1147696	172	0
27	1147696	173	-nan
27	1147696	174	0
27	1147696	175	-nan
27	1147696	176	0
27	1147696	177	-nan
27	1147696	178	0
27	1147696	179	0
27	1147696	180	0
27	1147696	181	-nan
27	1147696	182	0
27	1147696	183	-nan
27	1147696	184	0
27	1147696	185	-nan
27	1147696	186	0
27	1147696	187	0
27	1147696	188	0
27	1147696	189	0
27	1147696	190	0
27	1147696	191	-nan
27	1147696	192	0
27	1147696	193	0
27	1147696	194	-nan
27	1147696	195	0
27	1147696	196	0
27	1147696	197	0
27	1147696	198	-nan
27	1147696	199	0
27	1147696	200	0
27	1147696	201	-nan
27	1147696	202	0
27	1147696	203	-nan
27	1147696	204	0
27	1147696	205	0
27	1147696	206	-nan
27	1147696	207	-nan
27	1147696	208	0
27	1147696	209	0
27	1147696	210	0
27	1147696	211	-nan
27	1147696	212	-nan
27	1147696	213	0
27	1147696	214	0
27	1147696	215	0
27	1147696	216	0
27	1147696	217	0
27	1147696	218	-nan
27	1147696	219	0
27	1147696	220	-nan
27	1147696	221	0
27	1147696	222	0
27	1147696	223	0
27	1147696	224	-nan
27	1147696	225	-nan
27	1147696	226	-nan
27	1147696	227	0
27	1147696	228	0
27	1147696	229	-nan
27	1147696	230	-nan
27	1147696	231	-nan
27	1147696	232	-nan
27	1147696	233	0
27	1147696	234	0
27	1147696	235	0
27	1147696	236	-nan
27	1147696	237	-nan
27	1147696	238	0
27	1147696	239	-nan
27	1147696	240	0
27	1147696	241	0
27	1147696	242	-nan
27	1147696	243	0
27	1147696	244	-nan
27	1147696	245	-nan
27	1147696	246	-nan
27	1147696	247	-nan
27	1147696	248	0
27	1147696	249	0
27	1147696	250	0
27	1147696	251	-nan
27	1147696	252	-nan
27	1147696	253	-nan
27	1147696	254	0
27	1147696	255	-nan
27	1147696	256	-nan
27	1147696	257	-nan
27	1147696	258	-nan
27	1147696	259	0
27	1147696	260	0
27	1147696	261	-nan
27	1147696	262	-nan
27	1147696	263	0
27	1147696	264	0
27	1147696	265	0
27	1147696	266	-nan
27	1147696	267	-nan
27	1147696	268	0
27	1147696	269	-nan
27	1147696	270	-nan
27	1147696	271	-nan
27	1147696	272	-nan
27	1147696	273	-nan
27	1147696	274	0
27	1147696	275	0
27	1147696	276	0
27	1147696	277	-nan
27	1147696	278	0
27	1147696	279	-nan
27	1147696	280	0
27	1147696	281	-nan
27	1147696	282	-nan
27	1147696	283	0
27	1147696	284	0
27	1147696	285	0
27	1147696	286	-nan
27	1147696	287	0
27	1147696	288	0
27	1147696	289	-nan
27	1147696	290	-nan
27	1147696	291	-nan
27	1147696	292	-nan
27	1147696	293	0
27	1147696	294	-nan
27	1147696	295	0
27	1147696	296	0
27	1147696	297	0
27	1147696	298	0
27	1147696	299	-nan
27	1147696	300	-nan
27	1147696	301	-nan
27	1147696	302	0
27	1147696	303	-nan
27	1147696	304	0
27	1147696	305	0
27	1147696	306	-nan
27	1147696	307	-nan
27	1147696	308	-nan
27	1147696	309	-nan
27	1147696	310	-nan
27	1147696	311	-nan
27	1147696	312	0
27	1147696	313	0
27	1147696	314	-nan
27	1147696	315	-nan
27	1147696	316	-nan
27	1147696	317	-nan
27	1147696	318	-nan
27	1147696	319	-nan
27	1147696	320	-nan
27	1147696	321	-nan
27	1147696	322	-nan
27	1147696	323	-nan
27	1147696	324	0
27	1147696	325	0
27	1147696	326	0
27	1147696	327	0
27	1147696	328	-nan
27	1147696	329	-nan
27	1147696	330	-nan
27	1147696	331	0
27	1147696	332	-nan
27	1147696	333	-nan
27	1147696	334	-nan
27	1147696	335	-nan
27	1147696	336	-nan
27	1147696	337	-nan
27	1147696	338	-nan
27	1147696	339	0
27	1147696	340	0
27	1147696	341	0
27	1147696	342	0
27	1147696	343	-nan
27	1147696	344	-nan
27	1147696	345	0
27	1147696	346	-nan
27	1147696	347	0
27	1147696	348	0
27	1147696	349	-nan
27	1147696	350	0
27	1147696	351	-nan
27	1147696	352	0
27	1147696	353	-nan
27	1147696	354	0
27	1147696	355	0
27	1147696	356	0
27	1147696	357	0
27	1147696	358	-nan
27	1147696	359	-nan
27	1147696	360	-nan
27	1147696	361	0
27	1147696	362	-nan
27	1147696	363	0
27	1147696	364	-nan
27	1147696	365	0
27	1147696	366	0
27	1147696	367	0
27	1147696	368	0
27	1147696	369	-nan
27	1147696	370	-nan
27	1147696	371	-nan
27	1147696	372	0
27	1147696	373	-nan
27	1147696	374	0
27	1147696	375	0
27	1147696	376	-nan
27	1147696	377	-nan
27	1147696	378	-nan
27	1147696	379	0
27	1147696	380	-nan
27	1147696	381	-nan
27	1147696	382	0
27	1147696	383	-nan
27	1147696	384	0
27	1147696	385	-nan
27	1147696	386	-nan
27	1147696	387	0
27	1147696	388	0
27	1147696	389	-nan
27	1147696	390	-nan
27	1147696	391	0
27	1147696	392	-nan
27	1147696	393	-nan
27	1147696	394	-nan
27	1147696	395	-nan
27	1147696	396	-nan
27	1147696	397	-nan
27	1147696	398	0
27	1147696	399	0
27	1147696	400	-nan
27	1147696	401	0
27	1147696	402	-nan
27	1147696	403	0
27	1147696	404	0
27	1147696	405	-nan
27	1147696	406	-nan
27	1147696	407	-nan
27	1147696	408	-nan
27	1147696	409	-nan
27	1147696	410	0
27	1147696	411	-nan
27	1147696	412	-nan
27	1147696	413	-nan
27	1147696	414	0
27	1147696	415	0
27	1147696	416	-nan
27	1147696	417	-nan
27	1147696	418	0
27	1147696	419	-nan
27	1147696	420	-nan
27	1147696	421	-nan
27	1147696	422	0
27	1147696	423	0
27	1147696	424	0
27	1147696	425	-nan
27	1147696	426	0
27	1147696	427	0
27	1147696	428	0
27	1147696	429	0
27	1147696	430	0
27	1147696	431	0
27	1147696	432	-nan
27	1147696	433	-nan
27	1147696	434	-nan
27	1147696	435	0
27	1147696	436	0
27	1147696	437	-nan
27	1147696	438	-nan
27	1147696	439	-nan
27	1147696	440	0
27	1147696	441	-nan
27	1147696	442	0
27	1147696	443	-nan
27	1147696	444	0
27	1147696	445	-nan
27	1147696	446	-nan
27	1147696	447	-nan
27	1147696	448	0
27	1147696	449	-nan
27	1147696	450	0
27	1147696	451	0
27	1147696	452	-nan
27	1147696	453	0
27	1147696	454	-nan
27	1147696	455	0
27	1147696	456	0
27	1147696	457	-nan
27	1147696	458	0
27	1147696	459	0
27	1147696	460	0
27	1147696	461	0
27	1147696	462	0
27	1147696	463	0
27	1147696	464	0
27	1147696	465	0
27	1147696	466	0
27	1147696	467	-nan
27	1147696	468	0
27	1147696	469	-nan
27	1147696	470	-nan
27	1147696	471	0
27	1147696	472	-nan
27	1147696	473	-nan
27	1147696	474	-nan
27	1147696	475	0
27	1147696	476	0
27	1147696	477	-nan
27	1147696	478	-nan
27	1147696	479	-nan
27	1147696	480	-nan
27	1147696	481	0
27	1147696	482	-nan
27	1147696	483	0
27	1147696	484	-nan
27	1147696	485	0
27	1147696	486	0
27	1147696	487	0
27	1147696	488	0
27	1147696	489	-nan
27	1147696	490	-nan
27	1147696	491	-nan
27	1147696	492	-nan
27	1147696	493	-nan
27	1147696	494	0
27	1147696	495	-nan
27	1147696	496	0
27	1147696	497	-nan
27	1147696	498	0
27	1147696	499	-nan
27	1147696	500	0
27	1147696	501	-nan
27	1147696	502	-nan
27	1147696	503	0
27	1147696	504	0
27	1147696	505	0
27	1147696	506	-nan
27	1147696	507	-nan
27	1147696	508	-nan
27	1147696	509	0
27	1147696	510	0
27	1147696	511	-nan
27	1147696	512	0
27	1147696	513	0
27	1147696	514	-nan
27	1147696	515	0
27	1147696	516	0
27	1147696	517	0
27	1147696	518	-nan
27	1147696	519	0
27	1147696	520	-nan
27	1147696	521	0
27	1147696	522	-nan
27	1147696	523	0
27	1147696	524	-nan
27	1147696	525	-nan
27	1147696	526	0
27	1147696	527	0
27	1147696	528	-nan
27	1147696	529	0
27	1147696	530	-nan
27	1147696	531	0
27	1147696	532	-nan
27	1147696	533	0
27	1147696	534	0
27	1147696	535	0
27	1147696	536	0
27	1147696	537	-nan
27	1147696	538	-nan
27	1147696	539	0
27	1147696	540	-nan
27	1147696	541	0
27	1147696	542	-nan
27	1147696	543	-nan
27	1147696	544	0
27	1147696	545	-nan
27	1147696	546	0
27	1147696	547	0
27	1147696	548	0
27	1147696	549	0
27	1147696	550	0
27	1147696	551	-nan
27	1147696	552	-nan
27	1147696	553	0
27	1147696	554	0
27	1147696	555	0
27	1147696	556	0
27	1147696	557	-nan
27	1147696	558	-nan
27	1147696	559	0
27	1147696	560	0
27	1147696	561	-nan
27	1147696	562	0
27	1147696	563	-nan
27	1147696	564	-nan
27	1147696	565	-nan
27	1147696	566	-nan
27	1147696	567	-nan
27	1147696	568	-nan
27	1147696	569	-nan
27	1147696	570	-nan
27	1147696	571	-nan
27	1147696	572	-nan
27	1147696	573	-nan
27	1147696	574	0
27	1147696	575	0
27	1147696	576	-nan
27	1147696	577	-nan
27	1147696	578	-nan
27	1147696	579	-nan
27	1147696	580	0
27	1147696	581	0
27	1147696	582	-nan
27	1147696	583	0
27	1147696	584	0
27	1147696	585	-nan
27	1147696	586	0
27	1147696	587	-nan
27	1147696	588	0
27	1147696	589	-nan
27	1147696	590	0
27	1147696	591	0
27	1147696	592	-nan
27	1147696	593	0
27	1147696	594	0
27	1147696	595	0
27	1147696	596	0
27	1147696	597	0
27	1147696	598	-nan
27	1147696	599	0
27	1147696	600	-nan
27	1147696	601	0
27	1147696	602	0
27	1147696	603	-nan
27	1147696	604	-nan
27	1147696	605	-nan
27	1147696	606	-nan
27	1147696	607	0
27	1147696	608	0
27	1147696	609	-nan
27	1147696	610	0
27	1147696	611	-nan
27	1147696	612	-nan
27	1147696	613	-nan
27	1147696	614	-nan
27	1147696	615	0
27	1147696	616	0
27	1147696	617	-nan
27	1147696	618	0
27	1147696	619	0
27	1147696	620	-nan
27	1147696	621	-nan
27	1147696	622	-nan
27	1147696	623	0
27	1147696	624	0
27	1147696	625	0
27	1147696	626	-nan
27	1147696	627	-nan
27	1147696	628	0
27	1147696	629	-nan
27	1147696	630	0
27	1147696	631	0
27	1147696	632	0
27	1147696	633	-nan
27	1147696	634	-nan
27	1147696	635	0
27	1147696	636	-nan
27	1147696	637	0
27	1147696	638	-nan
27	1147696	639	0
27	1147696	640	0
27	1147696	641	-nan
27	1147696	642	0
27	1147696	643	0
27	1147696	644	0
27	1147696	645	0
27	1147696	646	0
27	1147696	647	-nan
27	1147696	648	-nan
27	1147696	649	-nan
27	1147696	650	-nan
27	1147696	651	-nan
27	1147696	652	-nan
27	1147696	653	-nan
27	1147696	654	-nan
27	1147696	655	0
27	1147696	656	0
27	1147696	657	0
27	1147696	658	0
27	1147696	659	-nan
27	1147696	660	-nan
27	1147696	661	-nan
27	1147696	662	-nan
27	1147696	663	0
27	1147696	664	-nan
27	1147696	665	0
27	1147696	666	0
27	1147696	667	-nan
27	1147696	668	-nan
27	1147696	669	-nan
27	1147696	670	0
27	1147696	671	-nan
27	1147696	672	-nan
27	1147696	673	-nan
27	1147696	674	0
27	1147696	675	-nan
27	1147696	676	-nan
27	1147696	677	-nan
27	1147696	678	-nan
27	1147696	679	-nan
27	1147696	680	0
27	1147696	681	0
27	1147696	682	-nan
27	1147696	683	0
27	1147696	684	0
27	1147696	685	0
27	1147696	686	-nan
27	1147696	687	0
27	1147696	688	-nan
27	1147696	689	0
27	1147696	690	-nan
27	1147696	691	0
27	1147696	692	-nan
27	1147696	693	-nan
27	1147696	694	0
27	1147696	695	-nan
27	1147696	696	0
27	1147696	697	0
27	1147696	698	0
27	1147696	699	-nan
27	1147696	700	0
27	1147696	701	-nan
27	1147696	702	0
27	1147696	703	-nan
27	1147696	704	-nan
27	1147696	705	0
27	1147696	706	-nan
27	1147696	707	-nan
27	1147696	708	0
27	1147696	709	-nan
27	1147696	710	-nan
27	1147696	711	-nan
27	1147696	712	-nan
27	1147696	713	-nan
27	1147696	714	0
27	1147696	715	0
27	1147696	716	-nan
27	1147696	717	-nan
27	1147696	718	-nan
27	1147696	719	-nan
27	1147696	720	0
27	1147696	721	-nan
27	1147696	722	0
27	1147696	723	0
27	1147696	724	-nan
27	1147696	725	0
27	1147696	726	-nan
27	1147696	727	0
27	1147696	728	-nan
27	1147696	729	-nan
27	1147696	730	0
27	1147696	731	-nan
27	1147696	732	-nan
27	1147696	733	0
27	1147696	734	-nan
27	1147696	735	0
27	1147696	736	0
27	1147696	737	0
27	1147696	738	0
27	1147696	739	-nan
27	1147696	740	0
27	1147696	741	0
27	1147696	742	-nan
27	1147696	743	0
27	1147696	744	0
27	1147696	745	0
27	1147696	746	-nan
27	1147696	747	0
27	1147696	748	-nan
27	1147696	749	0
27	1147696	750	0
vector 28  simple_scenario_cache_in_the_core_network.node[4].content_store  hit_node[4]  ETV
28	1147696	1	-nan
28	1147696	2	0
28	1147696	3	0
28	1147696	4	-nan
28	1147696	5	0
28	1147696	6	0
28	1147696	7	0
28	1147696	8	0
28	1147696	9	0
28	1147696	10	0
28	1147696	11	0
28	1147696	12	-nan
28	1147696	13	-nan
28	1147696	14	0
28	1147696	15	-nan
28	1147696	16	-nan
28	1147696	17	-nan
28	1147696	18	-nan
28	1147696	19	-nan
28	1147696	20	0
28	1147696	21	-nan
28	1147696	22	0
28	1147696	23	0
28	1147696	24	-nan
28	1147696	25	-nan
28	1147696	26	0
28	1147696	27	0
28	1147696	28	0
28	1147696	29	0
28	1147696	30	-nan
28	1147696	31	0
28	1147696	32	-nan
28	1147696	33	0
28	1147696	34	-nan
28	1147696	35	0
28	1147696	36	0
28	1147696	37	-nan
28	1147696	38	0
28	1147696	39	0
28	1147696	40	-nan
28	1147696	41	-nan
28	1147696	42	0
28	1147696	43	-nan
28	1147696	44	0
28	1147696	45	0
28	1147696	46	0
28	1147696	47	0
28	1147696	48	0
28	1147696	49	-nan
28	1147696	50	0
28	1147696	51	-nan
28	1147696	52	0
28	1147696	53	0
28	1147696	54	0
28	1147696	55	0
28	1147696	56	-nan
28	1147696	57	0
28	1147696	58	-nan
28	1147696	59	-nan
28	1147696	60	0
28	1147696	61	0
28	1147696	62	-nan
28	1147696	63	0
28	1147696	64	-nan
28	1147696	65	0
28	1147696	66	-nan
28	1147696	67	-nan
28	1147696	68	-nan
28	1147696	69	-nan
28	1147696	70	-nan
28	1147696	71	0
28	1147696	72	0
28	1147696	73	-nan
28	1147696	74	-nan
28	1147696	75	-nan
28	1147696	76	0
28	1147696	77	0
28	1147696	78	-nan
28	1147696	79	0
28	1147696	80	-nan
28	1147696	81	-nan
28	1147696	82	0
28	1147696	83	-nan
28	1147696	84	0
28	1147696	85	0
28	1147696	86	0
28	1147696	87	0
28	1147696	88	0
28	1147696	89	0
28	1147696	90	-nan
28	1147696	91	0
28	1147696	92	0
28	1147696	93	-nan
28	1147696	94	-nan
28	1147696	95	0
28	1147696	96	-nan
28	1147696	97	-nan
28	1147696	98	0
28	1147696	99	0
28	1147696	100	-nan
28	1147696	101	0
28	1147696	102	-nan
28	1147696	103	-nan
28	1147696	104	0
28	1147696	105	-nan
28	1147696	106	-nan
28	1147696	107	-nan
28	1147696	108	0
28	1147696	109	0
28	1147696	110	-nan
28	1147696	111	0
28	1147696	112	-nan
28	1147696	113	-nan
28	1147696	114	-nan
28	1147696	115	-nan
28	1147696	116	-nan
28	1147696	117	0
28	1147696	118	-nan
28	1147696	119	0
28	1147696	120	-nan
28	1147696	121	0
28	1147696	122	0
28	1147696	123	0
28	1147696	124	0
28	1147696	125	0
28	1147696	126	-nan
28	1147696	127	0
28	1147696	128	0
28	1147696	129	0
28	1147696	130	0
28	1147696	131	-nan
28	1147696	132	0
28	1147696	133	0
28	1147696	134	-nan
28	1147696	135	-nan
28	1147696	136	0
28	1147696	137	-nan
28	1147696	138	-nan
28	1147696	139	-nan
28	1147696	140	-nan
28	1147696	141	0
28	1147696	142	0
28	1147696	143	-nan
28	1147696	144	-nan
28	1147696	145	0
28	1147696	146	-nan
28	1147696	147	0
28	1147696	148	0
28	1147696	149	0
28	1147696	150	0
28	1147696	151	-nan
28	1147696	152	-nan
28	1147696	153	-nan
28	1147696	154	0
28	1147696	155	-nan
28	1147696	156	0
28	1147696	157	0
28	1147696	158	0
28	1147696	159	-nan
28	1147696	160	0
28	1147696	161	-nan
28	1147696	162	-nan
28	1147696	163	0
28	1147696	164	-nan
28	1147696	165	0
28	1147696	166	0
28	1147696	167	-nan
28	1147696	168	-nan
28	1147696	169	0
28	1147696	170	-nan
28	1147696	171	0
28	1147696	172	-nan
28	1147696	173	0
28	1147696	174	-nan
28	1147696	175	0
28	1147696	176	-nan
28	1147696	177	0
28	1147696	178	-nan
28	1147696	179	-nan
28	1147696	180	-nan
28	1147696	181	0
28	1147696	182	-nan
28	1147696	183	0
28	1147696	184	-nan
28	1147696	185	0
28	1147696	186	-nan
28	1147696	187	-nan
28	1147696	188	-nan
28	1147696	189	-nan
28	1147696	190	-nan
28	1147696	191	0
28	1147696	192	-nan
28	1147696	193	-nan
28	1147696	194	0
28	1147696	195	-nan
28	1147696	196	-nan
28	1147696	197	-nan
28	1147696	198	0
28	1147696	199	-nan
28	1147696	200	-nan
28	1147696	201	0
28	1147696	202	-nan
28	1147696	203	0
28	1147696	204	-nan
28	1147696	205	-nan
28	1147696	206	0
28	1147696	207	0
28	1147696	208	-nan
28	1147696	209	-nan
28	1147696	210	-nan
28	1147696	211	0
28	1147696	212	0
28	1147696	213	-nan
28	1147696	214	-nan
28	1147696	215	-nan
28	1147696	216	-nan
28	1147696	217	-nan
28	1147696	218	0
28	1147696	219	-nan
28	1147696	220	0
28	1147696	221	-nan
28	1147696	222	-nan
28	1147696	223	-nan
28	1147696	224	0
28	1147696	225	0
28	1147696	226	0
28	1147696	227	-nan
28	1147696	228	-nan
28	1147696	229	0
28	1147696	230	0
28	1147696	231	0
28	1147696	232	0
28	1147696	233	-nan
28	1147696	234	-nan
28	1147696	235	-nan
28	1147696	236	0
28	1147696	237	0
28	1147696	238	-nan
28	1147696	239	0
28	1147696	240	-nan
28	1147696	241	-nan
28	1147696	242	0
28	1147696	243	-nan
28	1147696	244	0
28	1147696	245	0
28	1147696	246	0
28	1147696	247	0
28	1147696	248	-nan
28	1147696	249	-nan
28	1147696	250	-nan
28	1147696	251	0
28	1147696	252	0
28	1147696	253	0
28	1147696	254	-nan
28	1147696	255	0
28	1147696	256	0
28	1147696	257	0
28	1147696	258	0
28	1147696	259	-nan
28	1147696	260	-nan
28	1147696	261	0
28	1147696	262	0
28	1147696	263	-nan
28	1147696	264	-nan
28	1147696	265	-nan
28	1147696	266	0
28	1147696	267	0
28	1147696	268	-nan
28	1147696	269	0
28	1147696	270	0
28	1147696	271	0
28	1147696	272	0
28	1147696	273	0
28	1147696	274	-nan
28	1147696	275	-nan
28	1147696	276	-nan
28	1147696	277	0
28	1147696	278	-nan
28	1147696	279	0
28	1147696	280	-nan
28	1147696	281	0
28	1147696	282	0
28	1147696	283	-nan
28	1147696	284	-nan
28	1147696	285	-nan
28	1147696	286	0
28	1147696	287	-nan
28	1147696	288	-nan
28	1147696	289	0
28	1147696	290	0
28	1147696	291	0
28	1147696	292	0
28	1147696	293	-nan
28	1147696	294	0
28	1147696	295	-nan
28	1147696	296	-nan
28	1147696	297	-nan
28	1147696	298	-nan
28	1147696	299	0
28	1147696	300	0
28	1147696	301	0
28	1147696	302	-nan
28	1147696	303	0
28	1147696	304	-nan
28	1147696	305	-nan
28	1147696	306	0
28	1147696	307	0
28	1147696	308	0
28	1147696	309	0
28	1147696	310	0
28	1147696	311	0
28	1147696	312	-nan
28	1147696	313	-nan
28	1147696	314	0
28	1147696	315	0
28	1147696	316	0
28	1147696	317	0
28	1147696	318	0
28	1147696	319	0
28	1147696	320	0
28	1147696	321	0
28	1147696	322	0
28	1147696	323	0
28	1147696	324	-nan
28	1147696	325	-nan
28	1147696	326	-nan
28	1147696	327	-nan
28	1147696	328	0
28	1147696	329	0
28	1147696	330	0
28	1147696	331	-nan
28	1147696	332	0
28	1147696	333	0
28	1147696	334	0
28	1147696	335	0
28	1147696	336	0
28	1147696	337	0
28	1147696	338	0
28	1147696	339	-nan
28	1147696	340	-nan
28	1147696	341	-nan
28	1147696	342	-nan
28	1147696	343	0
28	1147696	344	0
28	1147696	345	-nan
28	1147696	346	0
28	1147696	347	-nan
28	1147696	348	-nan
28	1147696	349	0
28	1147696	350	-nan
28	1147696	351	0
28	1147696	352	-nan
28	1147696	353	0
28	1147696	354	-nan
28	1147696	355	-nan
28	1147696	356	-nan
28	1147696	357	-nan
28	1147696	358	0
28	1147696	359	0
28	1147696	360	0
28	1147696	361	-nan
28	1147696	362	0
28	1147696	363	-nan
28	1147696	364	0
28	1147696	365	-nan
28	1147696	366	-nan
28	1147696	367	-nan
28	1147696	368	-nan
28	1147696	369	0
28	1147696	370	0
28	1147696	371	0
28	1147696	372	-nan
28	1147696	373	0
28	1147696	374	-nan
28	1147696	375	-nan
28	1147696	376	0
28	1147696	377	0
28	1147696	378	0
28	1147696	379	-nan
28	1147696	380	0
28	1147696	381	0
28	1147696	382	-nan
28	1147696	383	0
28	1147696	384	-nan
28	1147696	385	0
28	1147696	386	0
28	1147696	387	-nan
28	1147696	388	-nan
28	1147696	389	0
28	1147696	390	0
28	1147696	391	-nan
28	1147696	392	0
28	1147696	393	0
28	1147696	394	0
28	1147696	395	0
28	1147696	396	0
28	1147696	397	0
28	1147696	398	-nan
28	1147696	399	-nan
28	1147696	400	0
28	1147696	401	-nan
28	1147696	402	0
28	1147696	403	-nan
28	1147696	404	-nan
28	1147696	405	0
28	1147696	406	0
28	1147696	407	0
28	1147696	408	0
28	1147696	409	0
28	1147696	410	-nan
28	1147696	411	0
28	1147696	412	0
28	1147696	413	0
28	1147696	414	-nan
28	1147696	415	-nan
28	1147696	416	0
28	1147696	417	0
28	1147696	418	-nan
28	1147696	419	0
28	1147696	420	0
28	1147696	421	0
28	1147696	422	-nan
28	1147696	423	-nan
28	1147696	424	-nan
28	1147696	425	0
28	1147696	426	-nan
28	1147696	427	-nan
28	1147696	428	-nan
28	1147696	429	-nan
28	1147696	430	-nan
28	1147696	431	-nan
28	1147696	432	0
28	1147696	433	0
28	1147696	434	0
28	1147696	435	-nan
28	1147696	436	-nan
28	1147696	437	0
28	1147696	438	0
28	1147696	439	0
28	1147696	440	-nan
28	1147696	441	0
28	1147696	442	-nan
28	1147696	443	0
28	1147696	444	-nan
28	1147696	445	0
28	1147696	446	0
28	1147696	447	0
28	1147696	448	-nan
28	1147696	449	0
28	1147696	450	-nan
28	1147696	451	-nan
28	1147696	452	0
28	1147696	453	-nan
28	1147696	454	0
28	1147696	455	-nan
28	1147696	456	-nan
28	1147696	457	0
28	1147696	458	-nan
28	1147696	459	-nan
28	1147696	460	-nan
28	1147696	461	-nan
28	1147696	462	-nan
28	1147696	463	-nan
28	1147696	464	-nan
28	1147696	465	-nan
28	1147696	466	-nan
28	1147696	467	0
28	1147696	468	-nan
28	1147696	469	0
28	1147696	470	0
28	1147696	471	-nan
28	1147696	472	0
28	1147696	473	0
28	1147696	474	0
28	1147696	475	-nan
28	1147696	476	-nan
28	1147696	477	0
28	1147696	478	0
28	1147696	479	0
28	1147696	480	0
28	1147696	481	-nan
28	1147696	482	0
28	1147696	483	-nan
28	1147696	484	0
28	1147696	485	-nan
28	1147696	486	-nan
28	1147696	487	-nan
28	1147696	488	-nan
28	1147696	489	0
28	1147696	490	0
28	1147696	491	0
28	1147696	492	0
28	1147696	493	0
28	1147696	494	-nan
28	1147696	495	0
28	1147696	496	-nan
28	1147696	497	0
28	1147696	498	-nan
28	1147696	499	0
28	1147696	500	-nan
28	1147696	501	0
28	1147696	502	0
28	1147696	503	-nan
28	1147696	504	-nan
28	1147696	505	-nan
28	1147696	506	0
28	1147696	507	0
28	1147696	508	0
28	1147696	509	-nan
28	1147696	510	-nan
28	1147696	511	0
28	1147696	512	-nan
28	1147696	513	-nan
28	1147696	514	0
28	1147696	515	-nan
28	1147696	516	-nan
28	1147696	517	-nan
28	1147696	518	0
28	1147696	519	-nan
28	1147696	520	0
28	1147696	521	-nan
28	1147696	522	0
28	1147696	523	-nan
28	1147696	524	0
28	1147696	525	0
28	1147696	526	-nan
28	1147696	527	-nan
28	1147696	528	0
28	1147696	529	-nan
28	1147696	530	0
28	1147696	531	-nan
28	1147696	532	0
28	1147696	533	-nan
28	1147696	534	-nan
28	1147696	535	-nan
28	1147696	536	-nan
28	1147696	537	0
28	1147696	538	0
28	1147696	539	-nan
28	1147696	540	0
28	1147696	541	-nan
28	1147696	542	0
28	1147696	543	0
28	1147696	544	-nan
28	1147696	545	0
28	1147696	546	-nan
28	1147696	547	-nan
28	1147696	548	-nan
28	1147696	549	-nan
28	1147696	550	-nan
28	1147696	551	0
28	1147696	552	0
28	1147696	553	-nan
28	1147696	554	-nan
28	1147696	555	-nan
28	1147696	556	-nan
28	1147696	557	0
28	1147696	558	0
28	1147696	559	-nan
28	1147696	560	-nan
28	1147696	561	0
28	1147696	562	-nan
28	1147696	563	0
28	1147696	564	0
28	1147696	565	0
28	1147696	566	0
28	1147696	567	0
28	1147696	568	0
28	1147696	569	0
28	1147696	570	0
28	1147696	571	0
28	1147696	572	0
28	1147696	573	0
28	1147696	574	-nan
28	1147696	575	-nan
28	1147696	576	0
28	1147696	577	0
28	1147696	578	0
28	1147696	579	0
28	1147696	580	-nan
28	1147696	581	-nan
28	1147696	582	0
28	1147696	583	-nan
28	1147696	584	-nan
28	1147696	585	0
28	1147696	586	-nan
28	1147696	587	0
28	1147696	588	-nan
28	1147696	589	0
28	1147696	590	-nan
28	1147696	591	-nan
28	1147696	592	0
28	1147696	593	-nan
28	1147696	594	-nan
28	1147696	595	-nan
28	1147696	596	-nan
28	1147696	597	-nan
28	1147696	598	0
28	1147696	599	-nan
28	1147696	600	0
28	1147696	601	-nan
28	1147696	602	-nan
28	1147696	603	0
28	1147696	604	0
28	1147696	605	0
28	1147696	606	0
28	1147696	607	-nan
28	1147696	608	-nan
28	1147696	609	0
28	1147696	610	-nan
28	1147696	611	0
28	1147696	612	0
28	1147696	613	0
28	1147696	614	0
28	1147696	615	-nan
28	1147696	616	-nan
28	1147696	617	0
28	1147696	618	-nan
28	1147696	619	-nan
28	1147696	620	0
28	1147696	621	0
28	1147696	622	0
28	1147696	623	-nan
28	1147696	624	-nan
28	1147696	625	-nan
28	1147696	626	0
28	1147696	627	0
28	1147696	628	-nan
28	1147696	629	0
28	1147696	630	-nan
28	1147696	631	-nan
28	1147696	632	-nan
28	1147696	633	0
28	1147696	634	0
28	1147696	635	-nan
28	1147696	636	0
28	1147696	637	-nan
28	1147696	638	0
28	1147696	639	-nan
28	1147696	640	-nan
28	1147696	641	0
28	1147696	642	-nan
28	1147696	643	-nan
28	1147696	644	-nan
28	1147696	645	-nan
28	1147696	646	-nan
28	1147696	647	0
28	1147696	648	0
28	1147696	649	0
28	1147696	650	0
28	1147696	651	0
28	1147696	652	0
28	1147696	653	0
28	1147696	654	0
28	1147696	655	-nan
28	1147696	656	-nan
28	1147696	657	-nan
28	1147696	658	-nan
28	1147696	659	0
28	1147696	660	0
28	1147696	661	0
28	1147696	662	0
28	1147696	663	-nan
28	1147696	664	0
28	1147696	665	-nan
28	1147696	666	-nan
28	1147696	667	0
28	1147696	668	0
28	1147696	669	0
28	1147696	670	-nan
28	1147696	671	0
28	1147696	672	0
28	1147696	673	0
28	1147696	674	-nan
28	1147696	675	0
28	1147696	676	0
28	1147696	677	0
28	1147696	678	0
28	1147696	679	0
28	1147696	680	-nan
28	1147696	681	-nan
28	1147696	682	0
28	1147696	683	-nan
28	1147696	684	-nan
28	1147696	685	-nan
28	1147696	686	0
28	1147696	687	-nan
28	1147696	688	0
28	1147696	689	-nan
28	1147696	690	0
28	1147696	691	-nan
28	1147696	692	0
28	1147696	693	0
28	1147696	694	-nan
28	1147696	695	0
28	1147696	696	-nan
28	1147696	697	-nan
28	1147696	698	-nan
28	1147696	699	0
28	1147696	700	-nan
28	1147696	701	0
28	1147696	702	-nan
28	1147696	703	0
28	1147696	704	0
28	1147696	705	-nan
28	1147696	706	0
28	1147696	707	0
28	1147696	708	-nan
28	1147696	709	0
28	1147696	710	0
28	1147696	711	0
28	1147696	712	0
28	1147696	713	0
28	1147696	714	-nan
28	1147696	715	-nan
28	1147696	716	0
28	1147696	717	0
28	1147696	718	0
28	1147696	719	0
28	1147696	720	-nan
28	1147696	721	0
28	1147696	722	-nan
28	1147696	723	-nan
28	1147696	724	0
28	1147696	725	-nan
28	1147696	726	0
28	1147696	727	-nan
28	1147696	728	0
28	1147696	729	0
28	1147696	730	-nan
28	1147696	731	0
28	1147696	732	0
28	1147696	733	-nan
28	1147696	734	0
28	1147696	735	-nan
28	1147696	736	-nan
28	1147696	737	-nan
28	1147696	738	-nan
28	1147696	739	0
28	1147696	740	-nan
28	1147696	741	-nan
28	1147696	742	0
28	1147696	743	-nan
28	1147696	744	-nan
28	1147696	745	-nan
28	1147696	746	0
28	1147696	747	-nan
28	1147696	748	0
28	1147696	749	-nan
28	1147696	750	-nan
vector 29  simple_scenario_cache_in_the_core_network.client[0]  hdistance[0]  ETV
29	1147696	1	2.3155685571713
29	1147696	2	2.3154093238343
29	1147696	3	2.3152111674648
29	1147696	4	2.3149655262358
29	1147696	5	2.3147915304238
29	1147696	6	2.3146726933372
29	1147696	7	2.3161534021169
29	1147696	8	2.314301043162
29	1147696	9	2.3140029611264
29	1147696	10	2.3138749470696
29	1147696	11	2.31639688091
29	1147696	12	2.3136463274523
29	1147696	13	2.3133118615713
29	1147696	14	2.3131746926849
29	1147696	15	2.3129773531264
29	1147696	16	2.3128580287232
29	1147696	17	2.3127043359586
29	1147696	18	2.312585539201
29	1147696	19	2.3168062048988
29	1147696	20	2.3170019052674
29	1147696	21	2.3170118204023
29	1147696	22	2.3113348677494
29	1147696	23	2.3171065565126
29	1147696	24	2.3170400715739
29	1147696	25	2.3113285299994
29	1147696	26	2.3172962519691
29	1147696	27	2.3172454921187
29	1147696	28	2.3173504038911
29	1147696	29	2.3174182925399
29	1147696	30	2.3173598362738
29	1147696	31	2.3173930332486
29	1147696	32	2.3174163254617
29	1147696	33	2.3176489889184
29	1147696	34	2.3177042070623
29	1147696	35	2.3178037993698
29	1147696	36	2.3178674739494
29	1147696	37	2.3179179203231
29	1147696	38	2.3179159708884
29	1147696	39	2.3178591695847
29	1147696	40	2.3085113445349
29	1147696	41	2.3178718132729
29	1147696	42	2.3181209859281
29	1147696	43	2.3181958222561
29	1147696	44	2.3183452243013
29	1147696	45	2.3182730675458
29	1147696	46	2.318199790036
29	1147696	47	2.3184437065839
29	1147696	48	2.3073116653709
29	1147696	49	2.3186391365695
29	1147696	50	2.318562860377
29	1147696	51	2.3186194116983
29	1147696	52	2.3047621974829
29	1147696	53	2.3188763955939
29	1147696	54	2.3060382404438
29	1147696	55	2.3189848219648
29	1147696	56	2.319040178554
29	1147696	57	2.318731550887
29	1147696	58	2.3046996742222
29	1147696	59	2.3052863313922
29	1147696	60	2.3052962820106
29	1147696	61	2.3196030762547
29	1147696	62	2.3193519702106
29	1147696	63	2.3193967775455
29	1147696	64	2.319091819952
29	1147696	65	2.3032478637152
29	1147696	66	2.3194720545182
29	1147696	67	2.3044693023236
29	1147696	68	2.319136208089
29	1147696	69	2.3192189484126
29	1147696	70	2.3194237936079
29	1147696	71	2.3193376202749
29	1147696	72	2.3191781171157
29	1147696	73	2.319819750409
29	1147696	74	2.3198508592141
29	1147696	75	2.3034046955162
29	1147696	76	2.3001834773759
29	1147696	77	2.3194846425656
29	1147696	78	2.3200204031411
29	1147696	79	2.3200888723762
29	1147696	80	2.3205902680914
29	1147696	81	2.3201082845376
29	1147696	82	2.3205421039299
29	1147696	83	2.3199259758833
29	1147696	84	2.3202752428265
29	1147696	85	2.3207437443387
29	1147696	86	2.3200554308839
29	1147696	87	2.3204916346951
29	1147696	88	2.3210700414166
29	1147696	89	2.3206642327562
29	1147696	90	2.3203475996205
29	1147696	91	2.3205499843325
29	1147696	92	2.320443674737
29	1147696	93	2.3210920475097
29	1147696	94	2.3219210117256
29	1147696	95	2.3209444127164
29	1147696	96	2.3210564820161
29	1147696	97	2.3214516933582
29	1147696	98	2.3209199425586
29	1147696	99	2.2997398021096
29	1147696	100	2.3205703194396
29	1147696	101	2.3206949628715
29	1147696	102	2.3213125527358
29	1147696	103	2.3213913393023
29	1147696	104	2.3225698720985
29	1147696	105	2.3215678675393
29	1147696	106	2.3208684966693
29	1147696	107	2.3218292475102
29	1147696	108	2.3222809326435
29	1147696	109	2.3219733209543
29	1147696	110	2.3219157982937
29	1147696	111	2.3215417936024
29	1147696	112	2.3226248665775
29	1147696	113	2.3210386768322
29	1147696	114	2.295643591217
29	1147696	115	2.3220691532539
29	1147696	116	2.3224850895918
29	1147696	117	2.3222246744765
29	1147696	118	2.3228294456516
29	1147696	119	2.3230088260315
29	1147696	120	2.3223040054664
29	1147696	121	2.3234606801763
29	1147696	122	2.3239228559869
29	1147696	123	2.2924998441378
29	1147696	124	2.3220369838466
29	1147696	125	2.3218696809145
29	1147696	126	2.3221068846687
29	1147696	127	2.3219318689722
29	1147696	128	2.3214461430739
29	1147696	129	2.3242556076614
29	1147696	130	2.2882355531638
29	1147696	131	2.3217983834048
29	1147696	132	2.3221729556501
29	1147696	133	2.321753859197
29	1147696	134	2.3227362888006
29	1147696	135	2.3215931732994
29	1147696	136	2.3238222897119
29	1147696	137	2.3231480808225
29	1147696	138	2.3222924650345
29	1147696	139	2.3227158324768
29	1147696	140	2.3234624051414
29	1147696	141	2.3227400295421
29	1147696	142	2.3227665549908
29	1147696	143	2.3251813030413
29	1147696	144	2.3234545523717
29	1147696	145	2.3250139574954
29	1147696	146	2.3235562144452
29	1147696	147	2.3238874561129
29	1147696	148	2.2873168172156
29	1147696	149	2.324401921171
29	1147696	150	2.3251873139911
29	1147696	151	2.2894978832586
29	1147696	152	2.3242636147504
29	1147696	153	2.3228761126166
29	1147696	154	2.3250823537172
29	1147696	155	2.3244254668745
29	1147696	156	2.324307295742
29	1147696	157	2.3260374828531
29	1147696	158	2.3271541860649
29	1147696	159	2.3245162676525
29	1147696	160	2.3246923684815
29	1147696	161	2.3237089184892
29	1147696	162	2.3261388390405
29	1147696	163	2.3252504994104
29	1147696	164	2.3259957484427
29	1147696	165	2.3236744669785
29	1147696	166	2.3257797323504
29	1147696	167	2.3246912971643
29	1147696	168	2.3242463978685
29	1147696	169	2.3268274411014
29	1147696	170	2.3251633936349
29	1147696	171	2.3271947602854
29	1147696	172	2.3247032499821
29	1147696	173	2.325574975083
29	1147696	174	2.3264481818873
29	1147696	175	2.3268045718377
29	1147696	176	2.3245894768926
29	1147696	177	2.3246102626511
29	1147696	178	2.3246773572308
29	1147696	179	2.3271735413011
29	1147696	180	2.3267940581895
29	1147696	181	2.3248496423246
29	1147696	182	2.3266004315092
29	1147696	183	2.3249718047325
29	1147696	184	2.3248270685236
29	1147696	185	2.326601077831
29	1147696	186	2.3261654267443
29	1147696	187	2.3241720354624
29	1147696	188	2.325611861275
29	1147696	189	2.3293868792048
29	1147696	190	2.3264378879465
29	1147696	191	2.3257320065959
29	1147696	192	2.3246254440589
29	1147696	193	2.3257412771962
29	1147696	194	2.3252414734421
29	1147696	195	2.3288084585085
29	1147696	196	2.32676642599
29	1147696	197	2.2804354220798
29	1147696	198	2.3267056979728
29	1147696	199	2.3271909416106
29	1147696	200	2.3267666839559
29	1147696	201	2.3305172111044
29	1147696	202	2.3282548108825
29	1147696	203	2.3285356249777
29	1147696	204	2.3268309161166
29	1147696	205	2.2758664347559
29	1147696	206	2.3309322248136
29	1147696	207	2.3260105482585
29	1147696	208	2.3287158487697
29	1147696	209	2.3293277682244
29	1147696	210	2.3267662099778
29	1147696	211	2.328268962036
29	1147696	212	2.3268397034123
29	1147696	213	2.326793113851
29	1147696	214	2.3285634568353
29	1147696	215	2.3273625508014
29	1147696	216	2.3263992681104
29	1147696	217	2.3282156027491
29	1147696	218	2.3277292316615
29	1147696	219	2.330132586699
29	1147696	220	2.3299304352639
29	1147696	221	2.3309410737966
29	1147696	222	2.3305050987248
29	1147696	223	2.3310051142341
29	1147696	224	2.3287626997734
29	1147696	225	2.3270540989199
29	1147696	226	2.3266505374326
29	1147696	227	2.3273914857537
29	1147696	228	2.3280043426184
29	1147696	229	2.3282025649741
29	1147696	230	2.330949716439
29	1147696	231	2.3283772447471
29	1147696	232	2.3333029626462
29	1147696	233	2.3295002774057
29	1147696	234	2.3284556822527
29	1147696	235	2.3296790169705
29	1147696	236	2.3289028726703
29	1147696	237	2.3291850682507
29	1147696	238	2.3280189446537
29	1147696	239	2.3320311128139
29	1147696	240	2.3293064906765
29	1147696	241	2.3296846157475
29	1147696	242	2.3303149120399
29	1147696	243	2.3317233271861
29	1147696	244	2.3294799820553
29	1147696	245	2.3325480366327
29	1147696	246	2.3285578447723
29	1147696	247	2.3333198901784
29	1147696	248	2.3278244052961
29	1147696	249	2.3307253837862
29	1147696	250	2.3321505406387
29	1147696	251	2.3286659591293
29	1147696	252	2.3309118156986
29	1147696	253	2.3302429026937
29	1147696	254	2.3297627882768
29	1147696	255	2.3286319477758
29	1147696	256	2.3283894702234
29	1147696	257	2.329038327727
29	1147696	258	2.3288426468594
29	1147696	259	2.3306792002287
29	1147696	260	2.3303333891013
29	1147696	261	2.3348208630414
29	1147696	262	2.3283265304461
29	1147696	263	2.3329310868245
29	1147696	264	2.3321876167954
29	1147696	265	2.3292030287022
29	1147696	266	2.3290574330968
29	1147696	267	2.3291421970631
29	1147696	268	2.3275952001789
29	1147696	269	2.3333405201223
29	1147696	270	2.3306702725426
29	1147696	271	2.2643113032736
29	1147696	272	2.3303143553047
29	1147696	273	2.3298641283746
29	1147696	274	2.3291804521757
29	1147696	275	2.3343296803375
29	1147696	276	2.33478674592
29	1147696	277	2.3284237856667
29	1147696	278	2.3360762573686
29	1147696	279	2.3310416899937
29	1147696	280	2.3339611680657
29	1147696	281	2.3307876239111
29	1147696	282	2.3348038762025
29	1147696	283	2.3288615503335
29	1147696	284	2.3373494560415
29	1147696	285	2.3328107601984
29	1147696	286	2.336453278389
29	1147696	287	2.3300490741678
29	1147696	288	2.3285525325564
29	1147696	289	2.3317767457453
29	1147696	290	2.329340373283
29	1147696	291	2.3357185989569
29	1147696	292	2.330449881734
29	1147696	293	2.2606481670882
29	1147696	294	2.333753523544
29	1147696	295	2.3317997192256
29	1147696	296	2.3347598574791
29	1147696	297	2.3378160325826
29	1147696	298	2.3354052693405
29	1147696	299	2.3378938893442
29	1147696	300	2.3328719596815
29	1147696	301	2.329398612218
29	1147696	302	2.3320397536763
29	1147696	303	2.3333542550736
29	1147696	304	2.3313826953145
29	1147696	305	2.3324345762548
29	1147696	306	2.3400963305326
29	1147696	307	2.331306575633
29	1147696	308	2.3342230015629
29	1147696	309	2.3366493372676
29	1147696	310	2.2592774249156
29	1147696	311	2.3333078623053
29	1147696	312	2.3328135479544
29	1147696	313	2.3278052988175
29	1147696	314	2.3325209627138
29	1147696	315	2.3332044183014
29	1147696	316	2.3333860988216
29	1147696	317	2.3333967703115
29	1147696	318	2.3340489743363
29	1147696	319	2.3321146774736
29	1147696	320	2.3372625017301
29	1147696	321	2.3307302200646
29	1147696	322	2.3318830175271
29	1147696	323	2.3337889564424
29	1147696	324	2.3347696563915
29	1147696	325	2.332336546349
29	1147696	326	2.3321465466352
29	1147696	327	2.2514631501865
29	1147696	328	2.3314260134523
29	1147696	329	2.3359388909885
29	1147696	330	2.3378027688672
29	1147696	331	2.3388202302527
29	1147696	332	2.3300412678189
29	1147696	333	2.332558734856
29	1147696	334	2.2296181336208
29	1147696	335	2.3318087513382
29	1147696	336	2.3361502014095
29	1147696	337	2.3321204272348
29	1147696	338	2.3295189635602
29	1147696	339	2.3339909521165
29	1147696	340	2.3316295017694
29	1147696	341	2.3341325336073
29	1147696	342	2.3388345032363
29	1147696	343	2.3333592050484
29	1147696	344	2.3372374832833
29	1147696	345	2.3417635455998
29	1147696	346	2.3363977521649
29	1147696	347	2.3332788551145
29	1147696	348	2.3324882173795
29	1147696	349	2.3365007765493
29	1147696	350	2.3415769319695
29	1147696	351	2.3430887004355
29	1147696	352	2.334265821787
29	1147696	353	2.3314385255481
29	1147696	354	2.3347390954162
29	1147696	355	2.3324468717327
29	1147696	356	2.3333158515111
29	1147696	357	2.3364187423148
29	1147696	358	2.3359188245182
29	1147696	359	2.3343011106582
29	1147696	360	2.3394414146891
29	1147696	361	2.3364865149367
29	1147696	362	2.3353810542766
29	1147696	363	2.3307257422411
29	1147696	364	2.3394381153652
29	1147696	365	2.3372601496361
29	1147696	366	2.3359204808314
29	1147696	367	2.3348599188315
29	1147696	368	2.3348257534103
29	1147696	369	2.3371135635462
29	1147696	370	2.3365513812441
29	1147696	371	2.3353751638546
29	1147696	372	2.3394921294018
29	1147696	373	2.3377698772667
29	1147696	374	2.3353188510165
29	1147696	375	2.3371687648283
29	1147696	376	2.3380397796661
29	1147696	377	2.3359898521208
29	1147696	378	2.3375315622697
29	1147696	379	2.2548263313492
29	1147696	380	2.3385100703713
29	1147696	381	2.3349435906871
29	1147696	382	2.3360374050144
29	1147696	383	2.3437685112786
29	1147696	384	2.3359978310611
29	1147696	385	2.3401934962875
29	1147696	386	2.3426294820717
29	1147696	387	2.3402255639098
29	1147696	388	2.3538326961831
29	1147696	389	2.3375157356413
29	1147696	390	2.3393219550803
29	1147696	391	2.336507441443
29	1147696	392	2.3387069636838
29	1147696	393	2.3386007581603
29	1147696	394	2.3387542091372
29	1147696	395	2.3358789390094
29	1147696	396	2.3343995247832
29	1147696	397	2.3305879529057
29	1147696	398	2.3434802205041
29	1147696	399	2.3386363636364
29	1147696	400	2.3351537667458
29	1147696	401	2.3355315729199
29	1147696	402	2.3371874102967
29	1147696	403	2.334368207128
29	1147696	404	2.3409084344879
29	1147696	405	2.3333476672978
29	1147696	406	2.3378342145855
29	1147696	407	2.3378666104499
29	1147696	408	2.337371459479
29	1147696	409	2.3374753063507
29	1147696	410	2.3366641579944
29	1147696	411	2.3386978156461
29	1147696	412	2.338522400211
29	1147696	413	2.3373678582606
29	1147696	414	2.3372332515403
29	1147696	415	2.336530046225
29	1147696	416	2.3365498503838
29	1147696	417	2.3442914837283
29	1147696	418	2.3380130432759
29	1147696	419	2.3442374032592
29	1147696	420	2.3364649579063
29	1147696	421	2.3392970168343
29	1147696	422	2.233039818821
29	1147696	423	2.3393040213418
29	1147696	424	2.3347246421666
29	1147696	425	2.3353136572393
29	1147696	426	2.3338083990097
29	1147696	427	2.2516002820836
29	1147696	428	2.3338061874745
29	1147696	429	2.3367121638954
29	1147696	430	2.3437086374776
29	1147696	431	2.3438154858609
29	1147696	432	2.3455885078498
29	1147696	433	2.3365564459439
29	1147696	434	2.3417738120543
29	1147696	435	2.3343288790593
29	1147696	436	2.3432810035559
29	1147696	437	2.3395219036956
29	1147696	438	2.3342612160468
29	1147696	439	2.3396393460395
29	1147696	440	2.3501856631124
29	1147696	441	2.3417308573869
29	1147696	442	2.3361069425915
29	1147696	443	2.3407851549888
29	1147696	444	2.3418614795511
29	1147696	445	2.3433376830173
29	1147696	446	2.3324841256738
29	1147696	447	2.3380586144068
29	1147696	448	2.338983777358
29	1147696	449	2.3402492236427
29	1147696	450	2.3393622418972
29	1147696	451	2.3378100664812
29	1147696	452	2.3537087987253
29	1147696	453	2.3410699959888
29	1147696	454	2.3415401385047
29	1147696	455	2.3411329242808
29	1147696	456	2.3395428982342
29	1147696	457	2.3348134753965
29	1147696	458	2.3364816233112
29	1147696	459	2.3437294443226
29	1147696	460	2.3389459259815
29	1147696	461	2.3546426667429
29	1147696	462	2.3416120289268
29	1147696	463	2.3452052641836
29	1147696	464	2.3394145478449
29	1147696	465	2.3379198271938
29	1147696	466	2.3483811393541
29	1147696	467	2.3516697306656
29	1147696	468	2.3353744470116
29	1147696	469	2.3454958118628
29	1147696	470	2.3535100452298
29	1147696	471	2.3387017563804
29	1147696	472	2.3384967535043
29	1147696	473	2.3430166911812
29	1147696	474	2.3430179588044
29	1147696	475	2.355737216035
29	1147696	476	2.3648305018785
29	1147696	477	2.3445559331505
29	1147696	478	2.3399415993867
29	1147696	479	2.3482943086142
29	1147696	480	2.3444188050055
29	1147696	481	2.3464979321718
29	1147696	482	2.358526469275
29	1147696	483	2.3457087731858
29	1147696	484	2.3387423038045
29	1147696	485	2.3469217218483
29	1147696	486	2.3360241544205
29	1147696	487	2.348452057962
29	1147696	488	2.3387244945065
29	1147696	489	2.3441988644313
29	1147696	490	2.3369250307431
29	1147696	491	2.3365073862999
29	1147696	492	2.339498705498
29	1147696	493	2.3420925377407
29	1147696	494	2.3402664283078
29	1147696	495	2.3442755933802
29	1147696	496	2.3484887032311
29	1147696	497	2.3443297543517
29	1147696	498	2.3535266862975
29	1147696	499	2.339629551675
29	1147696	500	2.3402925807851
29	1147696	501	2.3410496613995
29	1147696	502	2.3432826387517
29	1147696	503	2.3359138975353
29	1147696	504	2.3537433418325
29	1147696	505	2.3518432450868
29	1147696	506	2.3538251995089
29	1147696	507	2.3423760014952
29	1147696	508	2.3499636466913
29	1147696	509	2.3403856539754
29	1147696	510	2.3379110674784
29	1147696	511	2.3483740274929
29	1147696	512	2.3582112986735
29	1147696	513	2.3517094173033
29	1147696	514	2.3430348682396
29	1147696	515	2.3361702513073
29	1147696	516	2.3393958758326
29	1147696	517	2.3555330450744
29	1147696	518	2.339539163133
29	1147696	519	2.3584738892756
29	1147696	520	2.3402369410229
29	1147696	521	2.3456065327611
29	1147696	522	2.3378414003379
29	1147696	523	2.3442458367267
29	1147696	524	2.3402343768755
29	1147696	525	2.3611443331151
29	1147696	526	2.3443555700969
29	1147696	527	2.3391662377766
29	1147696	528	2.3539493774123
29	1147696	529	2.3437622686942
29	1147696	530	2.34116938608
29	1147696	531	2.3536217759401
29	1147696	532	2.3378099528526
29	1147696	533	2.3395021023626
29	1147696	534	2.3374426981242
29	1147696	535	2.3484135064935
29	1147696	536	2.3457221091358
29	1147696	537	2.3432277047172
29	1147696	538	2.3562506423653
29	1147696	539	2.3520023948371
29	1147696	540	2.3458865727428
29	1147696	541	2.3442661287141
29	1147696	542	2.3393753773646
29	1147696	543	2.3379204046305
29	1147696	544	2.3468367137262
29	1147696	545	2.336449289539
29	1147696	546	2.3497318445309
29	1147696	547	2.3609147217447
29	1147696	548	2.3421899575173
29	1147696	549	2.3518470850937
29	1147696	550	2.3521402535549
29	1147696	551	2.2300957126637
29	1147696	552	2.3469979555331
29	1147696	553	2.3519966260807
29	1147696	554	2.3431043029721
29	1147696	555	2.364850675137
29	1147696	556	2.3539187043626
29	1147696	557	2.3466023149763
29	1147696	558	2.3586582185368
29	1147696	559	2.3470842768606
29	1147696	560	2.3517242254348
29	1147696	561	2.346857709054
29	1147696	562	2.3410683543987
29	1147696	563	2.3401833467054
29	1147696	564	2.3471281024024
29	1147696	565	2.3456441234114
29	1147696	566	2.3481302030716
29	1147696	567	2.3410728796174
29	1147696	568	2.349772189557
29	1147696	569	2.3725849482541
29	1147696	570	2.3482349209226
29	1147696	571	2.3538225769465
29	1147696	572	2.3538744048
29	1147696	573	2.3444500501615
29	1147696	574	2.347970291108
29	1147696	575	2.3442760073669
29	1147696	576	2.3776969958882
29	1147696	577	2.352052950442
29	1147696	578	2.3431172617153
29	1147696	579	2.3379449068796
29	1147696	580	2.3533698172638
29	1147696	581	2.3587375175073
29	1147696	582	2.3484257791738
29	1147696	583	2.3412578826944
29	1147696	584	2.3519227300602
29	1147696	585	2.3443975072385
29	1147696	586	2.3586815892412
29	1147696	587	2.3409523404225
29	1147696	588	2.3433291025104
29	1147696	589	2.3469953313329
29	1147696	590	2.3455031094443
29	1147696	591	2.3519350219051
29	1147696	592	2.3378357952818
29	1147696	593	2.3483746270025
29	1147696	594	2.3431238984424
29	1147696	595	2.3455060905704
29	1147696	596	2.3502938292997
29	1147696	597	2.3611983906213
29	1147696	598	2.3433433616295
29	1147696	599	2.3443716074306
29	1147696	600	2.3465720888216
29	1147696	601	2.3518918864841
29	1147696	602	2.3428895806629
29	1147696	603	2.3432155272306
29	1147696	604	2.3553346536815
29	1147696	605	2.3614997515265
29	1147696	606	2.345157071723
29	1147696	607	2.3468389811829
29	1147696	608	2.3558352338945
29	1147696	609	2.3430854505079
29	1147696	610	2.3514986683857
29	1147696	611	2.3560510409581
29	1147696	612	2.3402546878428
29	1147696	613	2.3438245832685
29	1147696	614	2.3503042972359
29	1147696	615	2.348203974959
29	1147696	616	2.3434318555008
29	1147696	617	2.3368702425044
29	1147696	618	2.3536677403794
29	1147696	619	2.3559009526274
29	1147696	620	2.3446228233677
29	1147696	621	2.3483823094109
29	1147696	622	2.3471294860395
29	1147696	623	2.3647002880519
29	1147696	624	2.3585373313563
29	1147696	625	2.3614748335096
29	1147696	626	2.3517816086207
29	1147696	627	2.3539124447804
29	1147696	628	2.3537434240973
29	1147696	629	2.34320769192
29	1147696	630	2.349930885627
29	1147696	631	2.346590470098
29	1147696	632	2.3485027953522
29	1147696	633	2.3515369404665
29	1147696	634	2.3516257779257
29	1147696	635	2.3517502244559
29	1147696	636	2.3562084898518
29	1147696	637	2.3615581082881
29	1147696	638	2.3420613352017
29	1147696	639	2.3780290051579
29	1147696	640	2.3482275154584
29	1147696	641	2.3457906858758
29	1147696	642	2.3484094512599
29	1147696	643	2.1795484810234
29	1147696	644	2.3536093017694
29	1147696	645	2.3614040621374
29	1147696	646	2.3649261550093
29	1147696	647	2.3560877049524
29	1147696	648	2.3583452976961
29	1147696	649	2.3455014980199
29	1147696	650	2.3518019704398
29	1147696	651	2.3586072024093
29	1147696	652	2.3613874706581
29	1147696	653	2.3481665904163
29	1147696	654	2.3502713580444
29	1147696	655	2.3479331223727
29	1147696	656	2.3483234394311
29	1147696	657	2.3394625932936
29	1147696	658	2.3557206040931
29	1147696	659	2.3481249199944
29	1147696	660	2.3402582527752
29	1147696	661	2.3541156759491
29	1147696	662	2.3644760833068
29	1147696	663	2.3840381254392
29	1147696	664	2.3499089081003
29	1147696	665	2.344372681821
29	1147696	666	2.3444841394017
29	1147696	667	2.3463293871288
29	1147696	668	2.3647695516526
29	1147696	669	2.3560813374341
29	1147696	670	2.3499648270664
29	1147696	671	2.3431441662859
29	1147696	672	2.3484422678349
29	1147696	673	2.3430477495484
29	1147696	674	2.3387940176041
29	1147696	675	2.3516864816211
29	1147696	676	2.3582485513547
29	1147696	677	2.3536049097772
29	1147696	678	2.3560862803313
29	1147696	679	2.3433031637781
29	1147696	680	2.3500285642275
29	1147696	681	2.3499907287224
29	1147696	682	2.3516904489656
29	1147696	683	2.3781722950966
29	1147696	684	2.3411022978433
29	1147696	685	2.3593916117846
29	1147696	686	2.3557488766436
29	1147696	687	2.3420009625456
29	1147696	688	2.3468961961191
29	1147696	689	2.3729805918425
29	1147696	690	2.3615705748188
29	1147696	691	2.3515824681018
29	1147696	692	2.3442712084918
29	1147696	693	2.3518525901179
29	1147696	694	2.3441274031162
29	1147696	695	2.3515368674264
29	1147696	696	2.3918075724234
29	1147696	697	2.3535367479835
29	1147696	698	2.3468136959444
29	1147696	699	2.3457883568823
29	1147696	700	2.3614604144631
29	1147696	701	2.349674276084
29	1147696	702	2.3557967709569
29	1147696	703	2.3646712894377
29	1147696	704	2.3585642132618
29	1147696	705	2.3418405092024
29	1147696	706	2.3482397716461
29	1147696	707	2.3561210766248
29	1147696	708	2.3580451201366
29	1147696	709	2.3586457400836
29	1147696	710	2.3616815132708
29	1147696	711	2.3681968206925
29	1147696	712	2.353791774477
29	1147696	713	2.3622150069576
29	1147696	714	2.3517487613544
29	1147696	715	2.356048620285
29	1147696	716	2.3500709584766
29	1147696	717	2.3587525935183
29	1147696	718	2.3844883303411
29	1147696	719	2.348036994142
29	1147696	720	2.3558268013616
29	1147696	721	2.36478560421
29	1147696	722	2.3538065121962
29	1147696	723	2.3517676959917
29	1147696	724	2.3516601818414
29	1147696	725	2.3518831534414
29	1147696	726	2.3516141575525
29	1147696	727	2.3517601593574
29	1147696	728	2.3584542793073
29	1147696	729	2.36797466667
29	1147696	730	2.3554852622207
29	1147696	731	2.3646952086705
29	1147696	732	2.3727337327483
29	1147696	733	2.3560685200416
29	1147696	734	2.3646338384379
29	1147696	735	2.3611698985113
29	1147696	736	2.3456082418254
29	1147696	737	2.3613321601196
29	1147696	738	2.3585570606287
29	1147696	739	2.3494196328566
29	1147696	740	2.430887431072
29	1147696	741	2.3537770376434
29	1147696	742	2.3781479368435
29	1147696	743	2.3457887751378
29	1147696	744	2.3646810821706
29	1147696	745	2.3456628330862
29	1147696	746	2.3559551913422
29	1147696	747	2.353790299972
29	1147696	748	2.3455960472396
29	1147696	749	2.3615438227666
29	1147696	750	2.358357328695
