version 2
run General-1-20150519-13:10:25-30101
attr D two_lru
attr F nrr
attr R lru
attr a 1
attr configname General
attr datetime 20150519-13:10:25
attr experiment General
attr inifile omnetpp.ini
attr iterationvars "$net=geant, $rep=0, $a=1, $F=nrr, $ttl=1000, $D=two_lru, $R=lru"
attr iterationvars2 "$net=geant, $rep=0, $a=1, $F=nrr, $ttl=1000, $D=two_lru, $R=lru, $repetition=0"
attr measurement "$net=geant, $rep=0, $a=1, $F=nrr, $ttl=1000, $D=two_lru, $R=lru"
attr net geant
attr network networks.${net=geant}_network
attr processid 30101
attr rep 0
attr repetition 0
attr replication #0
attr resultdir results
attr runnumber 1
attr seedset 0
attr ttl 1000

vector 0  geant_network.node[0].content_store  hit_node[0]  ETV
0	992239	1	-nan
0	992239	2	-nan
0	992239	3	-nan
0	992239	4	-nan
0	992239	5	-nan
0	992239	6	-nan
0	992239	7	-nan
0	992239	8	-nan
0	992239	9	-nan
0	992239	10	-nan
0	992239	11	-nan
0	992239	12	-nan
0	992239	13	-nan
0	992239	14	-nan
0	992239	15	-nan
0	992239	16	-nan
0	992239	17	-nan
0	992239	18	-nan
0	992239	19	-nan
0	992239	20	-nan
0	992239	21	-nan
0	992239	22	-nan
0	992239	23	-nan
0	992239	24	-nan
0	992239	25	-nan
0	992239	26	-nan
0	992239	27	-nan
0	992239	28	-nan
0	992239	29	-nan
0	992239	30	-nan
0	992239	31	-nan
0	992239	32	-nan
0	992239	33	-nan
0	992239	34	-nan
0	992239	35	-nan
0	992239	36	-nan
0	992239	37	-nan
0	992239	38	-nan
0	992239	39	-nan
0	992239	40	-nan
0	992239	41	-nan
0	992239	42	-nan
0	992239	43	-nan
0	992239	44	-nan
0	992239	45	-nan
0	992239	46	-nan
0	992239	47	-nan
0	992239	48	-nan
0	992239	49	-nan
0	992239	50	-nan
0	992239	51	-nan
0	992239	52	-nan
0	992239	53	-nan
0	992239	54	-nan
0	992239	55	-nan
0	992239	56	-nan
0	992239	57	-nan
0	992239	58	-nan
0	992239	59	-nan
0	992239	60	-nan
0	992239	61	-nan
0	992239	62	-nan
0	992239	63	-nan
0	992239	64	-nan
0	992239	65	-nan
0	992239	66	-nan
0	992239	67	-nan
0	992239	68	-nan
0	992239	69	-nan
0	992239	70	-nan
0	992239	71	-nan
0	992239	72	-nan
0	992239	73	-nan
0	992239	74	-nan
0	992239	75	-nan
0	992239	76	-nan
vector 1  geant_network.node[1].content_store  hit_node[1]  ETV
1	992239	1	-nan
1	992239	2	-nan
1	992239	3	-nan
1	992239	4	-nan
1	992239	5	-nan
1	992239	6	-nan
1	992239	7	-nan
1	992239	8	-nan
1	992239	9	-nan
1	992239	10	-nan
1	992239	11	-nan
1	992239	12	-nan
1	992239	13	-nan
1	992239	14	-nan
1	992239	15	-nan
1	992239	16	-nan
1	992239	17	-nan
1	992239	18	-nan
1	992239	19	-nan
1	992239	20	-nan
1	992239	21	-nan
1	992239	22	-nan
1	992239	23	-nan
1	992239	24	-nan
1	992239	25	-nan
1	992239	26	-nan
1	992239	27	-nan
1	992239	28	-nan
1	992239	29	-nan
1	992239	30	-nan
1	992239	31	-nan
1	992239	32	-nan
1	992239	33	-nan
1	992239	34	-nan
1	992239	35	-nan
1	992239	36	-nan
1	992239	37	-nan
1	992239	38	-nan
1	992239	39	-nan
1	992239	40	-nan
1	992239	41	-nan
1	992239	42	-nan
1	992239	43	-nan
1	992239	44	-nan
1	992239	45	-nan
1	992239	46	-nan
1	992239	47	-nan
1	992239	48	-nan
1	992239	49	-nan
1	992239	50	-nan
1	992239	51	-nan
1	992239	52	-nan
1	992239	53	-nan
1	992239	54	-nan
1	992239	55	-nan
1	992239	56	-nan
1	992239	57	-nan
1	992239	58	-nan
1	992239	59	-nan
1	992239	60	-nan
1	992239	61	-nan
1	992239	62	-nan
1	992239	63	-nan
1	992239	64	-nan
1	992239	65	-nan
1	992239	66	-nan
1	992239	67	-nan
1	992239	68	-nan
1	992239	69	-nan
1	992239	70	-nan
1	992239	71	-nan
1	992239	72	-nan
1	992239	73	-nan
1	992239	74	-nan
1	992239	75	-nan
1	992239	76	-nan
vector 2  geant_network.node[2].content_store  hit_node[2]  ETV
2	992239	1	-nan
2	992239	2	-nan
2	992239	3	-nan
2	992239	4	-nan
2	992239	5	-nan
2	992239	6	-nan
2	992239	7	-nan
2	992239	8	-nan
2	992239	9	-nan
2	992239	10	-nan
2	992239	11	-nan
2	992239	12	-nan
2	992239	13	-nan
2	992239	14	-nan
2	992239	15	-nan
2	992239	16	-nan
2	992239	17	-nan
2	992239	18	-nan
2	992239	19	-nan
2	992239	20	-nan
2	992239	21	-nan
2	992239	22	-nan
2	992239	23	-nan
2	992239	24	-nan
2	992239	25	-nan
2	992239	26	-nan
2	992239	27	-nan
2	992239	28	-nan
2	992239	29	-nan
2	992239	30	-nan
2	992239	31	-nan
2	992239	32	-nan
2	992239	33	-nan
2	992239	34	-nan
2	992239	35	-nan
2	992239	36	-nan
2	992239	37	-nan
2	992239	38	-nan
2	992239	39	-nan
2	992239	40	-nan
2	992239	41	-nan
2	992239	42	-nan
2	992239	43	-nan
2	992239	44	-nan
2	992239	45	-nan
2	992239	46	-nan
2	992239	47	-nan
2	992239	48	-nan
2	992239	49	-nan
2	992239	50	-nan
2	992239	51	-nan
2	992239	52	-nan
2	992239	53	-nan
2	992239	54	-nan
2	992239	55	-nan
2	992239	56	-nan
2	992239	57	-nan
2	992239	58	-nan
2	992239	59	-nan
2	992239	60	-nan
2	992239	61	-nan
2	992239	62	-nan
2	992239	63	-nan
2	992239	64	-nan
2	992239	65	-nan
2	992239	66	-nan
2	992239	67	-nan
2	992239	68	-nan
2	992239	69	-nan
2	992239	70	-nan
2	992239	71	-nan
2	992239	72	-nan
2	992239	73	-nan
2	992239	74	-nan
2	992239	75	-nan
2	992239	76	-nan
vector 3  geant_network.node[3].content_store  hit_node[3]  ETV
3	992239	1	-nan
3	992239	2	-nan
3	992239	3	-nan
3	992239	4	0
3	992239	5	0
3	992239	6	0
3	992239	7	0
3	992239	8	0
3	992239	9	0
3	992239	10	0
3	992239	11	0
3	992239	12	0
3	992239	13	0
3	992239	14	0
3	992239	15	0
3	992239	16	0
3	992239	17	0
3	992239	18	0
3	992239	19	0
3	992239	20	0
3	992239	21	0
3	992239	22	0
3	992239	23	0
3	992239	24	0
3	992239	25	0
3	992239	26	0
3	992239	27	0
3	992239	28	0.33333333333333
3	992239	29	0
3	992239	30	0
3	992239	31	0
3	992239	32	0
3	992239	33	0
3	992239	34	0
3	992239	35	0
3	992239	36	0
3	992239	37	0
3	992239	38	0
3	992239	39	0
3	992239	40	0
3	992239	41	0
3	992239	42	0
3	992239	43	0
3	992239	44	0
3	992239	45	0
3	992239	46	0
3	992239	47	0
3	992239	48	0
3	992239	49	0
3	992239	50	0
3	992239	51	0
3	992239	52	0
3	992239	53	0
3	992239	54	0
3	992239	55	0
3	992239	56	0
3	992239	57	0
3	992239	58	0
3	992239	59	0
3	992239	60	0
3	992239	61	0
3	992239	62	0
3	992239	63	0
3	992239	64	0
3	992239	65	0
3	992239	66	0
3	992239	67	0
3	992239	68	0
3	992239	69	0
3	992239	70	0
3	992239	71	0
3	992239	72	0
3	992239	73	0
3	992239	74	0
3	992239	75	0
3	992239	76	0
vector 4  geant_network.node[4].content_store  hit_node[4]  ETV
4	992239	1	-nan
4	992239	2	-nan
4	992239	3	-nan
4	992239	4	-nan
4	992239	5	-nan
4	992239	6	-nan
4	992239	7	-nan
4	992239	8	-nan
4	992239	9	-nan
4	992239	10	-nan
4	992239	11	-nan
4	992239	12	-nan
4	992239	13	-nan
4	992239	14	-nan
4	992239	15	-nan
4	992239	16	-nan
4	992239	17	-nan
4	992239	18	-nan
4	992239	19	-nan
4	992239	20	-nan
4	992239	21	-nan
4	992239	22	-nan
4	992239	23	-nan
4	992239	24	-nan
4	992239	25	-nan
4	992239	26	-nan
4	992239	27	-nan
4	992239	28	-nan
4	992239	29	-nan
4	992239	30	-nan
4	992239	31	-nan
4	992239	32	-nan
4	992239	33	-nan
4	992239	34	-nan
4	992239	35	-nan
4	992239	36	-nan
4	992239	37	-nan
4	992239	38	-nan
4	992239	39	-nan
4	992239	40	-nan
4	992239	41	-nan
4	992239	42	-nan
4	992239	43	-nan
4	992239	44	-nan
4	992239	45	-nan
4	992239	46	-nan
4	992239	47	-nan
4	992239	48	-nan
4	992239	49	-nan
4	992239	50	-nan
4	992239	51	-nan
4	992239	52	-nan
4	992239	53	-nan
4	992239	54	-nan
4	992239	55	-nan
4	992239	56	-nan
4	992239	57	-nan
4	992239	58	-nan
4	992239	59	-nan
4	992239	60	-nan
4	992239	61	-nan
4	992239	62	-nan
4	992239	63	-nan
4	992239	64	-nan
4	992239	65	-nan
4	992239	66	-nan
4	992239	67	-nan
4	992239	68	-nan
4	992239	69	-nan
4	992239	70	-nan
4	992239	71	-nan
4	992239	72	-nan
4	992239	73	-nan
4	992239	74	-nan
4	992239	75	-nan
4	992239	76	-nan
vector 5  geant_network.node[5].content_store  hit_node[5]  ETV
5	992239	1	-nan
5	992239	2	-nan
5	992239	3	-nan
5	992239	4	0
5	992239	5	0
5	992239	6	0
5	992239	7	0
5	992239	8	0
5	992239	9	0
5	992239	10	0
5	992239	11	0
5	992239	12	0
5	992239	13	0
5	992239	14	0
5	992239	15	0
5	992239	16	0
5	992239	17	0
5	992239	18	0
5	992239	19	0
5	992239	20	0
5	992239	21	0
5	992239	22	0
5	992239	23	0
5	992239	24	0
5	992239	25	0
5	992239	26	0
5	992239	27	0
5	992239	28	0
5	992239	29	0
5	992239	30	0
5	992239	31	0
5	992239	32	0
5	992239	33	0
5	992239	34	0
5	992239	35	0
5	992239	36	0
5	992239	37	0
5	992239	38	0
5	992239	39	0
5	992239	40	0
5	992239	41	0
5	992239	42	0
5	992239	43	0
5	992239	44	0
5	992239	45	0
5	992239	46	0
5	992239	47	0
5	992239	48	0
5	992239	49	0
5	992239	50	0
5	992239	51	0
5	992239	52	0
5	992239	53	0
5	992239	54	0
5	992239	55	0
5	992239	56	0
5	992239	57	0
5	992239	58	0
5	992239	59	0
5	992239	60	0
5	992239	61	0
5	992239	62	0
5	992239	63	0
5	992239	64	0
5	992239	65	0
5	992239	66	0
5	992239	67	0
5	992239	68	0
5	992239	69	0
5	992239	70	0
5	992239	71	0
5	992239	72	0
5	992239	73	0
5	992239	74	0
5	992239	75	0
5	992239	76	0
vector 6  geant_network.node[6].content_store  hit_node[6]  ETV
6	992239	1	-nan
6	992239	2	-nan
6	992239	3	-nan
6	992239	4	-nan
6	992239	5	-nan
6	992239	6	-nan
6	992239	7	-nan
6	992239	8	-nan
6	992239	9	-nan
6	992239	10	-nan
6	992239	11	-nan
6	992239	12	-nan
6	992239	13	-nan
6	992239	14	-nan
6	992239	15	-nan
6	992239	16	-nan
6	992239	17	-nan
6	992239	18	-nan
6	992239	19	-nan
6	992239	20	-nan
6	992239	21	-nan
6	992239	22	-nan
6	992239	23	-nan
6	992239	24	-nan
6	992239	25	-nan
6	992239	26	-nan
6	992239	27	-nan
6	992239	28	-nan
6	992239	29	-nan
6	992239	30	-nan
6	992239	31	-nan
6	992239	32	-nan
6	992239	33	-nan
6	992239	34	-nan
6	992239	35	-nan
6	992239	36	-nan
6	992239	37	-nan
6	992239	38	-nan
6	992239	39	-nan
6	992239	40	-nan
6	992239	41	-nan
6	992239	42	-nan
6	992239	43	-nan
6	992239	44	-nan
6	992239	45	-nan
6	992239	46	-nan
6	992239	47	-nan
6	992239	48	-nan
6	992239	49	-nan
6	992239	50	-nan
6	992239	51	-nan
6	992239	52	-nan
6	992239	53	-nan
6	992239	54	-nan
6	992239	55	-nan
6	992239	56	-nan
6	992239	57	-nan
6	992239	58	-nan
6	992239	59	-nan
6	992239	60	-nan
6	992239	61	-nan
6	992239	62	-nan
6	992239	63	-nan
6	992239	64	-nan
6	992239	65	-nan
6	992239	66	-nan
6	992239	67	-nan
6	992239	68	-nan
6	992239	69	-nan
6	992239	70	-nan
6	992239	71	-nan
6	992239	72	-nan
6	992239	73	-nan
6	992239	74	-nan
6	992239	75	-nan
6	992239	76	-nan
vector 7  geant_network.node[7].content_store  hit_node[7]  ETV
7	992239	1	-nan
7	992239	2	-nan
7	992239	3	-nan
7	992239	4	-nan
7	992239	5	-nan
7	992239	6	-nan
7	992239	7	-nan
7	992239	8	-nan
7	992239	9	-nan
7	992239	10	-nan
7	992239	11	-nan
7	992239	12	-nan
7	992239	13	-nan
7	992239	14	-nan
7	992239	15	-nan
7	992239	16	-nan
7	992239	17	-nan
7	992239	18	-nan
7	992239	19	-nan
7	992239	20	-nan
7	992239	21	-nan
7	992239	22	-nan
7	992239	23	-nan
7	992239	24	-nan
7	992239	25	-nan
7	992239	26	-nan
7	992239	27	-nan
7	992239	28	-nan
7	992239	29	-nan
7	992239	30	-nan
7	992239	31	-nan
7	992239	32	-nan
7	992239	33	-nan
7	992239	34	-nan
7	992239	35	-nan
7	992239	36	-nan
7	992239	37	-nan
7	992239	38	-nan
7	992239	39	-nan
7	992239	40	-nan
7	992239	41	-nan
7	992239	42	-nan
7	992239	43	-nan
7	992239	44	-nan
7	992239	45	-nan
7	992239	46	-nan
7	992239	47	-nan
7	992239	48	-nan
7	992239	49	-nan
7	992239	50	-nan
7	992239	51	-nan
7	992239	52	-nan
7	992239	53	-nan
7	992239	54	-nan
7	992239	55	-nan
7	992239	56	-nan
7	992239	57	-nan
7	992239	58	-nan
7	992239	59	-nan
7	992239	60	-nan
7	992239	61	-nan
7	992239	62	-nan
7	992239	63	-nan
7	992239	64	-nan
7	992239	65	-nan
7	992239	66	-nan
7	992239	67	-nan
7	992239	68	-nan
7	992239	69	-nan
7	992239	70	-nan
7	992239	71	-nan
7	992239	72	-nan
7	992239	73	-nan
7	992239	74	-nan
7	992239	75	-nan
7	992239	76	-nan
vector 8  geant_network.node[8].content_store  hit_node[8]  ETV
8	992239	1	-nan
8	992239	2	-nan
8	992239	3	-nan
8	992239	4	-nan
8	992239	5	-nan
8	992239	6	-nan
8	992239	7	-nan
8	992239	8	-nan
8	992239	9	-nan
8	992239	10	-nan
8	992239	11	-nan
8	992239	12	-nan
8	992239	13	-nan
8	992239	14	-nan
8	992239	15	-nan
8	992239	16	-nan
8	992239	17	-nan
8	992239	18	-nan
8	992239	19	-nan
8	992239	20	-nan
8	992239	21	-nan
8	992239	22	-nan
8	992239	23	-nan
8	992239	24	-nan
8	992239	25	-nan
8	992239	26	-nan
8	992239	27	-nan
8	992239	28	-nan
8	992239	29	-nan
8	992239	30	-nan
8	992239	31	-nan
8	992239	32	-nan
8	992239	33	-nan
8	992239	34	-nan
8	992239	35	-nan
8	992239	36	-nan
8	992239	37	-nan
8	992239	38	-nan
8	992239	39	-nan
8	992239	40	-nan
8	992239	41	-nan
8	992239	42	-nan
8	992239	43	-nan
8	992239	44	-nan
8	992239	45	-nan
8	992239	46	-nan
8	992239	47	-nan
8	992239	48	-nan
8	992239	49	-nan
8	992239	50	-nan
8	992239	51	-nan
8	992239	52	-nan
8	992239	53	-nan
8	992239	54	-nan
8	992239	55	-nan
8	992239	56	-nan
8	992239	57	-nan
8	992239	58	-nan
8	992239	59	-nan
8	992239	60	-nan
8	992239	61	-nan
8	992239	62	-nan
8	992239	63	-nan
8	992239	64	-nan
8	992239	65	-nan
8	992239	66	-nan
8	992239	67	-nan
8	992239	68	-nan
8	992239	69	-nan
8	992239	70	-nan
8	992239	71	-nan
8	992239	72	-nan
8	992239	73	-nan
8	992239	74	-nan
8	992239	75	-nan
8	992239	76	-nan
vector 9  geant_network.node[9].content_store  hit_node[9]  ETV
9	992239	1	-nan
9	992239	2	-nan
9	992239	3	-nan
9	992239	4	-nan
9	992239	5	-nan
9	992239	6	-nan
9	992239	7	-nan
9	992239	8	-nan
9	992239	9	-nan
9	992239	10	-nan
9	992239	11	-nan
9	992239	12	-nan
9	992239	13	-nan
9	992239	14	-nan
9	992239	15	-nan
9	992239	16	-nan
9	992239	17	-nan
9	992239	18	-nan
9	992239	19	-nan
9	992239	20	-nan
9	992239	21	-nan
9	992239	22	-nan
9	992239	23	-nan
9	992239	24	-nan
9	992239	25	-nan
9	992239	26	-nan
9	992239	27	-nan
9	992239	28	-nan
9	992239	29	-nan
9	992239	30	-nan
9	992239	31	-nan
9	992239	32	-nan
9	992239	33	-nan
9	992239	34	-nan
9	992239	35	-nan
9	992239	36	-nan
9	992239	37	-nan
9	992239	38	-nan
9	992239	39	-nan
9	992239	40	-nan
9	992239	41	-nan
9	992239	42	-nan
9	992239	43	-nan
9	992239	44	-nan
9	992239	45	-nan
9	992239	46	-nan
9	992239	47	-nan
9	992239	48	-nan
9	992239	49	-nan
9	992239	50	-nan
9	992239	51	-nan
9	992239	52	-nan
9	992239	53	-nan
9	992239	54	-nan
9	992239	55	-nan
9	992239	56	-nan
9	992239	57	-nan
9	992239	58	-nan
9	992239	59	-nan
9	992239	60	-nan
9	992239	61	-nan
9	992239	62	-nan
9	992239	63	-nan
9	992239	64	-nan
9	992239	65	-nan
9	992239	66	-nan
9	992239	67	-nan
9	992239	68	-nan
9	992239	69	-nan
9	992239	70	-nan
9	992239	71	-nan
9	992239	72	-nan
9	992239	73	-nan
9	992239	74	-nan
9	992239	75	-nan
9	992239	76	-nan
vector 10  geant_network.node[10].content_store  hit_node[10]  ETV
10	992239	1	-nan
10	992239	2	-nan
10	992239	3	-nan
10	992239	4	-nan
10	992239	5	-nan
10	992239	6	-nan
10	992239	7	-nan
10	992239	8	-nan
10	992239	9	-nan
10	992239	10	-nan
10	992239	11	-nan
10	992239	12	-nan
10	992239	13	-nan
10	992239	14	-nan
10	992239	15	-nan
10	992239	16	-nan
10	992239	17	-nan
10	992239	18	-nan
10	992239	19	-nan
10	992239	20	-nan
10	992239	21	-nan
10	992239	22	-nan
10	992239	23	-nan
10	992239	24	-nan
10	992239	25	-nan
10	992239	26	-nan
10	992239	27	-nan
10	992239	28	-nan
10	992239	29	-nan
10	992239	30	-nan
10	992239	31	-nan
10	992239	32	-nan
10	992239	33	-nan
10	992239	34	-nan
10	992239	35	-nan
10	992239	36	-nan
10	992239	37	-nan
10	992239	38	-nan
10	992239	39	-nan
10	992239	40	-nan
10	992239	41	-nan
10	992239	42	-nan
10	992239	43	-nan
10	992239	44	-nan
10	992239	45	-nan
10	992239	46	-nan
10	992239	47	-nan
10	992239	48	-nan
10	992239	49	-nan
10	992239	50	-nan
10	992239	51	-nan
10	992239	52	-nan
10	992239	53	-nan
10	992239	54	-nan
10	992239	55	-nan
10	992239	56	-nan
10	992239	57	-nan
10	992239	58	-nan
10	992239	59	-nan
10	992239	60	-nan
10	992239	61	-nan
10	992239	62	-nan
10	992239	63	-nan
10	992239	64	-nan
10	992239	65	-nan
10	992239	66	-nan
10	992239	67	-nan
10	992239	68	-nan
10	992239	69	-nan
10	992239	70	-nan
10	992239	71	-nan
10	992239	72	-nan
10	992239	73	-nan
10	992239	74	-nan
10	992239	75	-nan
10	992239	76	-nan
vector 11  geant_network.node[11].content_store  hit_node[11]  ETV
11	992239	1	1
11	992239	2	1
11	992239	3	1
11	992239	4	0.97916666666667
11	992239	5	0.97368421052632
11	992239	6	0.88888888888889
11	992239	7	0.93548387096774
11	992239	8	0.77272727272727
11	992239	9	0.875
11	992239	10	0.82608695652174
11	992239	11	0.57142857142857
11	992239	12	0.64285714285714
11	992239	13	0.73333333333333
11	992239	14	0.44444444444444
11	992239	15	0.57142857142857
11	992239	16	0.4
11	992239	17	0.71428571428571
11	992239	18	0.69230769230769
11	992239	19	0.54545454545455
11	992239	20	0.45454545454545
11	992239	21	0
11	992239	22	0.66666666666667
11	992239	23	0.28571428571429
11	992239	24	0.44444444444444
11	992239	25	0.625
11	992239	26	0.14285714285714
11	992239	27	0
11	992239	28	0
11	992239	29	0.25
11	992239	30	0.42857142857143
11	992239	31	0.25
11	992239	32	0.5
11	992239	33	0
11	992239	34	0.375
11	992239	35	0.33333333333333
11	992239	36	0.5
11	992239	37	0
11	992239	38	0.25
11	992239	39	0.25
11	992239	40	0.2
11	992239	41	0
11	992239	42	0
11	992239	43	0.6
11	992239	44	0.33333333333333
11	992239	45	0.66666666666667
11	992239	46	0.25
11	992239	47	0
11	992239	48	0.2
11	992239	49	0.375
11	992239	50	0
11	992239	51	0.25
11	992239	52	0
11	992239	53	0.33333333333333
11	992239	54	0.28571428571429
11	992239	55	0
11	992239	56	0.5
11	992239	57	0
11	992239	58	0
11	992239	59	0.33333333333333
11	992239	60	0
11	992239	61	0.5
11	992239	62	0.25
11	992239	63	0
11	992239	64	0.25
11	992239	65	0
11	992239	66	0.16666666666667
11	992239	67	0
11	992239	68	0
11	992239	69	0.33333333333333
11	992239	70	0
11	992239	71	0
11	992239	72	0.33333333333333
11	992239	73	0.25
11	992239	74	0.33333333333333
11	992239	75	0.4
11	992239	76	0
vector 12  geant_network.node[12].content_store  hit_node[12]  ETV
12	992239	1	-nan
12	992239	2	-nan
12	992239	3	-nan
12	992239	4	0
12	992239	5	0
12	992239	6	0
12	992239	7	0
12	992239	8	0
12	992239	9	0
12	992239	10	0
12	992239	11	0
12	992239	12	0.2
12	992239	13	0
12	992239	14	0
12	992239	15	0
12	992239	16	0.16666666666667
12	992239	17	0
12	992239	18	0
12	992239	19	0
12	992239	20	0.16666666666667
12	992239	21	0
12	992239	22	0
12	992239	23	0
12	992239	24	0
12	992239	25	0
12	992239	26	0.33333333333333
12	992239	27	0
12	992239	28	0
12	992239	29	0
12	992239	30	0
12	992239	31	0.33333333333333
12	992239	32	0
12	992239	33	0
12	992239	34	0
12	992239	35	0
12	992239	36	0.25
12	992239	37	0
12	992239	38	0
12	992239	39	0
12	992239	40	0
12	992239	41	0
12	992239	42	0
12	992239	43	0
12	992239	44	0
12	992239	45	0
12	992239	46	0
12	992239	47	0
12	992239	48	0
12	992239	49	0
12	992239	50	0.2
12	992239	51	0
12	992239	52	0
12	992239	53	0
12	992239	54	0
12	992239	55	0.2
12	992239	56	0
12	992239	57	0
12	992239	58	0
12	992239	59	0
12	992239	60	0.5
12	992239	61	0
12	992239	62	0
12	992239	63	0
12	992239	64	0
12	992239	65	0
12	992239	66	0
12	992239	67	0
12	992239	68	0
12	992239	69	0
12	992239	70	0
12	992239	71	0.5
12	992239	72	0
12	992239	73	0
12	992239	74	0
12	992239	75	0
12	992239	76	0
vector 13  geant_network.node[13].content_store  hit_node[13]  ETV
13	992239	1	-nan
13	992239	2	-nan
13	992239	3	-nan
13	992239	4	-nan
13	992239	5	-nan
13	992239	6	-nan
13	992239	7	-nan
13	992239	8	-nan
13	992239	9	-nan
13	992239	10	-nan
13	992239	11	-nan
13	992239	12	-nan
13	992239	13	-nan
13	992239	14	-nan
13	992239	15	-nan
13	992239	16	-nan
13	992239	17	-nan
13	992239	18	-nan
13	992239	19	-nan
13	992239	20	-nan
13	992239	21	-nan
13	992239	22	-nan
13	992239	23	-nan
13	992239	24	-nan
13	992239	25	-nan
13	992239	26	-nan
13	992239	27	-nan
13	992239	28	-nan
13	992239	29	-nan
13	992239	30	-nan
13	992239	31	-nan
13	992239	32	-nan
13	992239	33	-nan
13	992239	34	-nan
13	992239	35	-nan
13	992239	36	-nan
13	992239	37	-nan
13	992239	38	-nan
13	992239	39	-nan
13	992239	40	-nan
13	992239	41	-nan
13	992239	42	-nan
13	992239	43	-nan
13	992239	44	-nan
13	992239	45	-nan
13	992239	46	-nan
13	992239	47	-nan
13	992239	48	-nan
13	992239	49	-nan
13	992239	50	-nan
13	992239	51	-nan
13	992239	52	-nan
13	992239	53	-nan
13	992239	54	-nan
13	992239	55	-nan
13	992239	56	-nan
13	992239	57	-nan
13	992239	58	-nan
13	992239	59	-nan
13	992239	60	-nan
13	992239	61	-nan
13	992239	62	-nan
13	992239	63	-nan
13	992239	64	-nan
13	992239	65	-nan
13	992239	66	-nan
13	992239	67	-nan
13	992239	68	-nan
13	992239	69	-nan
13	992239	70	-nan
13	992239	71	-nan
13	992239	72	-nan
13	992239	73	-nan
13	992239	74	-nan
13	992239	75	-nan
13	992239	76	-nan
vector 14  geant_network.node[14].content_store  hit_node[14]  ETV
14	992239	1	-nan
14	992239	2	-nan
14	992239	3	-nan
14	992239	4	-nan
14	992239	5	-nan
14	992239	6	-nan
14	992239	7	-nan
14	992239	8	-nan
14	992239	9	-nan
14	992239	10	-nan
14	992239	11	-nan
14	992239	12	-nan
14	992239	13	-nan
14	992239	14	-nan
14	992239	15	-nan
14	992239	16	-nan
14	992239	17	-nan
14	992239	18	-nan
14	992239	19	-nan
14	992239	20	-nan
14	992239	21	-nan
14	992239	22	-nan
14	992239	23	-nan
14	992239	24	-nan
14	992239	25	-nan
14	992239	26	-nan
14	992239	27	-nan
14	992239	28	-nan
14	992239	29	-nan
14	992239	30	-nan
14	992239	31	-nan
14	992239	32	-nan
14	992239	33	-nan
14	992239	34	-nan
14	992239	35	-nan
14	992239	36	-nan
14	992239	37	-nan
14	992239	38	-nan
14	992239	39	-nan
14	992239	40	-nan
14	992239	41	-nan
14	992239	42	-nan
14	992239	43	-nan
14	992239	44	-nan
14	992239	45	-nan
14	992239	46	-nan
14	992239	47	-nan
14	992239	48	-nan
14	992239	49	-nan
14	992239	50	-nan
14	992239	51	-nan
14	992239	52	-nan
14	992239	53	-nan
14	992239	54	-nan
14	992239	55	-nan
14	992239	56	-nan
14	992239	57	-nan
14	992239	58	-nan
14	992239	59	-nan
14	992239	60	-nan
14	992239	61	-nan
14	992239	62	-nan
14	992239	63	-nan
14	992239	64	-nan
14	992239	65	-nan
14	992239	66	-nan
14	992239	67	-nan
14	992239	68	-nan
14	992239	69	-nan
14	992239	70	-nan
14	992239	71	-nan
14	992239	72	-nan
14	992239	73	-nan
14	992239	74	-nan
14	992239	75	-nan
14	992239	76	-nan
vector 15  geant_network.node[15].content_store  hit_node[15]  ETV
15	992239	1	-nan
15	992239	2	-nan
15	992239	3	-nan
15	992239	4	-nan
15	992239	5	-nan
15	992239	6	-nan
15	992239	7	-nan
15	992239	8	-nan
15	992239	9	-nan
15	992239	10	-nan
15	992239	11	-nan
15	992239	12	-nan
15	992239	13	-nan
15	992239	14	-nan
15	992239	15	-nan
15	992239	16	-nan
15	992239	17	-nan
15	992239	18	-nan
15	992239	19	-nan
15	992239	20	-nan
15	992239	21	-nan
15	992239	22	-nan
15	992239	23	-nan
15	992239	24	-nan
15	992239	25	-nan
15	992239	26	-nan
15	992239	27	-nan
15	992239	28	-nan
15	992239	29	-nan
15	992239	30	-nan
15	992239	31	-nan
15	992239	32	-nan
15	992239	33	-nan
15	992239	34	-nan
15	992239	35	-nan
15	992239	36	-nan
15	992239	37	-nan
15	992239	38	-nan
15	992239	39	-nan
15	992239	40	-nan
15	992239	41	-nan
15	992239	42	-nan
15	992239	43	-nan
15	992239	44	-nan
15	992239	45	-nan
15	992239	46	-nan
15	992239	47	-nan
15	992239	48	-nan
15	992239	49	-nan
15	992239	50	-nan
15	992239	51	-nan
15	992239	52	-nan
15	992239	53	-nan
15	992239	54	-nan
15	992239	55	-nan
15	992239	56	-nan
15	992239	57	-nan
15	992239	58	-nan
15	992239	59	-nan
15	992239	60	-nan
15	992239	61	-nan
15	992239	62	-nan
15	992239	63	-nan
15	992239	64	-nan
15	992239	65	-nan
15	992239	66	-nan
15	992239	67	-nan
15	992239	68	-nan
15	992239	69	-nan
15	992239	70	-nan
15	992239	71	-nan
15	992239	72	-nan
15	992239	73	-nan
15	992239	74	-nan
15	992239	75	-nan
15	992239	76	-nan
vector 16  geant_network.node[16].content_store  hit_node[16]  ETV
16	992239	1	-nan
16	992239	2	-nan
16	992239	3	-nan
16	992239	4	-nan
16	992239	5	-nan
16	992239	6	-nan
16	992239	7	-nan
16	992239	8	-nan
16	992239	9	-nan
16	992239	10	-nan
16	992239	11	-nan
16	992239	12	-nan
16	992239	13	-nan
16	992239	14	-nan
16	992239	15	-nan
16	992239	16	-nan
16	992239	17	-nan
16	992239	18	-nan
16	992239	19	-nan
16	992239	20	-nan
16	992239	21	-nan
16	992239	22	-nan
16	992239	23	-nan
16	992239	24	-nan
16	992239	25	-nan
16	992239	26	-nan
16	992239	27	-nan
16	992239	28	-nan
16	992239	29	-nan
16	992239	30	-nan
16	992239	31	-nan
16	992239	32	-nan
16	992239	33	-nan
16	992239	34	-nan
16	992239	35	-nan
16	992239	36	-nan
16	992239	37	-nan
16	992239	38	-nan
16	992239	39	-nan
16	992239	40	-nan
16	992239	41	-nan
16	992239	42	-nan
16	992239	43	-nan
16	992239	44	-nan
16	992239	45	-nan
16	992239	46	-nan
16	992239	47	-nan
16	992239	48	-nan
16	992239	49	-nan
16	992239	50	-nan
16	992239	51	-nan
16	992239	52	-nan
16	992239	53	-nan
16	992239	54	-nan
16	992239	55	-nan
16	992239	56	-nan
16	992239	57	-nan
16	992239	58	-nan
16	992239	59	-nan
16	992239	60	-nan
16	992239	61	-nan
16	992239	62	-nan
16	992239	63	-nan
16	992239	64	-nan
16	992239	65	-nan
16	992239	66	-nan
16	992239	67	-nan
16	992239	68	-nan
16	992239	69	-nan
16	992239	70	-nan
16	992239	71	-nan
16	992239	72	-nan
16	992239	73	-nan
16	992239	74	-nan
16	992239	75	-nan
16	992239	76	-nan
vector 17  geant_network.node[17].content_store  hit_node[17]  ETV
17	992239	1	-nan
17	992239	2	-nan
17	992239	3	-nan
17	992239	4	-nan
17	992239	5	-nan
17	992239	6	-nan
17	992239	7	-nan
17	992239	8	-nan
17	992239	9	-nan
17	992239	10	-nan
17	992239	11	-nan
17	992239	12	-nan
17	992239	13	-nan
17	992239	14	-nan
17	992239	15	-nan
17	992239	16	-nan
17	992239	17	-nan
17	992239	18	-nan
17	992239	19	-nan
17	992239	20	-nan
17	992239	21	-nan
17	992239	22	-nan
17	992239	23	-nan
17	992239	24	-nan
17	992239	25	-nan
17	992239	26	-nan
17	992239	27	-nan
17	992239	28	-nan
17	992239	29	-nan
17	992239	30	-nan
17	992239	31	-nan
17	992239	32	-nan
17	992239	33	-nan
17	992239	34	-nan
17	992239	35	-nan
17	992239	36	-nan
17	992239	37	-nan
17	992239	38	-nan
17	992239	39	-nan
17	992239	40	-nan
17	992239	41	-nan
17	992239	42	-nan
17	992239	43	-nan
17	992239	44	-nan
17	992239	45	-nan
17	992239	46	-nan
17	992239	47	-nan
17	992239	48	-nan
17	992239	49	-nan
17	992239	50	-nan
17	992239	51	-nan
17	992239	52	-nan
17	992239	53	-nan
17	992239	54	-nan
17	992239	55	-nan
17	992239	56	-nan
17	992239	57	-nan
17	992239	58	-nan
17	992239	59	-nan
17	992239	60	-nan
17	992239	61	-nan
17	992239	62	-nan
17	992239	63	-nan
17	992239	64	-nan
17	992239	65	-nan
17	992239	66	-nan
17	992239	67	-nan
17	992239	68	-nan
17	992239	69	-nan
17	992239	70	-nan
17	992239	71	-nan
17	992239	72	-nan
17	992239	73	-nan
17	992239	74	-nan
17	992239	75	-nan
17	992239	76	-nan
vector 18  geant_network.node[18].content_store  hit_node[18]  ETV
18	992239	1	-nan
18	992239	2	-nan
18	992239	3	-nan
18	992239	4	-nan
18	992239	5	-nan
18	992239	6	-nan
18	992239	7	-nan
18	992239	8	-nan
18	992239	9	-nan
18	992239	10	-nan
18	992239	11	-nan
18	992239	12	-nan
18	992239	13	-nan
18	992239	14	-nan
18	992239	15	-nan
18	992239	16	-nan
18	992239	17	-nan
18	992239	18	-nan
18	992239	19	-nan
18	992239	20	-nan
18	992239	21	-nan
18	992239	22	-nan
18	992239	23	-nan
18	992239	24	-nan
18	992239	25	-nan
18	992239	26	-nan
18	992239	27	-nan
18	992239	28	-nan
18	992239	29	-nan
18	992239	30	-nan
18	992239	31	-nan
18	992239	32	-nan
18	992239	33	-nan
18	992239	34	-nan
18	992239	35	-nan
18	992239	36	-nan
18	992239	37	-nan
18	992239	38	-nan
18	992239	39	-nan
18	992239	40	-nan
18	992239	41	-nan
18	992239	42	-nan
18	992239	43	-nan
18	992239	44	-nan
18	992239	45	-nan
18	992239	46	-nan
18	992239	47	-nan
18	992239	48	-nan
18	992239	49	-nan
18	992239	50	-nan
18	992239	51	-nan
18	992239	52	-nan
18	992239	53	-nan
18	992239	54	-nan
18	992239	55	-nan
18	992239	56	-nan
18	992239	57	-nan
18	992239	58	-nan
18	992239	59	-nan
18	992239	60	-nan
18	992239	61	-nan
18	992239	62	-nan
18	992239	63	-nan
18	992239	64	-nan
18	992239	65	-nan
18	992239	66	-nan
18	992239	67	-nan
18	992239	68	-nan
18	992239	69	-nan
18	992239	70	-nan
18	992239	71	-nan
18	992239	72	-nan
18	992239	73	-nan
18	992239	74	-nan
18	992239	75	-nan
18	992239	76	-nan
vector 19  geant_network.node[19].content_store  hit_node[19]  ETV
19	992239	1	-nan
19	992239	2	-nan
19	992239	3	-nan
19	992239	4	-nan
19	992239	5	-nan
19	992239	6	-nan
19	992239	7	-nan
19	992239	8	-nan
19	992239	9	-nan
19	992239	10	-nan
19	992239	11	-nan
19	992239	12	-nan
19	992239	13	-nan
19	992239	14	-nan
19	992239	15	-nan
19	992239	16	-nan
19	992239	17	-nan
19	992239	18	-nan
19	992239	19	-nan
19	992239	20	-nan
19	992239	21	-nan
19	992239	22	-nan
19	992239	23	-nan
19	992239	24	-nan
19	992239	25	-nan
19	992239	26	-nan
19	992239	27	-nan
19	992239	28	-nan
19	992239	29	-nan
19	992239	30	-nan
19	992239	31	-nan
19	992239	32	-nan
19	992239	33	-nan
19	992239	34	-nan
19	992239	35	-nan
19	992239	36	-nan
19	992239	37	-nan
19	992239	38	-nan
19	992239	39	-nan
19	992239	40	-nan
19	992239	41	-nan
19	992239	42	-nan
19	992239	43	-nan
19	992239	44	-nan
19	992239	45	-nan
19	992239	46	-nan
19	992239	47	-nan
19	992239	48	-nan
19	992239	49	-nan
19	992239	50	-nan
19	992239	51	-nan
19	992239	52	-nan
19	992239	53	-nan
19	992239	54	-nan
19	992239	55	-nan
19	992239	56	-nan
19	992239	57	-nan
19	992239	58	-nan
19	992239	59	-nan
19	992239	60	-nan
19	992239	61	-nan
19	992239	62	-nan
19	992239	63	-nan
19	992239	64	-nan
19	992239	65	-nan
19	992239	66	-nan
19	992239	67	-nan
19	992239	68	-nan
19	992239	69	-nan
19	992239	70	-nan
19	992239	71	-nan
19	992239	72	-nan
19	992239	73	-nan
19	992239	74	-nan
19	992239	75	-nan
19	992239	76	-nan
vector 20  geant_network.node[20].content_store  hit_node[20]  ETV
20	992239	1	-nan
20	992239	2	-nan
20	992239	3	-nan
20	992239	4	-nan
20	992239	5	-nan
20	992239	6	-nan
20	992239	7	-nan
20	992239	8	-nan
20	992239	9	-nan
20	992239	10	-nan
20	992239	11	-nan
20	992239	12	-nan
20	992239	13	-nan
20	992239	14	-nan
20	992239	15	-nan
20	992239	16	-nan
20	992239	17	-nan
20	992239	18	-nan
20	992239	19	-nan
20	992239	20	-nan
20	992239	21	-nan
20	992239	22	-nan
20	992239	23	-nan
20	992239	24	-nan
20	992239	25	-nan
20	992239	26	-nan
20	992239	27	-nan
20	992239	28	-nan
20	992239	29	-nan
20	992239	30	-nan
20	992239	31	-nan
20	992239	32	-nan
20	992239	33	-nan
20	992239	34	-nan
20	992239	35	-nan
20	992239	36	-nan
20	992239	37	-nan
20	992239	38	-nan
20	992239	39	-nan
20	992239	40	-nan
20	992239	41	-nan
20	992239	42	-nan
20	992239	43	-nan
20	992239	44	-nan
20	992239	45	-nan
20	992239	46	-nan
20	992239	47	-nan
20	992239	48	-nan
20	992239	49	-nan
20	992239	50	-nan
20	992239	51	-nan
20	992239	52	-nan
20	992239	53	-nan
20	992239	54	-nan
20	992239	55	-nan
20	992239	56	-nan
20	992239	57	-nan
20	992239	58	-nan
20	992239	59	-nan
20	992239	60	-nan
20	992239	61	-nan
20	992239	62	-nan
20	992239	63	-nan
20	992239	64	-nan
20	992239	65	-nan
20	992239	66	-nan
20	992239	67	-nan
20	992239	68	-nan
20	992239	69	-nan
20	992239	70	-nan
20	992239	71	-nan
20	992239	72	-nan
20	992239	73	-nan
20	992239	74	-nan
20	992239	75	-nan
20	992239	76	-nan
vector 21  geant_network.node[21].content_store  hit_node[21]  ETV
21	992239	1	-nan
21	992239	2	-nan
21	992239	3	-nan
21	992239	4	-nan
21	992239	5	-nan
21	992239	6	-nan
21	992239	7	-nan
21	992239	8	-nan
21	992239	9	-nan
21	992239	10	-nan
21	992239	11	-nan
21	992239	12	-nan
21	992239	13	-nan
21	992239	14	-nan
21	992239	15	-nan
21	992239	16	-nan
21	992239	17	-nan
21	992239	18	-nan
21	992239	19	-nan
21	992239	20	-nan
21	992239	21	-nan
21	992239	22	-nan
21	992239	23	-nan
21	992239	24	-nan
21	992239	25	-nan
21	992239	26	-nan
21	992239	27	-nan
21	992239	28	-nan
21	992239	29	-nan
21	992239	30	-nan
21	992239	31	-nan
21	992239	32	-nan
21	992239	33	-nan
21	992239	34	-nan
21	992239	35	-nan
21	992239	36	-nan
21	992239	37	-nan
21	992239	38	-nan
21	992239	39	-nan
21	992239	40	-nan
21	992239	41	-nan
21	992239	42	-nan
21	992239	43	-nan
21	992239	44	-nan
21	992239	45	-nan
21	992239	46	-nan
21	992239	47	-nan
21	992239	48	-nan
21	992239	49	-nan
21	992239	50	-nan
21	992239	51	-nan
21	992239	52	-nan
21	992239	53	-nan
21	992239	54	-nan
21	992239	55	-nan
21	992239	56	-nan
21	992239	57	-nan
21	992239	58	-nan
21	992239	59	-nan
21	992239	60	-nan
21	992239	61	-nan
21	992239	62	-nan
21	992239	63	-nan
21	992239	64	-nan
21	992239	65	-nan
21	992239	66	-nan
21	992239	67	-nan
21	992239	68	-nan
21	992239	69	-nan
21	992239	70	-nan
21	992239	71	-nan
21	992239	72	-nan
21	992239	73	-nan
21	992239	74	-nan
21	992239	75	-nan
21	992239	76	-nan
vector 22  geant_network.client[11]  hdistance[11]  ETV
22	992239	1	0
22	992239	2	0
22	992239	3	0
22	992239	4	0.083333333333333
22	992239	5	0.10526315789474
22	992239	6	0.44444444444444
22	992239	7	0.25806451612903
22	992239	8	0.90909090909091
22	992239	9	0.5
22	992239	10	0.69565217391304
22	992239	11	1.7142857142857
22	992239	12	1.2142857142857
22	992239	13	1.0666666666667
22	992239	14	2.2222222222222
22	992239	15	1.7142857142857
22	992239	16	2.1
22	992239	17	1.1428571428571
22	992239	18	1.2307692307692
22	992239	19	1.8181818181818
22	992239	20	1.9090909090909
22	992239	21	4
22	992239	22	1.3333333333333
22	992239	23	2.8571428571429
22	992239	24	2.2222222222222
22	992239	25	1.5
22	992239	26	2.5714285714286
22	992239	27	4
22	992239	28	3.3333333333333
22	992239	29	3
22	992239	30	2.2857142857143
22	992239	31	2.25
22	992239	32	2
22	992239	33	4
22	992239	34	2.5
22	992239	35	2.6666666666667
22	992239	36	1.625
22	992239	37	4
22	992239	38	3
22	992239	39	3
22	992239	40	3.2
22	992239	41	4
22	992239	42	4
22	992239	43	1.6
22	992239	44	2.6666666666667
22	992239	45	1.3333333333333
22	992239	46	3
22	992239	47	4
22	992239	48	3.2
22	992239	49	2.5
22	992239	50	3.4
22	992239	51	3
22	992239	52	4
22	992239	53	2.6666666666667
22	992239	54	2.8571428571429
22	992239	55	3.4
22	992239	56	2
22	992239	57	4
22	992239	58	4
22	992239	59	2.6666666666667
22	992239	60	2.5
22	992239	61	2
22	992239	62	3
22	992239	63	4
22	992239	64	3
22	992239	65	4
22	992239	66	3.3333333333333
22	992239	67	4
22	992239	68	4
22	992239	69	2.6666666666667
22	992239	70	4
22	992239	71	2.5
22	992239	72	2.6666666666667
22	992239	73	3
22	992239	74	2.6666666666667
22	992239	75	2.4
22	992239	76	4
