version 2
run General-18-20140101-23:37:11-24991
attr D lce
attr F spr
attr R lru
attr a 1
attr configname General
attr csize 10^4
attr datetime 20140101-23:37:11
attr experiment General
attr inifile omnetpp.ini
attr iterationvars "$net=simple_scenario_cache_at_border, $rep=0, $a=1, $F=spr, $ttl=1000, $D=lce, $R=lru, $csize=10^4"
attr iterationvars2 "$net=simple_scenario_cache_at_border, $rep=0, $a=1, $F=spr, $ttl=1000, $D=lce, $R=lru, $csize=10^4, $repetition=0"
attr measurement "$net=simple_scenario_cache_at_border, $rep=0, $a=1, $F=spr, $ttl=1000, $D=lce, $R=lru, $csize=10^4"
attr net simple_scenario_cache_at_border
attr network networks.${net=simple_scenario_cache_in_the_core,simple_scenario_cache_at_border}_network
attr processid 24991
attr rep 0
attr repetition 0
attr replication #0
attr resultdir results
attr runnumber 18
attr seedset 0
attr ttl 1000

vector 108  simple_scenario_cache_at_border_network.node[0].content_store  hit_node[0]  ETV
108	1510999	1	0
108	1510999	2	0
108	1510999	3	0
108	1510999	4	0
108	1510999	5	0
108	1510999	6	0
108	1510999	7	0
108	1510999	8	0
108	1510999	9	0
108	1510999	10	0
108	1510999	11	0
108	1510999	12	0
108	1510999	13	0
108	1510999	14	0
108	1510999	15	0
108	1510999	16	0
108	1510999	17	0
108	1510999	18	0
108	1510999	19	0
108	1510999	20	0
108	1510999	21	0
108	1510999	22	0
108	1510999	23	0
108	1510999	24	0
108	1510999	25	0
108	1510999	26	0
108	1510999	27	0
108	1510999	28	0
108	1510999	29	0
108	1510999	30	0
108	1510999	31	0
108	1510999	32	0
108	1510999	33	0
108	1510999	34	0
108	1510999	35	0
108	1510999	36	0
108	1510999	37	0
108	1510999	38	0
108	1510999	39	0
108	1510999	40	0
108	1510999	41	0
108	1510999	42	0
108	1510999	43	0
108	1510999	44	0
108	1510999	45	0
108	1510999	46	0
108	1510999	47	0
108	1510999	48	0
108	1510999	49	0
108	1510999	50	0
108	1510999	51	0
108	1510999	52	0
108	1510999	53	0
108	1510999	54	0
108	1510999	55	0
108	1510999	56	0
108	1510999	57	0
108	1510999	58	0
108	1510999	59	0
108	1510999	60	0
108	1510999	61	0
108	1510999	62	0
108	1510999	63	0
108	1510999	64	0
108	1510999	65	0
108	1510999	66	0
108	1510999	67	0
108	1510999	68	0
108	1510999	69	0
108	1510999	70	0
108	1510999	71	0
108	1510999	72	0
108	1510999	73	0
108	1510999	74	0
108	1510999	75	0
108	1510999	76	0
108	1510999	77	0
108	1510999	78	0
108	1510999	79	0
108	1510999	80	0
108	1510999	81	0
108	1510999	82	0
108	1510999	83	0
108	1510999	84	0
108	1510999	85	0
108	1510999	86	0
108	1510999	87	0
108	1510999	88	0
108	1510999	89	0
108	1510999	90	0
108	1510999	91	0
108	1510999	92	0
108	1510999	93	0
108	1510999	94	0
108	1510999	95	0
108	1510999	96	0
108	1510999	97	0
108	1510999	98	0
108	1510999	99	0
108	1510999	100	0
108	1510999	101	0
108	1510999	102	0
108	1510999	103	0
108	1510999	104	0
108	1510999	105	0
108	1510999	106	0
108	1510999	107	0
108	1510999	108	0
108	1510999	109	0
108	1510999	110	0
108	1510999	111	0
108	1510999	112	0
108	1510999	113	0
108	1510999	114	0
108	1510999	115	0
108	1510999	116	0
108	1510999	117	0
108	1510999	118	0
108	1510999	119	0
108	1510999	120	0
108	1510999	121	0
108	1510999	122	0
108	1510999	123	0
108	1510999	124	0
108	1510999	125	0
108	1510999	126	0
108	1510999	127	0
108	1510999	128	0
108	1510999	129	0
108	1510999	130	0
108	1510999	131	0
108	1510999	132	0
108	1510999	133	0
108	1510999	134	0
108	1510999	135	0
108	1510999	136	0
108	1510999	137	0
108	1510999	138	0
108	1510999	139	0
108	1510999	140	0
108	1510999	141	0
108	1510999	142	0
108	1510999	143	0
108	1510999	144	0
108	1510999	145	0
108	1510999	146	0
108	1510999	147	0
108	1510999	148	0
108	1510999	149	0
108	1510999	150	0
108	1510999	151	0
108	1510999	152	0
108	1510999	153	0
108	1510999	154	0
108	1510999	155	0
108	1510999	156	0
108	1510999	157	0
108	1510999	158	0
108	1510999	159	0
108	1510999	160	0
108	1510999	161	0
108	1510999	162	0
108	1510999	163	0
108	1510999	164	0
108	1510999	165	0
108	1510999	166	0
108	1510999	167	0
108	1510999	168	0
108	1510999	169	0
108	1510999	170	0
108	1510999	171	0
108	1510999	172	0
108	1510999	173	0
108	1510999	174	0
108	1510999	175	0
108	1510999	176	0
108	1510999	177	0
108	1510999	178	0
108	1510999	179	0
108	1510999	180	0
108	1510999	181	0
108	1510999	182	0
108	1510999	183	0
108	1510999	184	0
108	1510999	185	0
108	1510999	186	0
108	1510999	187	0
108	1510999	188	0
108	1510999	189	0
108	1510999	190	0
108	1510999	191	0
108	1510999	192	0
108	1510999	193	0
108	1510999	194	0
108	1510999	195	0
108	1510999	196	0
108	1510999	197	0
108	1510999	198	0
108	1510999	199	0
108	1510999	200	0
108	1510999	201	0
108	1510999	202	0
108	1510999	203	0
108	1510999	204	0
108	1510999	205	0
108	1510999	206	0
108	1510999	207	0
108	1510999	208	0
108	1510999	209	0
108	1510999	210	0
108	1510999	211	0
108	1510999	212	0
108	1510999	213	0
108	1510999	214	0
108	1510999	215	0
108	1510999	216	0
108	1510999	217	0
108	1510999	218	0
108	1510999	219	0
108	1510999	220	0
108	1510999	221	0
108	1510999	222	0
108	1510999	223	0
108	1510999	224	0
108	1510999	225	0
108	1510999	226	0
108	1510999	227	0
108	1510999	228	0
108	1510999	229	0
108	1510999	230	0
108	1510999	231	0
108	1510999	232	0
108	1510999	233	0
108	1510999	234	0
108	1510999	235	0
108	1510999	236	0
108	1510999	237	0
108	1510999	238	0
108	1510999	239	0
108	1510999	240	0
108	1510999	241	0
108	1510999	242	0
108	1510999	243	0
108	1510999	244	0
108	1510999	245	0
108	1510999	246	0
108	1510999	247	0
108	1510999	248	0
108	1510999	249	0
108	1510999	250	0
108	1510999	251	0
108	1510999	252	0
108	1510999	253	0
108	1510999	254	0
108	1510999	255	0
108	1510999	256	0
108	1510999	257	0
108	1510999	258	0
108	1510999	259	0
108	1510999	260	0
108	1510999	261	0
108	1510999	262	0
108	1510999	263	0
108	1510999	264	0
108	1510999	265	0
108	1510999	266	0
108	1510999	267	0
108	1510999	268	0
108	1510999	269	0
108	1510999	270	0
108	1510999	271	0
108	1510999	272	0
108	1510999	273	0
108	1510999	274	0
108	1510999	275	0
108	1510999	276	0
108	1510999	277	0
108	1510999	278	0
108	1510999	279	0
108	1510999	280	0
108	1510999	281	0
108	1510999	282	0
108	1510999	283	0
108	1510999	284	0
108	1510999	285	0
108	1510999	286	0
108	1510999	287	0
108	1510999	288	0
108	1510999	289	0
108	1510999	290	0
108	1510999	291	0
108	1510999	292	0
108	1510999	293	0
108	1510999	294	0
108	1510999	295	0
108	1510999	296	0
108	1510999	297	0
108	1510999	298	0
108	1510999	299	0
108	1510999	300	0
108	1510999	301	0
108	1510999	302	0
108	1510999	303	0
108	1510999	304	0
108	1510999	305	0
108	1510999	306	0
108	1510999	307	0
108	1510999	308	0
108	1510999	309	0
108	1510999	310	0
108	1510999	311	0
108	1510999	312	0
108	1510999	313	0
108	1510999	314	0
108	1510999	315	0
108	1510999	316	0
108	1510999	317	0
108	1510999	318	0
108	1510999	319	0
108	1510999	320	0
108	1510999	321	0
108	1510999	322	0
108	1510999	323	0
108	1510999	324	0
108	1510999	325	0
108	1510999	326	0
108	1510999	327	0
108	1510999	328	0
108	1510999	329	0
108	1510999	330	0
108	1510999	331	0
108	1510999	332	0
108	1510999	333	0
108	1510999	334	0
108	1510999	335	0
108	1510999	336	0
108	1510999	337	0
108	1510999	338	0
108	1510999	339	0
108	1510999	340	0
108	1510999	341	0
108	1510999	342	0
108	1510999	343	0
108	1510999	344	0
108	1510999	345	0
108	1510999	346	0
108	1510999	347	0
108	1510999	348	0
108	1510999	349	0
108	1510999	350	0
108	1510999	351	0
108	1510999	352	0
108	1510999	353	0
108	1510999	354	0
108	1510999	355	0
108	1510999	356	0
108	1510999	357	0
108	1510999	358	0
108	1510999	359	0
108	1510999	360	0
108	1510999	361	0
108	1510999	362	0
108	1510999	363	0
108	1510999	364	0
108	1510999	365	0
108	1510999	366	0
108	1510999	367	0
108	1510999	368	0
108	1510999	369	0
108	1510999	370	0
108	1510999	371	0
108	1510999	372	0
108	1510999	373	0
108	1510999	374	0
108	1510999	375	0
108	1510999	376	0
108	1510999	377	0
108	1510999	378	0
108	1510999	379	0
108	1510999	380	0
108	1510999	381	0
108	1510999	382	0
108	1510999	383	0
108	1510999	384	0
108	1510999	385	0
108	1510999	386	0
108	1510999	387	0
108	1510999	388	0
108	1510999	389	0
108	1510999	390	0
108	1510999	391	0
108	1510999	392	0
108	1510999	393	0
108	1510999	394	0
108	1510999	395	0
108	1510999	396	0
108	1510999	397	0
108	1510999	398	0
108	1510999	399	0
108	1510999	400	0
108	1510999	401	0
108	1510999	402	0
108	1510999	403	0
108	1510999	404	0
108	1510999	405	0
108	1510999	406	0
108	1510999	407	0
108	1510999	408	0
108	1510999	409	0
108	1510999	410	0
108	1510999	411	0
108	1510999	412	0
108	1510999	413	0
108	1510999	414	0
108	1510999	415	0
108	1510999	416	0
108	1510999	417	0
108	1510999	418	0
108	1510999	419	0
108	1510999	420	0
108	1510999	421	0
108	1510999	422	0
108	1510999	423	0
108	1510999	424	0
108	1510999	425	0
108	1510999	426	0
108	1510999	427	0
108	1510999	428	0
108	1510999	429	0
108	1510999	430	0
108	1510999	431	0
108	1510999	432	0
108	1510999	433	0
108	1510999	434	0
108	1510999	435	0
108	1510999	436	0
108	1510999	437	0
108	1510999	438	0
108	1510999	439	0
108	1510999	440	0
108	1510999	441	0
108	1510999	442	0
108	1510999	443	0
108	1510999	444	0
108	1510999	445	0
108	1510999	446	0
108	1510999	447	0
108	1510999	448	0
108	1510999	449	0
108	1510999	450	0
108	1510999	451	0
108	1510999	452	0
108	1510999	453	0
108	1510999	454	0
108	1510999	455	0
108	1510999	456	0
108	1510999	457	0
108	1510999	458	0
108	1510999	459	0
108	1510999	460	0
108	1510999	461	0
108	1510999	462	0
108	1510999	463	0
108	1510999	464	0
108	1510999	465	0
108	1510999	466	0
108	1510999	467	0
108	1510999	468	0
108	1510999	469	0
108	1510999	470	0
108	1510999	471	0
108	1510999	472	0
108	1510999	473	0
108	1510999	474	0
108	1510999	475	0
108	1510999	476	0
108	1510999	477	0
108	1510999	478	0
108	1510999	479	0
108	1510999	480	0
108	1510999	481	0
108	1510999	482	0
108	1510999	483	0
108	1510999	484	0
108	1510999	485	0
108	1510999	486	0
108	1510999	487	0
108	1510999	488	0
108	1510999	489	0
108	1510999	490	0
108	1510999	491	0
108	1510999	492	0
108	1510999	493	0
108	1510999	494	0
108	1510999	495	0
108	1510999	496	0
108	1510999	497	0
108	1510999	498	0
108	1510999	499	0
108	1510999	500	0
108	1510999	501	0
108	1510999	502	0
108	1510999	503	0
108	1510999	504	0
108	1510999	505	0
108	1510999	506	0
108	1510999	507	0
108	1510999	508	0
108	1510999	509	0
108	1510999	510	0
108	1510999	511	0
108	1510999	512	0
108	1510999	513	0
108	1510999	514	0
108	1510999	515	0
108	1510999	516	0
108	1510999	517	0
108	1510999	518	0
108	1510999	519	0
108	1510999	520	0
108	1510999	521	0
108	1510999	522	0
108	1510999	523	0
108	1510999	524	0
108	1510999	525	0
108	1510999	526	0
108	1510999	527	0
108	1510999	528	0
108	1510999	529	0
108	1510999	530	0
108	1510999	531	0
108	1510999	532	0
108	1510999	533	0
108	1510999	534	0
108	1510999	535	0
108	1510999	536	0
108	1510999	537	0
108	1510999	538	0
108	1510999	539	0
108	1510999	540	0
108	1510999	541	0
108	1510999	542	0
108	1510999	543	0
108	1510999	544	0
108	1510999	545	0
108	1510999	546	0
108	1510999	547	0
108	1510999	548	0
108	1510999	549	0
108	1510999	550	0
108	1510999	551	0
108	1510999	552	0
108	1510999	553	0
108	1510999	554	0
108	1510999	555	0
108	1510999	556	0
108	1510999	557	0
108	1510999	558	0
108	1510999	559	0
108	1510999	560	0
108	1510999	561	0
108	1510999	562	0
108	1510999	563	0
108	1510999	564	0
108	1510999	565	0
108	1510999	566	0
108	1510999	567	0
108	1510999	568	0
108	1510999	569	0
108	1510999	570	0
108	1510999	571	0
108	1510999	572	0
108	1510999	573	0
108	1510999	574	0
108	1510999	575	0
108	1510999	576	0
108	1510999	577	0
108	1510999	578	0
108	1510999	579	0
108	1510999	580	0
108	1510999	581	0
108	1510999	582	0
108	1510999	583	0
108	1510999	584	0
108	1510999	585	0
108	1510999	586	0
108	1510999	587	0
108	1510999	588	0
108	1510999	589	0
108	1510999	590	0
108	1510999	591	0
108	1510999	592	0
108	1510999	593	0
108	1510999	594	0
108	1510999	595	0
108	1510999	596	0
108	1510999	597	0
108	1510999	598	0
108	1510999	599	0
108	1510999	600	0
108	1510999	601	0
108	1510999	602	0
108	1510999	603	0
108	1510999	604	0
108	1510999	605	0
108	1510999	606	0
108	1510999	607	0
108	1510999	608	0
108	1510999	609	0
108	1510999	610	0
108	1510999	611	0
108	1510999	612	0
108	1510999	613	0
108	1510999	614	0
108	1510999	615	0
108	1510999	616	0
108	1510999	617	0
108	1510999	618	0
108	1510999	619	0
108	1510999	620	0
108	1510999	621	0
108	1510999	622	0
108	1510999	623	0
108	1510999	624	0
108	1510999	625	0
108	1510999	626	0
108	1510999	627	0
108	1510999	628	0
108	1510999	629	0
108	1510999	630	0
108	1510999	631	0
108	1510999	632	0
108	1510999	633	0
108	1510999	634	0
108	1510999	635	0
108	1510999	636	0
108	1510999	637	0
108	1510999	638	0
108	1510999	639	0
108	1510999	640	0
108	1510999	641	0
108	1510999	642	0
108	1510999	643	0
108	1510999	644	0
108	1510999	645	0
108	1510999	646	0
108	1510999	647	0
108	1510999	648	0
108	1510999	649	0
108	1510999	650	0
108	1510999	651	0
108	1510999	652	0
108	1510999	653	0
108	1510999	654	0
108	1510999	655	0
108	1510999	656	0
108	1510999	657	0
108	1510999	658	0
108	1510999	659	0
108	1510999	660	0
108	1510999	661	0
108	1510999	662	0
108	1510999	663	0
108	1510999	664	0
108	1510999	665	0
108	1510999	666	0
108	1510999	667	0
108	1510999	668	0
108	1510999	669	0
108	1510999	670	0
108	1510999	671	0
108	1510999	672	0
108	1510999	673	0
108	1510999	674	0
108	1510999	675	0
108	1510999	676	0
108	1510999	677	0
108	1510999	678	0
108	1510999	679	0
108	1510999	680	0
108	1510999	681	0
108	1510999	682	0
108	1510999	683	0
108	1510999	684	0
108	1510999	685	0
108	1510999	686	0
108	1510999	687	0
108	1510999	688	0
108	1510999	689	0
108	1510999	690	0
108	1510999	691	0
108	1510999	692	0
108	1510999	693	0
108	1510999	694	0
108	1510999	695	0
108	1510999	696	0
108	1510999	697	0
108	1510999	698	0
108	1510999	699	0
108	1510999	700	0
108	1510999	701	0
108	1510999	702	0
108	1510999	703	0
108	1510999	704	0
108	1510999	705	0
108	1510999	706	0
108	1510999	707	0
108	1510999	708	0
108	1510999	709	0
108	1510999	710	0
108	1510999	711	0
108	1510999	712	0
108	1510999	713	0
108	1510999	714	0
108	1510999	715	0
108	1510999	716	0
108	1510999	717	0
108	1510999	718	0
108	1510999	719	0
108	1510999	720	0
108	1510999	721	0
108	1510999	722	0
108	1510999	723	0
108	1510999	724	0
108	1510999	725	0
108	1510999	726	0
108	1510999	727	0
108	1510999	728	0
108	1510999	729	0
108	1510999	730	0
108	1510999	731	0
108	1510999	732	0
108	1510999	733	0
108	1510999	734	0
108	1510999	735	0
108	1510999	736	0
108	1510999	737	0
108	1510999	738	0
108	1510999	739	0
108	1510999	740	0
108	1510999	741	0
108	1510999	742	0
108	1510999	743	0
108	1510999	744	0
108	1510999	745	0
108	1510999	746	0
108	1510999	747	0
108	1510999	748	0
108	1510999	749	0
108	1510999	750	0
vector 109  simple_scenario_cache_at_border_network.node[1].content_store  hit_node[1]  ETV
109	1510999	1	1
109	1510999	2	-nan
109	1510999	3	-nan
109	1510999	4	1
109	1510999	5	-nan
109	1510999	6	-nan
109	1510999	7	-nan
109	1510999	8	-nan
109	1510999	9	-nan
109	1510999	10	-nan
109	1510999	11	-nan
109	1510999	12	1
109	1510999	13	1
109	1510999	14	-nan
109	1510999	15	1
109	1510999	16	1
109	1510999	17	1
109	1510999	18	1
109	1510999	19	1
109	1510999	20	-nan
109	1510999	21	1
109	1510999	22	-nan
109	1510999	23	-nan
109	1510999	24	1
109	1510999	25	1
109	1510999	26	-nan
109	1510999	27	-nan
109	1510999	28	-nan
109	1510999	29	-nan
109	1510999	30	1
109	1510999	31	-nan
109	1510999	32	1
109	1510999	33	-nan
109	1510999	34	1
109	1510999	35	-nan
109	1510999	36	-nan
109	1510999	37	1
109	1510999	38	-nan
109	1510999	39	-nan
109	1510999	40	1
109	1510999	41	1
109	1510999	42	-nan
109	1510999	43	1
109	1510999	44	-nan
109	1510999	45	-nan
109	1510999	46	-nan
109	1510999	47	-nan
109	1510999	48	-nan
109	1510999	49	1
109	1510999	50	-nan
109	1510999	51	1
109	1510999	52	-nan
109	1510999	53	-nan
109	1510999	54	-nan
109	1510999	55	-nan
109	1510999	56	1
109	1510999	57	-nan
109	1510999	58	1
109	1510999	59	1
109	1510999	60	-nan
109	1510999	61	-nan
109	1510999	62	1
109	1510999	63	-nan
109	1510999	64	1
109	1510999	65	-nan
109	1510999	66	1
109	1510999	67	1
109	1510999	68	1
109	1510999	69	1
109	1510999	70	1
109	1510999	71	-nan
109	1510999	72	-nan
109	1510999	73	1
109	1510999	74	1
109	1510999	75	1
109	1510999	76	-nan
109	1510999	77	-nan
109	1510999	78	1
109	1510999	79	-nan
109	1510999	80	1
109	1510999	81	1
109	1510999	82	-nan
109	1510999	83	1
109	1510999	84	-nan
109	1510999	85	-nan
109	1510999	86	-nan
109	1510999	87	-nan
109	1510999	88	-nan
109	1510999	89	-nan
109	1510999	90	1
109	1510999	91	-nan
109	1510999	92	-nan
109	1510999	93	1
109	1510999	94	1
109	1510999	95	-nan
109	1510999	96	1
109	1510999	97	1
109	1510999	98	-nan
109	1510999	99	-nan
109	1510999	100	1
109	1510999	101	-nan
109	1510999	102	1
109	1510999	103	1
109	1510999	104	-nan
109	1510999	105	1
109	1510999	106	1
109	1510999	107	1
109	1510999	108	-nan
109	1510999	109	-nan
109	1510999	110	1
109	1510999	111	-nan
109	1510999	112	1
109	1510999	113	1
109	1510999	114	1
109	1510999	115	1
109	1510999	116	1
109	1510999	117	-nan
109	1510999	118	1
109	1510999	119	-nan
109	1510999	120	1
109	1510999	121	-nan
109	1510999	122	-nan
109	1510999	123	-nan
109	1510999	124	-nan
109	1510999	125	-nan
109	1510999	126	1
109	1510999	127	-nan
109	1510999	128	-nan
109	1510999	129	-nan
109	1510999	130	-nan
109	1510999	131	1
109	1510999	132	-nan
109	1510999	133	-nan
109	1510999	134	1
109	1510999	135	1
109	1510999	136	-nan
109	1510999	137	1
109	1510999	138	1
109	1510999	139	1
109	1510999	140	1
109	1510999	141	-nan
109	1510999	142	-nan
109	1510999	143	1
109	1510999	144	1
109	1510999	145	-nan
109	1510999	146	1
109	1510999	147	-nan
109	1510999	148	-nan
109	1510999	149	-nan
109	1510999	150	-nan
109	1510999	151	1
109	1510999	152	1
109	1510999	153	1
109	1510999	154	-nan
109	1510999	155	1
109	1510999	156	-nan
109	1510999	157	-nan
109	1510999	158	-nan
109	1510999	159	1
109	1510999	160	-nan
109	1510999	161	1
109	1510999	162	1
109	1510999	163	-nan
109	1510999	164	1
109	1510999	165	-nan
109	1510999	166	-nan
109	1510999	167	1
109	1510999	168	1
109	1510999	169	-nan
109	1510999	170	1
109	1510999	171	-nan
109	1510999	172	1
109	1510999	173	-nan
109	1510999	174	1
109	1510999	175	-nan
109	1510999	176	1
109	1510999	177	-nan
109	1510999	178	1
109	1510999	179	1
109	1510999	180	1
109	1510999	181	-nan
109	1510999	182	1
109	1510999	183	-nan
109	1510999	184	1
109	1510999	185	-nan
109	1510999	186	1
109	1510999	187	1
109	1510999	188	1
109	1510999	189	1
109	1510999	190	1
109	1510999	191	-nan
109	1510999	192	1
109	1510999	193	1
109	1510999	194	-nan
109	1510999	195	1
109	1510999	196	1
109	1510999	197	1
109	1510999	198	-nan
109	1510999	199	1
109	1510999	200	1
109	1510999	201	-nan
109	1510999	202	1
109	1510999	203	-nan
109	1510999	204	1
109	1510999	205	1
109	1510999	206	-nan
109	1510999	207	-nan
109	1510999	208	1
109	1510999	209	1
109	1510999	210	1
109	1510999	211	-nan
109	1510999	212	-nan
109	1510999	213	1
109	1510999	214	1
109	1510999	215	1
109	1510999	216	1
109	1510999	217	1
109	1510999	218	-nan
109	1510999	219	1
109	1510999	220	-nan
109	1510999	221	1
109	1510999	222	1
109	1510999	223	1
109	1510999	224	-nan
109	1510999	225	-nan
109	1510999	226	-nan
109	1510999	227	1
109	1510999	228	1
109	1510999	229	-nan
109	1510999	230	-nan
109	1510999	231	-nan
109	1510999	232	-nan
109	1510999	233	1
109	1510999	234	1
109	1510999	235	1
109	1510999	236	-nan
109	1510999	237	-nan
109	1510999	238	1
109	1510999	239	-nan
109	1510999	240	1
109	1510999	241	1
109	1510999	242	-nan
109	1510999	243	1
109	1510999	244	-nan
109	1510999	245	-nan
109	1510999	246	-nan
109	1510999	247	-nan
109	1510999	248	1
109	1510999	249	1
109	1510999	250	1
109	1510999	251	-nan
109	1510999	252	-nan
109	1510999	253	-nan
109	1510999	254	1
109	1510999	255	-nan
109	1510999	256	-nan
109	1510999	257	-nan
109	1510999	258	-nan
109	1510999	259	1
109	1510999	260	1
109	1510999	261	-nan
109	1510999	262	-nan
109	1510999	263	1
109	1510999	264	1
109	1510999	265	1
109	1510999	266	-nan
109	1510999	267	-nan
109	1510999	268	1
109	1510999	269	-nan
109	1510999	270	-nan
109	1510999	271	-nan
109	1510999	272	-nan
109	1510999	273	-nan
109	1510999	274	1
109	1510999	275	1
109	1510999	276	1
109	1510999	277	-nan
109	1510999	278	1
109	1510999	279	-nan
109	1510999	280	1
109	1510999	281	-nan
109	1510999	282	-nan
109	1510999	283	1
109	1510999	284	1
109	1510999	285	1
109	1510999	286	-nan
109	1510999	287	1
109	1510999	288	1
109	1510999	289	-nan
109	1510999	290	-nan
109	1510999	291	-nan
109	1510999	292	-nan
109	1510999	293	1
109	1510999	294	-nan
109	1510999	295	1
109	1510999	296	1
109	1510999	297	1
109	1510999	298	1
109	1510999	299	-nan
109	1510999	300	-nan
109	1510999	301	-nan
109	1510999	302	1
109	1510999	303	-nan
109	1510999	304	1
109	1510999	305	1
109	1510999	306	-nan
109	1510999	307	-nan
109	1510999	308	-nan
109	1510999	309	-nan
109	1510999	310	-nan
109	1510999	311	-nan
109	1510999	312	1
109	1510999	313	1
109	1510999	314	-nan
109	1510999	315	-nan
109	1510999	316	-nan
109	1510999	317	-nan
109	1510999	318	-nan
109	1510999	319	-nan
109	1510999	320	-nan
109	1510999	321	-nan
109	1510999	322	-nan
109	1510999	323	-nan
109	1510999	324	1
109	1510999	325	1
109	1510999	326	1
109	1510999	327	1
109	1510999	328	-nan
109	1510999	329	-nan
109	1510999	330	-nan
109	1510999	331	1
109	1510999	332	-nan
109	1510999	333	-nan
109	1510999	334	-nan
109	1510999	335	-nan
109	1510999	336	-nan
109	1510999	337	-nan
109	1510999	338	-nan
109	1510999	339	1
109	1510999	340	1
109	1510999	341	1
109	1510999	342	1
109	1510999	343	-nan
109	1510999	344	-nan
109	1510999	345	1
109	1510999	346	-nan
109	1510999	347	1
109	1510999	348	1
109	1510999	349	-nan
109	1510999	350	1
109	1510999	351	-nan
109	1510999	352	1
109	1510999	353	-nan
109	1510999	354	1
109	1510999	355	1
109	1510999	356	1
109	1510999	357	1
109	1510999	358	-nan
109	1510999	359	-nan
109	1510999	360	-nan
109	1510999	361	1
109	1510999	362	-nan
109	1510999	363	1
109	1510999	364	-nan
109	1510999	365	1
109	1510999	366	1
109	1510999	367	1
109	1510999	368	1
109	1510999	369	-nan
109	1510999	370	-nan
109	1510999	371	-nan
109	1510999	372	1
109	1510999	373	-nan
109	1510999	374	1
109	1510999	375	1
109	1510999	376	-nan
109	1510999	377	-nan
109	1510999	378	-nan
109	1510999	379	1
109	1510999	380	-nan
109	1510999	381	-nan
109	1510999	382	1
109	1510999	383	-nan
109	1510999	384	1
109	1510999	385	-nan
109	1510999	386	-nan
109	1510999	387	1
109	1510999	388	1
109	1510999	389	-nan
109	1510999	390	-nan
109	1510999	391	1
109	1510999	392	-nan
109	1510999	393	-nan
109	1510999	394	-nan
109	1510999	395	-nan
109	1510999	396	-nan
109	1510999	397	-nan
109	1510999	398	1
109	1510999	399	1
109	1510999	400	-nan
109	1510999	401	1
109	1510999	402	-nan
109	1510999	403	1
109	1510999	404	1
109	1510999	405	-nan
109	1510999	406	-nan
109	1510999	407	-nan
109	1510999	408	-nan
109	1510999	409	-nan
109	1510999	410	1
109	1510999	411	-nan
109	1510999	412	-nan
109	1510999	413	-nan
109	1510999	414	1
109	1510999	415	1
109	1510999	416	-nan
109	1510999	417	-nan
109	1510999	418	1
109	1510999	419	-nan
109	1510999	420	-nan
109	1510999	421	-nan
109	1510999	422	1
109	1510999	423	1
109	1510999	424	1
109	1510999	425	-nan
109	1510999	426	1
109	1510999	427	1
109	1510999	428	1
109	1510999	429	1
109	1510999	430	1
109	1510999	431	1
109	1510999	432	-nan
109	1510999	433	-nan
109	1510999	434	-nan
109	1510999	435	1
109	1510999	436	1
109	1510999	437	-nan
109	1510999	438	-nan
109	1510999	439	-nan
109	1510999	440	1
109	1510999	441	-nan
109	1510999	442	1
109	1510999	443	-nan
109	1510999	444	1
109	1510999	445	-nan
109	1510999	446	-nan
109	1510999	447	-nan
109	1510999	448	1
109	1510999	449	-nan
109	1510999	450	1
109	1510999	451	1
109	1510999	452	-nan
109	1510999	453	1
109	1510999	454	-nan
109	1510999	455	1
109	1510999	456	0.95238095238095
109	1510999	457	-nan
109	1510999	458	1
109	1510999	459	1
109	1510999	460	1
109	1510999	461	1
109	1510999	462	1
109	1510999	463	1
109	1510999	464	1
109	1510999	465	1
109	1510999	466	1
109	1510999	467	-nan
109	1510999	468	1
109	1510999	469	-nan
109	1510999	470	-nan
109	1510999	471	1
109	1510999	472	-nan
109	1510999	473	-nan
109	1510999	474	-nan
109	1510999	475	1
109	1510999	476	1
109	1510999	477	-nan
109	1510999	478	-nan
109	1510999	479	-nan
109	1510999	480	-nan
109	1510999	481	1
109	1510999	482	-nan
109	1510999	483	1
109	1510999	484	-nan
109	1510999	485	1
109	1510999	486	1
109	1510999	487	1
109	1510999	488	1
109	1510999	489	-nan
109	1510999	490	-nan
109	1510999	491	-nan
109	1510999	492	-nan
109	1510999	493	-nan
109	1510999	494	1
109	1510999	495	-nan
109	1510999	496	1
109	1510999	497	-nan
109	1510999	498	1
109	1510999	499	-nan
109	1510999	500	1
109	1510999	501	-nan
109	1510999	502	-nan
109	1510999	503	1
109	1510999	504	1
109	1510999	505	1
109	1510999	506	-nan
109	1510999	507	-nan
109	1510999	508	-nan
109	1510999	509	1
109	1510999	510	1
109	1510999	511	-nan
109	1510999	512	1
109	1510999	513	1
109	1510999	514	-nan
109	1510999	515	1
109	1510999	516	1
109	1510999	517	1
109	1510999	518	-nan
109	1510999	519	1
109	1510999	520	-nan
109	1510999	521	1
109	1510999	522	-nan
109	1510999	523	1
109	1510999	524	-nan
109	1510999	525	-nan
109	1510999	526	1
109	1510999	527	1
109	1510999	528	-nan
109	1510999	529	1
109	1510999	530	-nan
109	1510999	531	1
109	1510999	532	-nan
109	1510999	533	1
109	1510999	534	1
109	1510999	535	1
109	1510999	536	1
109	1510999	537	-nan
109	1510999	538	-nan
109	1510999	539	1
109	1510999	540	-nan
109	1510999	541	1
109	1510999	542	-nan
109	1510999	543	-nan
109	1510999	544	1
109	1510999	545	-nan
109	1510999	546	1
109	1510999	547	1
109	1510999	548	1
109	1510999	549	1
109	1510999	550	1
109	1510999	551	-nan
109	1510999	552	-nan
109	1510999	553	1
109	1510999	554	1
109	1510999	555	1
109	1510999	556	0.94117647058824
109	1510999	557	-nan
109	1510999	558	-nan
109	1510999	559	1
109	1510999	560	1
109	1510999	561	-nan
109	1510999	562	1
109	1510999	563	-nan
109	1510999	564	-nan
109	1510999	565	-nan
109	1510999	566	-nan
109	1510999	567	-nan
109	1510999	568	-nan
109	1510999	569	-nan
109	1510999	570	-nan
109	1510999	571	-nan
109	1510999	572	-nan
109	1510999	573	-nan
109	1510999	574	1
109	1510999	575	1
109	1510999	576	-nan
109	1510999	577	-nan
109	1510999	578	-nan
109	1510999	579	-nan
109	1510999	580	1
109	1510999	581	1
109	1510999	582	-nan
109	1510999	583	1
109	1510999	584	1
109	1510999	585	-nan
109	1510999	586	1
109	1510999	587	-nan
109	1510999	588	1
109	1510999	589	-nan
109	1510999	590	1
109	1510999	591	1
109	1510999	592	-nan
109	1510999	593	1
109	1510999	594	1
109	1510999	595	0.96
109	1510999	596	1
109	1510999	597	1
109	1510999	598	-nan
109	1510999	599	1
109	1510999	600	-nan
109	1510999	601	1
109	1510999	602	1
109	1510999	603	-nan
109	1510999	604	-nan
109	1510999	605	-nan
109	1510999	606	-nan
109	1510999	607	1
109	1510999	608	1
109	1510999	609	-nan
109	1510999	610	1
109	1510999	611	-nan
109	1510999	612	-nan
109	1510999	613	-nan
109	1510999	614	-nan
109	1510999	615	1
109	1510999	616	1
109	1510999	617	-nan
109	1510999	618	0.94117647058824
109	1510999	619	1
109	1510999	620	-nan
109	1510999	621	-nan
109	1510999	622	-nan
109	1510999	623	1
109	1510999	624	1
109	1510999	625	1
109	1510999	626	-nan
109	1510999	627	-nan
109	1510999	628	1
109	1510999	629	-nan
109	1510999	630	1
109	1510999	631	1
109	1510999	632	1
109	1510999	633	-nan
109	1510999	634	-nan
109	1510999	635	1
109	1510999	636	-nan
109	1510999	637	1
109	1510999	638	-nan
109	1510999	639	1
109	1510999	640	1
109	1510999	641	-nan
109	1510999	642	1
109	1510999	643	1
109	1510999	644	1
109	1510999	645	1
109	1510999	646	1
109	1510999	647	-nan
109	1510999	648	-nan
109	1510999	649	-nan
109	1510999	650	-nan
109	1510999	651	-nan
109	1510999	652	-nan
109	1510999	653	-nan
109	1510999	654	-nan
109	1510999	655	1
109	1510999	656	1
109	1510999	657	1
109	1510999	658	1
109	1510999	659	-nan
109	1510999	660	-nan
109	1510999	661	-nan
109	1510999	662	-nan
109	1510999	663	1
109	1510999	664	-nan
109	1510999	665	1
109	1510999	666	1
109	1510999	667	-nan
109	1510999	668	-nan
109	1510999	669	-nan
109	1510999	670	1
109	1510999	671	-nan
109	1510999	672	-nan
109	1510999	673	-nan
109	1510999	674	1
109	1510999	675	-nan
109	1510999	676	-nan
109	1510999	677	-nan
109	1510999	678	-nan
109	1510999	679	-nan
109	1510999	680	1
109	1510999	681	1
109	1510999	682	-nan
109	1510999	683	1
109	1510999	684	1
109	1510999	685	1
109	1510999	686	-nan
109	1510999	687	1
109	1510999	688	-nan
109	1510999	689	1
109	1510999	690	-nan
109	1510999	691	1
109	1510999	692	-nan
109	1510999	693	-nan
109	1510999	694	1
109	1510999	695	-nan
109	1510999	696	1
109	1510999	697	0.91666666666667
109	1510999	698	1
109	1510999	699	-nan
109	1510999	700	0.94444444444444
109	1510999	701	-nan
109	1510999	702	1
109	1510999	703	-nan
109	1510999	704	-nan
109	1510999	705	1
109	1510999	706	-nan
109	1510999	707	-nan
109	1510999	708	1
109	1510999	709	-nan
109	1510999	710	-nan
109	1510999	711	-nan
109	1510999	712	-nan
109	1510999	713	-nan
109	1510999	714	1
109	1510999	715	1
109	1510999	716	-nan
109	1510999	717	-nan
109	1510999	718	-nan
109	1510999	719	-nan
109	1510999	720	1
109	1510999	721	-nan
109	1510999	722	1
109	1510999	723	0.92857142857143
109	1510999	724	-nan
109	1510999	725	1
109	1510999	726	-nan
109	1510999	727	0.93333333333333
109	1510999	728	-nan
109	1510999	729	-nan
109	1510999	730	1
109	1510999	731	-nan
109	1510999	732	-nan
109	1510999	733	1
109	1510999	734	-nan
109	1510999	735	1
109	1510999	736	1
109	1510999	737	1
109	1510999	738	1
109	1510999	739	-nan
109	1510999	740	1
109	1510999	741	1
109	1510999	742	-nan
109	1510999	743	1
109	1510999	744	1
109	1510999	745	1
109	1510999	746	-nan
109	1510999	747	1
109	1510999	748	-nan
109	1510999	749	1
109	1510999	750	1
vector 110  simple_scenario_cache_at_border_network.node[2].content_store  hit_node[2]  ETV
110	1510999	1	-nan
110	1510999	2	0
110	1510999	3	0
110	1510999	4	-nan
110	1510999	5	0
110	1510999	6	0
110	1510999	7	0
110	1510999	8	0
110	1510999	9	0
110	1510999	10	0
110	1510999	11	0
110	1510999	12	-nan
110	1510999	13	-nan
110	1510999	14	0
110	1510999	15	-nan
110	1510999	16	-nan
110	1510999	17	-nan
110	1510999	18	-nan
110	1510999	19	-nan
110	1510999	20	0
110	1510999	21	-nan
110	1510999	22	0
110	1510999	23	0
110	1510999	24	-nan
110	1510999	25	-nan
110	1510999	26	0
110	1510999	27	0
110	1510999	28	0
110	1510999	29	0
110	1510999	30	-nan
110	1510999	31	0
110	1510999	32	-nan
110	1510999	33	0
110	1510999	34	-nan
110	1510999	35	0
110	1510999	36	0
110	1510999	37	-nan
110	1510999	38	0
110	1510999	39	0
110	1510999	40	-nan
110	1510999	41	-nan
110	1510999	42	0
110	1510999	43	-nan
110	1510999	44	0
110	1510999	45	0
110	1510999	46	0
110	1510999	47	0
110	1510999	48	0
110	1510999	49	-nan
110	1510999	50	0
110	1510999	51	-nan
110	1510999	52	0
110	1510999	53	0
110	1510999	54	0
110	1510999	55	0
110	1510999	56	-nan
110	1510999	57	0
110	1510999	58	-nan
110	1510999	59	-nan
110	1510999	60	0
110	1510999	61	0
110	1510999	62	-nan
110	1510999	63	0
110	1510999	64	-nan
110	1510999	65	0
110	1510999	66	-nan
110	1510999	67	-nan
110	1510999	68	-nan
110	1510999	69	-nan
110	1510999	70	-nan
110	1510999	71	0
110	1510999	72	0
110	1510999	73	-nan
110	1510999	74	-nan
110	1510999	75	-nan
110	1510999	76	0
110	1510999	77	0
110	1510999	78	-nan
110	1510999	79	0
110	1510999	80	-nan
110	1510999	81	-nan
110	1510999	82	0
110	1510999	83	-nan
110	1510999	84	0
110	1510999	85	0
110	1510999	86	0
110	1510999	87	0
110	1510999	88	0
110	1510999	89	0
110	1510999	90	-nan
110	1510999	91	0
110	1510999	92	0
110	1510999	93	-nan
110	1510999	94	-nan
110	1510999	95	0
110	1510999	96	-nan
110	1510999	97	-nan
110	1510999	98	0
110	1510999	99	0
110	1510999	100	-nan
110	1510999	101	0
110	1510999	102	-nan
110	1510999	103	-nan
110	1510999	104	0
110	1510999	105	-nan
110	1510999	106	-nan
110	1510999	107	-nan
110	1510999	108	0
110	1510999	109	0
110	1510999	110	-nan
110	1510999	111	0
110	1510999	112	-nan
110	1510999	113	-nan
110	1510999	114	-nan
110	1510999	115	-nan
110	1510999	116	-nan
110	1510999	117	0
110	1510999	118	-nan
110	1510999	119	0
110	1510999	120	-nan
110	1510999	121	0
110	1510999	122	0
110	1510999	123	0
110	1510999	124	0
110	1510999	125	0
110	1510999	126	-nan
110	1510999	127	0
110	1510999	128	0
110	1510999	129	0
110	1510999	130	0
110	1510999	131	-nan
110	1510999	132	0
110	1510999	133	0
110	1510999	134	-nan
110	1510999	135	-nan
110	1510999	136	0
110	1510999	137	-nan
110	1510999	138	-nan
110	1510999	139	-nan
110	1510999	140	-nan
110	1510999	141	0
110	1510999	142	0
110	1510999	143	-nan
110	1510999	144	-nan
110	1510999	145	0
110	1510999	146	-nan
110	1510999	147	0
110	1510999	148	0
110	1510999	149	0
110	1510999	150	0
110	1510999	151	-nan
110	1510999	152	-nan
110	1510999	153	-nan
110	1510999	154	0
110	1510999	155	-nan
110	1510999	156	0
110	1510999	157	0
110	1510999	158	0
110	1510999	159	-nan
110	1510999	160	0
110	1510999	161	-nan
110	1510999	162	-nan
110	1510999	163	0
110	1510999	164	-nan
110	1510999	165	0
110	1510999	166	0
110	1510999	167	-nan
110	1510999	168	-nan
110	1510999	169	0
110	1510999	170	-nan
110	1510999	171	0
110	1510999	172	-nan
110	1510999	173	0
110	1510999	174	-nan
110	1510999	175	0
110	1510999	176	-nan
110	1510999	177	0
110	1510999	178	-nan
110	1510999	179	-nan
110	1510999	180	-nan
110	1510999	181	0
110	1510999	182	-nan
110	1510999	183	0
110	1510999	184	-nan
110	1510999	185	0
110	1510999	186	-nan
110	1510999	187	-nan
110	1510999	188	-nan
110	1510999	189	-nan
110	1510999	190	-nan
110	1510999	191	0
110	1510999	192	-nan
110	1510999	193	-nan
110	1510999	194	0
110	1510999	195	-nan
110	1510999	196	-nan
110	1510999	197	-nan
110	1510999	198	0
110	1510999	199	-nan
110	1510999	200	-nan
110	1510999	201	0
110	1510999	202	-nan
110	1510999	203	0
110	1510999	204	-nan
110	1510999	205	-nan
110	1510999	206	0
110	1510999	207	0
110	1510999	208	-nan
110	1510999	209	-nan
110	1510999	210	-nan
110	1510999	211	0
110	1510999	212	0
110	1510999	213	-nan
110	1510999	214	-nan
110	1510999	215	-nan
110	1510999	216	-nan
110	1510999	217	-nan
110	1510999	218	0
110	1510999	219	-nan
110	1510999	220	0
110	1510999	221	-nan
110	1510999	222	-nan
110	1510999	223	-nan
110	1510999	224	0
110	1510999	225	0
110	1510999	226	0
110	1510999	227	-nan
110	1510999	228	-nan
110	1510999	229	0
110	1510999	230	0
110	1510999	231	0
110	1510999	232	0
110	1510999	233	-nan
110	1510999	234	-nan
110	1510999	235	-nan
110	1510999	236	0
110	1510999	237	0
110	1510999	238	-nan
110	1510999	239	0
110	1510999	240	-nan
110	1510999	241	-nan
110	1510999	242	0
110	1510999	243	-nan
110	1510999	244	0
110	1510999	245	0
110	1510999	246	0
110	1510999	247	0
110	1510999	248	-nan
110	1510999	249	-nan
110	1510999	250	-nan
110	1510999	251	0
110	1510999	252	0
110	1510999	253	0
110	1510999	254	-nan
110	1510999	255	0
110	1510999	256	0
110	1510999	257	0
110	1510999	258	0
110	1510999	259	-nan
110	1510999	260	-nan
110	1510999	261	0
110	1510999	262	0
110	1510999	263	-nan
110	1510999	264	-nan
110	1510999	265	-nan
110	1510999	266	0
110	1510999	267	0
110	1510999	268	-nan
110	1510999	269	0
110	1510999	270	0
110	1510999	271	0
110	1510999	272	0
110	1510999	273	0
110	1510999	274	-nan
110	1510999	275	-nan
110	1510999	276	-nan
110	1510999	277	0
110	1510999	278	-nan
110	1510999	279	0
110	1510999	280	-nan
110	1510999	281	0
110	1510999	282	0
110	1510999	283	-nan
110	1510999	284	-nan
110	1510999	285	-nan
110	1510999	286	0
110	1510999	287	-nan
110	1510999	288	-nan
110	1510999	289	0
110	1510999	290	0
110	1510999	291	0
110	1510999	292	0
110	1510999	293	-nan
110	1510999	294	0
110	1510999	295	-nan
110	1510999	296	-nan
110	1510999	297	-nan
110	1510999	298	-nan
110	1510999	299	0
110	1510999	300	0
110	1510999	301	0
110	1510999	302	-nan
110	1510999	303	0
110	1510999	304	-nan
110	1510999	305	-nan
110	1510999	306	0
110	1510999	307	0
110	1510999	308	0
110	1510999	309	0
110	1510999	310	0
110	1510999	311	0
110	1510999	312	-nan
110	1510999	313	-nan
110	1510999	314	0
110	1510999	315	0
110	1510999	316	0
110	1510999	317	0
110	1510999	318	0
110	1510999	319	0
110	1510999	320	0
110	1510999	321	0
110	1510999	322	0
110	1510999	323	0
110	1510999	324	-nan
110	1510999	325	-nan
110	1510999	326	-nan
110	1510999	327	-nan
110	1510999	328	0
110	1510999	329	0
110	1510999	330	0
110	1510999	331	-nan
110	1510999	332	0
110	1510999	333	0
110	1510999	334	0
110	1510999	335	0
110	1510999	336	0
110	1510999	337	0
110	1510999	338	0
110	1510999	339	-nan
110	1510999	340	-nan
110	1510999	341	-nan
110	1510999	342	-nan
110	1510999	343	0
110	1510999	344	0
110	1510999	345	-nan
110	1510999	346	0
110	1510999	347	-nan
110	1510999	348	-nan
110	1510999	349	0
110	1510999	350	-nan
110	1510999	351	0
110	1510999	352	-nan
110	1510999	353	0
110	1510999	354	-nan
110	1510999	355	-nan
110	1510999	356	-nan
110	1510999	357	-nan
110	1510999	358	0
110	1510999	359	0
110	1510999	360	0
110	1510999	361	-nan
110	1510999	362	0
110	1510999	363	-nan
110	1510999	364	0
110	1510999	365	-nan
110	1510999	366	-nan
110	1510999	367	-nan
110	1510999	368	-nan
110	1510999	369	0
110	1510999	370	0
110	1510999	371	0
110	1510999	372	-nan
110	1510999	373	0
110	1510999	374	-nan
110	1510999	375	-nan
110	1510999	376	0
110	1510999	377	0
110	1510999	378	0
110	1510999	379	-nan
110	1510999	380	0
110	1510999	381	0
110	1510999	382	-nan
110	1510999	383	0
110	1510999	384	-nan
110	1510999	385	0
110	1510999	386	0
110	1510999	387	-nan
110	1510999	388	-nan
110	1510999	389	0
110	1510999	390	0
110	1510999	391	-nan
110	1510999	392	0
110	1510999	393	0
110	1510999	394	0
110	1510999	395	0
110	1510999	396	0
110	1510999	397	0
110	1510999	398	-nan
110	1510999	399	-nan
110	1510999	400	0
110	1510999	401	-nan
110	1510999	402	0
110	1510999	403	-nan
110	1510999	404	-nan
110	1510999	405	0
110	1510999	406	0
110	1510999	407	0
110	1510999	408	0
110	1510999	409	0
110	1510999	410	-nan
110	1510999	411	0
110	1510999	412	0
110	1510999	413	0
110	1510999	414	-nan
110	1510999	415	-nan
110	1510999	416	0
110	1510999	417	0
110	1510999	418	-nan
110	1510999	419	0
110	1510999	420	0
110	1510999	421	0
110	1510999	422	-nan
110	1510999	423	-nan
110	1510999	424	-nan
110	1510999	425	0
110	1510999	426	-nan
110	1510999	427	-nan
110	1510999	428	-nan
110	1510999	429	-nan
110	1510999	430	-nan
110	1510999	431	-nan
110	1510999	432	0
110	1510999	433	0
110	1510999	434	0
110	1510999	435	-nan
110	1510999	436	-nan
110	1510999	437	0
110	1510999	438	0
110	1510999	439	0
110	1510999	440	-nan
110	1510999	441	0
110	1510999	442	-nan
110	1510999	443	0
110	1510999	444	-nan
110	1510999	445	0
110	1510999	446	0
110	1510999	447	0
110	1510999	448	-nan
110	1510999	449	0
110	1510999	450	-nan
110	1510999	451	-nan
110	1510999	452	0
110	1510999	453	-nan
110	1510999	454	0
110	1510999	455	-nan
110	1510999	456	-nan
110	1510999	457	0
110	1510999	458	-nan
110	1510999	459	-nan
110	1510999	460	-nan
110	1510999	461	-nan
110	1510999	462	-nan
110	1510999	463	-nan
110	1510999	464	-nan
110	1510999	465	-nan
110	1510999	466	-nan
110	1510999	467	0
110	1510999	468	-nan
110	1510999	469	0
110	1510999	470	0
110	1510999	471	-nan
110	1510999	472	0
110	1510999	473	0
110	1510999	474	0
110	1510999	475	-nan
110	1510999	476	-nan
110	1510999	477	0
110	1510999	478	0
110	1510999	479	0
110	1510999	480	0
110	1510999	481	-nan
110	1510999	482	0
110	1510999	483	-nan
110	1510999	484	0
110	1510999	485	-nan
110	1510999	486	-nan
110	1510999	487	-nan
110	1510999	488	-nan
110	1510999	489	0
110	1510999	490	0
110	1510999	491	0
110	1510999	492	0
110	1510999	493	0
110	1510999	494	-nan
110	1510999	495	0
110	1510999	496	-nan
110	1510999	497	0
110	1510999	498	-nan
110	1510999	499	0
110	1510999	500	-nan
110	1510999	501	0
110	1510999	502	0
110	1510999	503	-nan
110	1510999	504	-nan
110	1510999	505	-nan
110	1510999	506	0
110	1510999	507	0
110	1510999	508	0
110	1510999	509	-nan
110	1510999	510	-nan
110	1510999	511	0
110	1510999	512	-nan
110	1510999	513	-nan
110	1510999	514	0
110	1510999	515	-nan
110	1510999	516	-nan
110	1510999	517	-nan
110	1510999	518	0
110	1510999	519	-nan
110	1510999	520	0
110	1510999	521	-nan
110	1510999	522	0
110	1510999	523	-nan
110	1510999	524	0
110	1510999	525	0
110	1510999	526	-nan
110	1510999	527	-nan
110	1510999	528	0
110	1510999	529	-nan
110	1510999	530	0
110	1510999	531	-nan
110	1510999	532	0
110	1510999	533	-nan
110	1510999	534	-nan
110	1510999	535	-nan
110	1510999	536	-nan
110	1510999	537	0
110	1510999	538	0
110	1510999	539	-nan
110	1510999	540	0
110	1510999	541	-nan
110	1510999	542	0
110	1510999	543	0
110	1510999	544	-nan
110	1510999	545	0
110	1510999	546	-nan
110	1510999	547	-nan
110	1510999	548	-nan
110	1510999	549	-nan
110	1510999	550	-nan
110	1510999	551	0
110	1510999	552	0
110	1510999	553	-nan
110	1510999	554	-nan
110	1510999	555	-nan
110	1510999	556	-nan
110	1510999	557	0
110	1510999	558	0
110	1510999	559	-nan
110	1510999	560	-nan
110	1510999	561	0
110	1510999	562	-nan
110	1510999	563	0
110	1510999	564	0
110	1510999	565	0
110	1510999	566	0
110	1510999	567	0
110	1510999	568	0
110	1510999	569	0
110	1510999	570	0
110	1510999	571	0
110	1510999	572	0
110	1510999	573	0
110	1510999	574	-nan
110	1510999	575	-nan
110	1510999	576	0
110	1510999	577	0
110	1510999	578	0
110	1510999	579	0
110	1510999	580	-nan
110	1510999	581	-nan
110	1510999	582	0
110	1510999	583	-nan
110	1510999	584	-nan
110	1510999	585	0
110	1510999	586	-nan
110	1510999	587	0
110	1510999	588	-nan
110	1510999	589	0
110	1510999	590	-nan
110	1510999	591	-nan
110	1510999	592	0
110	1510999	593	-nan
110	1510999	594	-nan
110	1510999	595	-nan
110	1510999	596	-nan
110	1510999	597	-nan
110	1510999	598	0
110	1510999	599	-nan
110	1510999	600	0
110	1510999	601	-nan
110	1510999	602	-nan
110	1510999	603	0
110	1510999	604	0
110	1510999	605	0
110	1510999	606	0
110	1510999	607	-nan
110	1510999	608	-nan
110	1510999	609	0
110	1510999	610	-nan
110	1510999	611	0
110	1510999	612	0
110	1510999	613	0
110	1510999	614	0
110	1510999	615	-nan
110	1510999	616	-nan
110	1510999	617	0
110	1510999	618	-nan
110	1510999	619	-nan
110	1510999	620	0
110	1510999	621	0
110	1510999	622	0
110	1510999	623	-nan
110	1510999	624	-nan
110	1510999	625	-nan
110	1510999	626	0
110	1510999	627	0
110	1510999	628	-nan
110	1510999	629	0
110	1510999	630	-nan
110	1510999	631	-nan
110	1510999	632	-nan
110	1510999	633	0
110	1510999	634	0
110	1510999	635	-nan
110	1510999	636	0
110	1510999	637	-nan
110	1510999	638	0
110	1510999	639	-nan
110	1510999	640	-nan
110	1510999	641	0
110	1510999	642	-nan
110	1510999	643	-nan
110	1510999	644	-nan
110	1510999	645	-nan
110	1510999	646	-nan
110	1510999	647	0
110	1510999	648	0
110	1510999	649	0
110	1510999	650	0
110	1510999	651	0
110	1510999	652	0
110	1510999	653	0
110	1510999	654	0
110	1510999	655	-nan
110	1510999	656	-nan
110	1510999	657	-nan
110	1510999	658	-nan
110	1510999	659	0
110	1510999	660	0
110	1510999	661	0
110	1510999	662	0
110	1510999	663	-nan
110	1510999	664	0
110	1510999	665	-nan
110	1510999	666	-nan
110	1510999	667	0
110	1510999	668	0
110	1510999	669	0
110	1510999	670	-nan
110	1510999	671	0
110	1510999	672	0
110	1510999	673	0
110	1510999	674	-nan
110	1510999	675	0
110	1510999	676	0
110	1510999	677	0
110	1510999	678	0
110	1510999	679	0
110	1510999	680	-nan
110	1510999	681	-nan
110	1510999	682	0
110	1510999	683	-nan
110	1510999	684	-nan
110	1510999	685	-nan
110	1510999	686	0
110	1510999	687	-nan
110	1510999	688	0
110	1510999	689	-nan
110	1510999	690	0
110	1510999	691	-nan
110	1510999	692	0
110	1510999	693	0
110	1510999	694	-nan
110	1510999	695	0
110	1510999	696	-nan
110	1510999	697	-nan
110	1510999	698	-nan
110	1510999	699	0
110	1510999	700	-nan
110	1510999	701	0
110	1510999	702	-nan
110	1510999	703	0
110	1510999	704	0
110	1510999	705	-nan
110	1510999	706	0
110	1510999	707	0
110	1510999	708	-nan
110	1510999	709	0
110	1510999	710	0
110	1510999	711	0
110	1510999	712	0
110	1510999	713	0
110	1510999	714	-nan
110	1510999	715	-nan
110	1510999	716	0
110	1510999	717	0
110	1510999	718	0
110	1510999	719	0
110	1510999	720	-nan
110	1510999	721	0
110	1510999	722	-nan
110	1510999	723	-nan
110	1510999	724	0
110	1510999	725	-nan
110	1510999	726	0
110	1510999	727	-nan
110	1510999	728	0
110	1510999	729	0
110	1510999	730	-nan
110	1510999	731	0
110	1510999	732	0
110	1510999	733	-nan
110	1510999	734	0
110	1510999	735	-nan
110	1510999	736	-nan
110	1510999	737	-nan
110	1510999	738	-nan
110	1510999	739	0
110	1510999	740	-nan
110	1510999	741	-nan
110	1510999	742	0
110	1510999	743	-nan
110	1510999	744	-nan
110	1510999	745	-nan
110	1510999	746	0
110	1510999	747	-nan
110	1510999	748	0
110	1510999	749	-nan
110	1510999	750	-nan
vector 111  simple_scenario_cache_at_border_network.node[3].content_store  hit_node[3]  ETV
111	1510999	1	-nan
111	1510999	2	-nan
111	1510999	3	-nan
111	1510999	4	-nan
111	1510999	5	-nan
111	1510999	6	-nan
111	1510999	7	-nan
111	1510999	8	-nan
111	1510999	9	-nan
111	1510999	10	-nan
111	1510999	11	-nan
111	1510999	12	-nan
111	1510999	13	-nan
111	1510999	14	-nan
111	1510999	15	-nan
111	1510999	16	-nan
111	1510999	17	-nan
111	1510999	18	-nan
111	1510999	19	-nan
111	1510999	20	-nan
111	1510999	21	-nan
111	1510999	22	-nan
111	1510999	23	-nan
111	1510999	24	-nan
111	1510999	25	-nan
111	1510999	26	-nan
111	1510999	27	-nan
111	1510999	28	-nan
111	1510999	29	-nan
111	1510999	30	-nan
111	1510999	31	-nan
111	1510999	32	-nan
111	1510999	33	-nan
111	1510999	34	-nan
111	1510999	35	-nan
111	1510999	36	-nan
111	1510999	37	-nan
111	1510999	38	-nan
111	1510999	39	-nan
111	1510999	40	-nan
111	1510999	41	-nan
111	1510999	42	-nan
111	1510999	43	-nan
111	1510999	44	-nan
111	1510999	45	-nan
111	1510999	46	-nan
111	1510999	47	-nan
111	1510999	48	-nan
111	1510999	49	-nan
111	1510999	50	-nan
111	1510999	51	-nan
111	1510999	52	-nan
111	1510999	53	-nan
111	1510999	54	-nan
111	1510999	55	-nan
111	1510999	56	-nan
111	1510999	57	-nan
111	1510999	58	-nan
111	1510999	59	-nan
111	1510999	60	-nan
111	1510999	61	-nan
111	1510999	62	-nan
111	1510999	63	-nan
111	1510999	64	-nan
111	1510999	65	-nan
111	1510999	66	-nan
111	1510999	67	-nan
111	1510999	68	-nan
111	1510999	69	-nan
111	1510999	70	-nan
111	1510999	71	-nan
111	1510999	72	-nan
111	1510999	73	-nan
111	1510999	74	-nan
111	1510999	75	-nan
111	1510999	76	-nan
111	1510999	77	-nan
111	1510999	78	-nan
111	1510999	79	-nan
111	1510999	80	-nan
111	1510999	81	-nan
111	1510999	82	-nan
111	1510999	83	-nan
111	1510999	84	-nan
111	1510999	85	-nan
111	1510999	86	-nan
111	1510999	87	-nan
111	1510999	88	-nan
111	1510999	89	-nan
111	1510999	90	-nan
111	1510999	91	-nan
111	1510999	92	-nan
111	1510999	93	-nan
111	1510999	94	-nan
111	1510999	95	-nan
111	1510999	96	-nan
111	1510999	97	-nan
111	1510999	98	-nan
111	1510999	99	-nan
111	1510999	100	-nan
111	1510999	101	-nan
111	1510999	102	-nan
111	1510999	103	-nan
111	1510999	104	-nan
111	1510999	105	-nan
111	1510999	106	-nan
111	1510999	107	-nan
111	1510999	108	-nan
111	1510999	109	-nan
111	1510999	110	-nan
111	1510999	111	-nan
111	1510999	112	-nan
111	1510999	113	-nan
111	1510999	114	-nan
111	1510999	115	-nan
111	1510999	116	-nan
111	1510999	117	-nan
111	1510999	118	-nan
111	1510999	119	-nan
111	1510999	120	-nan
111	1510999	121	-nan
111	1510999	122	-nan
111	1510999	123	-nan
111	1510999	124	-nan
111	1510999	125	-nan
111	1510999	126	-nan
111	1510999	127	-nan
111	1510999	128	-nan
111	1510999	129	-nan
111	1510999	130	-nan
111	1510999	131	-nan
111	1510999	132	-nan
111	1510999	133	-nan
111	1510999	134	-nan
111	1510999	135	-nan
111	1510999	136	-nan
111	1510999	137	-nan
111	1510999	138	-nan
111	1510999	139	-nan
111	1510999	140	-nan
111	1510999	141	-nan
111	1510999	142	-nan
111	1510999	143	-nan
111	1510999	144	-nan
111	1510999	145	-nan
111	1510999	146	-nan
111	1510999	147	-nan
111	1510999	148	-nan
111	1510999	149	-nan
111	1510999	150	-nan
111	1510999	151	-nan
111	1510999	152	-nan
111	1510999	153	-nan
111	1510999	154	-nan
111	1510999	155	-nan
111	1510999	156	-nan
111	1510999	157	-nan
111	1510999	158	-nan
111	1510999	159	-nan
111	1510999	160	-nan
111	1510999	161	-nan
111	1510999	162	-nan
111	1510999	163	-nan
111	1510999	164	-nan
111	1510999	165	-nan
111	1510999	166	-nan
111	1510999	167	-nan
111	1510999	168	-nan
111	1510999	169	-nan
111	1510999	170	-nan
111	1510999	171	-nan
111	1510999	172	-nan
111	1510999	173	-nan
111	1510999	174	-nan
111	1510999	175	-nan
111	1510999	176	-nan
111	1510999	177	-nan
111	1510999	178	-nan
111	1510999	179	-nan
111	1510999	180	-nan
111	1510999	181	-nan
111	1510999	182	-nan
111	1510999	183	-nan
111	1510999	184	-nan
111	1510999	185	-nan
111	1510999	186	-nan
111	1510999	187	-nan
111	1510999	188	-nan
111	1510999	189	-nan
111	1510999	190	-nan
111	1510999	191	-nan
111	1510999	192	-nan
111	1510999	193	-nan
111	1510999	194	-nan
111	1510999	195	-nan
111	1510999	196	-nan
111	1510999	197	-nan
111	1510999	198	-nan
111	1510999	199	-nan
111	1510999	200	-nan
111	1510999	201	-nan
111	1510999	202	-nan
111	1510999	203	-nan
111	1510999	204	-nan
111	1510999	205	-nan
111	1510999	206	-nan
111	1510999	207	-nan
111	1510999	208	-nan
111	1510999	209	-nan
111	1510999	210	-nan
111	1510999	211	-nan
111	1510999	212	-nan
111	1510999	213	-nan
111	1510999	214	-nan
111	1510999	215	-nan
111	1510999	216	-nan
111	1510999	217	-nan
111	1510999	218	-nan
111	1510999	219	-nan
111	1510999	220	-nan
111	1510999	221	-nan
111	1510999	222	-nan
111	1510999	223	-nan
111	1510999	224	-nan
111	1510999	225	-nan
111	1510999	226	-nan
111	1510999	227	-nan
111	1510999	228	-nan
111	1510999	229	-nan
111	1510999	230	-nan
111	1510999	231	-nan
111	1510999	232	-nan
111	1510999	233	-nan
111	1510999	234	-nan
111	1510999	235	-nan
111	1510999	236	-nan
111	1510999	237	-nan
111	1510999	238	-nan
111	1510999	239	-nan
111	1510999	240	-nan
111	1510999	241	-nan
111	1510999	242	-nan
111	1510999	243	-nan
111	1510999	244	-nan
111	1510999	245	-nan
111	1510999	246	-nan
111	1510999	247	-nan
111	1510999	248	-nan
111	1510999	249	-nan
111	1510999	250	-nan
111	1510999	251	-nan
111	1510999	252	-nan
111	1510999	253	-nan
111	1510999	254	-nan
111	1510999	255	-nan
111	1510999	256	-nan
111	1510999	257	-nan
111	1510999	258	-nan
111	1510999	259	-nan
111	1510999	260	-nan
111	1510999	261	-nan
111	1510999	262	-nan
111	1510999	263	-nan
111	1510999	264	-nan
111	1510999	265	-nan
111	1510999	266	-nan
111	1510999	267	-nan
111	1510999	268	-nan
111	1510999	269	-nan
111	1510999	270	-nan
111	1510999	271	-nan
111	1510999	272	-nan
111	1510999	273	-nan
111	1510999	274	-nan
111	1510999	275	-nan
111	1510999	276	-nan
111	1510999	277	-nan
111	1510999	278	-nan
111	1510999	279	-nan
111	1510999	280	-nan
111	1510999	281	-nan
111	1510999	282	-nan
111	1510999	283	-nan
111	1510999	284	-nan
111	1510999	285	-nan
111	1510999	286	-nan
111	1510999	287	-nan
111	1510999	288	-nan
111	1510999	289	-nan
111	1510999	290	-nan
111	1510999	291	-nan
111	1510999	292	-nan
111	1510999	293	-nan
111	1510999	294	-nan
111	1510999	295	-nan
111	1510999	296	-nan
111	1510999	297	-nan
111	1510999	298	-nan
111	1510999	299	-nan
111	1510999	300	-nan
111	1510999	301	-nan
111	1510999	302	-nan
111	1510999	303	-nan
111	1510999	304	-nan
111	1510999	305	-nan
111	1510999	306	-nan
111	1510999	307	-nan
111	1510999	308	-nan
111	1510999	309	-nan
111	1510999	310	-nan
111	1510999	311	-nan
111	1510999	312	-nan
111	1510999	313	-nan
111	1510999	314	-nan
111	1510999	315	-nan
111	1510999	316	-nan
111	1510999	317	-nan
111	1510999	318	-nan
111	1510999	319	-nan
111	1510999	320	-nan
111	1510999	321	-nan
111	1510999	322	-nan
111	1510999	323	-nan
111	1510999	324	-nan
111	1510999	325	-nan
111	1510999	326	-nan
111	1510999	327	-nan
111	1510999	328	-nan
111	1510999	329	-nan
111	1510999	330	-nan
111	1510999	331	-nan
111	1510999	332	-nan
111	1510999	333	-nan
111	1510999	334	-nan
111	1510999	335	-nan
111	1510999	336	-nan
111	1510999	337	-nan
111	1510999	338	-nan
111	1510999	339	-nan
111	1510999	340	-nan
111	1510999	341	-nan
111	1510999	342	-nan
111	1510999	343	-nan
111	1510999	344	-nan
111	1510999	345	-nan
111	1510999	346	-nan
111	1510999	347	-nan
111	1510999	348	-nan
111	1510999	349	-nan
111	1510999	350	-nan
111	1510999	351	-nan
111	1510999	352	-nan
111	1510999	353	-nan
111	1510999	354	-nan
111	1510999	355	-nan
111	1510999	356	-nan
111	1510999	357	-nan
111	1510999	358	-nan
111	1510999	359	-nan
111	1510999	360	-nan
111	1510999	361	-nan
111	1510999	362	-nan
111	1510999	363	-nan
111	1510999	364	-nan
111	1510999	365	-nan
111	1510999	366	-nan
111	1510999	367	-nan
111	1510999	368	-nan
111	1510999	369	-nan
111	1510999	370	-nan
111	1510999	371	-nan
111	1510999	372	-nan
111	1510999	373	-nan
111	1510999	374	-nan
111	1510999	375	-nan
111	1510999	376	-nan
111	1510999	377	-nan
111	1510999	378	-nan
111	1510999	379	-nan
111	1510999	380	-nan
111	1510999	381	-nan
111	1510999	382	-nan
111	1510999	383	-nan
111	1510999	384	-nan
111	1510999	385	-nan
111	1510999	386	-nan
111	1510999	387	-nan
111	1510999	388	-nan
111	1510999	389	-nan
111	1510999	390	-nan
111	1510999	391	-nan
111	1510999	392	-nan
111	1510999	393	-nan
111	1510999	394	-nan
111	1510999	395	-nan
111	1510999	396	-nan
111	1510999	397	-nan
111	1510999	398	-nan
111	1510999	399	-nan
111	1510999	400	-nan
111	1510999	401	-nan
111	1510999	402	-nan
111	1510999	403	-nan
111	1510999	404	-nan
111	1510999	405	-nan
111	1510999	406	-nan
111	1510999	407	-nan
111	1510999	408	-nan
111	1510999	409	-nan
111	1510999	410	-nan
111	1510999	411	-nan
111	1510999	412	-nan
111	1510999	413	-nan
111	1510999	414	-nan
111	1510999	415	-nan
111	1510999	416	-nan
111	1510999	417	-nan
111	1510999	418	-nan
111	1510999	419	-nan
111	1510999	420	-nan
111	1510999	421	-nan
111	1510999	422	-nan
111	1510999	423	-nan
111	1510999	424	-nan
111	1510999	425	-nan
111	1510999	426	-nan
111	1510999	427	-nan
111	1510999	428	-nan
111	1510999	429	-nan
111	1510999	430	-nan
111	1510999	431	-nan
111	1510999	432	-nan
111	1510999	433	-nan
111	1510999	434	-nan
111	1510999	435	-nan
111	1510999	436	-nan
111	1510999	437	-nan
111	1510999	438	-nan
111	1510999	439	-nan
111	1510999	440	-nan
111	1510999	441	-nan
111	1510999	442	-nan
111	1510999	443	-nan
111	1510999	444	-nan
111	1510999	445	-nan
111	1510999	446	-nan
111	1510999	447	-nan
111	1510999	448	-nan
111	1510999	449	-nan
111	1510999	450	-nan
111	1510999	451	-nan
111	1510999	452	-nan
111	1510999	453	-nan
111	1510999	454	-nan
111	1510999	455	-nan
111	1510999	456	0
111	1510999	457	-nan
111	1510999	458	-nan
111	1510999	459	-nan
111	1510999	460	-nan
111	1510999	461	-nan
111	1510999	462	-nan
111	1510999	463	-nan
111	1510999	464	-nan
111	1510999	465	-nan
111	1510999	466	-nan
111	1510999	467	-nan
111	1510999	468	-nan
111	1510999	469	-nan
111	1510999	470	-nan
111	1510999	471	-nan
111	1510999	472	-nan
111	1510999	473	-nan
111	1510999	474	-nan
111	1510999	475	-nan
111	1510999	476	-nan
111	1510999	477	-nan
111	1510999	478	-nan
111	1510999	479	-nan
111	1510999	480	-nan
111	1510999	481	-nan
111	1510999	482	-nan
111	1510999	483	-nan
111	1510999	484	-nan
111	1510999	485	-nan
111	1510999	486	-nan
111	1510999	487	-nan
111	1510999	488	-nan
111	1510999	489	-nan
111	1510999	490	-nan
111	1510999	491	-nan
111	1510999	492	-nan
111	1510999	493	-nan
111	1510999	494	-nan
111	1510999	495	-nan
111	1510999	496	-nan
111	1510999	497	-nan
111	1510999	498	-nan
111	1510999	499	-nan
111	1510999	500	-nan
111	1510999	501	-nan
111	1510999	502	-nan
111	1510999	503	-nan
111	1510999	504	-nan
111	1510999	505	-nan
111	1510999	506	-nan
111	1510999	507	-nan
111	1510999	508	-nan
111	1510999	509	-nan
111	1510999	510	-nan
111	1510999	511	-nan
111	1510999	512	-nan
111	1510999	513	-nan
111	1510999	514	-nan
111	1510999	515	-nan
111	1510999	516	-nan
111	1510999	517	-nan
111	1510999	518	-nan
111	1510999	519	-nan
111	1510999	520	-nan
111	1510999	521	-nan
111	1510999	522	-nan
111	1510999	523	-nan
111	1510999	524	-nan
111	1510999	525	-nan
111	1510999	526	-nan
111	1510999	527	-nan
111	1510999	528	-nan
111	1510999	529	-nan
111	1510999	530	-nan
111	1510999	531	-nan
111	1510999	532	-nan
111	1510999	533	-nan
111	1510999	534	-nan
111	1510999	535	-nan
111	1510999	536	-nan
111	1510999	537	-nan
111	1510999	538	-nan
111	1510999	539	-nan
111	1510999	540	-nan
111	1510999	541	-nan
111	1510999	542	-nan
111	1510999	543	-nan
111	1510999	544	-nan
111	1510999	545	-nan
111	1510999	546	-nan
111	1510999	547	-nan
111	1510999	548	-nan
111	1510999	549	-nan
111	1510999	550	-nan
111	1510999	551	-nan
111	1510999	552	-nan
111	1510999	553	-nan
111	1510999	554	-nan
111	1510999	555	-nan
111	1510999	556	0
111	1510999	557	-nan
111	1510999	558	-nan
111	1510999	559	-nan
111	1510999	560	-nan
111	1510999	561	-nan
111	1510999	562	-nan
111	1510999	563	-nan
111	1510999	564	-nan
111	1510999	565	-nan
111	1510999	566	-nan
111	1510999	567	-nan
111	1510999	568	-nan
111	1510999	569	-nan
111	1510999	570	-nan
111	1510999	571	-nan
111	1510999	572	-nan
111	1510999	573	-nan
111	1510999	574	-nan
111	1510999	575	-nan
111	1510999	576	-nan
111	1510999	577	-nan
111	1510999	578	-nan
111	1510999	579	-nan
111	1510999	580	-nan
111	1510999	581	-nan
111	1510999	582	-nan
111	1510999	583	-nan
111	1510999	584	-nan
111	1510999	585	-nan
111	1510999	586	-nan
111	1510999	587	-nan
111	1510999	588	-nan
111	1510999	589	-nan
111	1510999	590	-nan
111	1510999	591	-nan
111	1510999	592	-nan
111	1510999	593	-nan
111	1510999	594	-nan
111	1510999	595	0
111	1510999	596	-nan
111	1510999	597	-nan
111	1510999	598	-nan
111	1510999	599	-nan
111	1510999	600	-nan
111	1510999	601	-nan
111	1510999	602	-nan
111	1510999	603	-nan
111	1510999	604	-nan
111	1510999	605	-nan
111	1510999	606	-nan
111	1510999	607	-nan
111	1510999	608	-nan
111	1510999	609	-nan
111	1510999	610	-nan
111	1510999	611	-nan
111	1510999	612	-nan
111	1510999	613	-nan
111	1510999	614	-nan
111	1510999	615	-nan
111	1510999	616	-nan
111	1510999	617	-nan
111	1510999	618	0
111	1510999	619	-nan
111	1510999	620	-nan
111	1510999	621	-nan
111	1510999	622	-nan
111	1510999	623	-nan
111	1510999	624	-nan
111	1510999	625	-nan
111	1510999	626	-nan
111	1510999	627	-nan
111	1510999	628	-nan
111	1510999	629	-nan
111	1510999	630	-nan
111	1510999	631	-nan
111	1510999	632	-nan
111	1510999	633	-nan
111	1510999	634	-nan
111	1510999	635	-nan
111	1510999	636	-nan
111	1510999	637	-nan
111	1510999	638	-nan
111	1510999	639	-nan
111	1510999	640	-nan
111	1510999	641	-nan
111	1510999	642	-nan
111	1510999	643	-nan
111	1510999	644	-nan
111	1510999	645	-nan
111	1510999	646	-nan
111	1510999	647	-nan
111	1510999	648	-nan
111	1510999	649	-nan
111	1510999	650	-nan
111	1510999	651	-nan
111	1510999	652	-nan
111	1510999	653	-nan
111	1510999	654	-nan
111	1510999	655	-nan
111	1510999	656	-nan
111	1510999	657	-nan
111	1510999	658	-nan
111	1510999	659	-nan
111	1510999	660	-nan
111	1510999	661	-nan
111	1510999	662	-nan
111	1510999	663	-nan
111	1510999	664	-nan
111	1510999	665	-nan
111	1510999	666	-nan
111	1510999	667	-nan
111	1510999	668	-nan
111	1510999	669	-nan
111	1510999	670	-nan
111	1510999	671	-nan
111	1510999	672	-nan
111	1510999	673	-nan
111	1510999	674	-nan
111	1510999	675	-nan
111	1510999	676	-nan
111	1510999	677	-nan
111	1510999	678	-nan
111	1510999	679	-nan
111	1510999	680	-nan
111	1510999	681	-nan
111	1510999	682	-nan
111	1510999	683	-nan
111	1510999	684	-nan
111	1510999	685	-nan
111	1510999	686	-nan
111	1510999	687	-nan
111	1510999	688	-nan
111	1510999	689	-nan
111	1510999	690	-nan
111	1510999	691	-nan
111	1510999	692	-nan
111	1510999	693	-nan
111	1510999	694	-nan
111	1510999	695	-nan
111	1510999	696	-nan
111	1510999	697	0
111	1510999	698	-nan
111	1510999	699	-nan
111	1510999	700	0
111	1510999	701	-nan
111	1510999	702	-nan
111	1510999	703	-nan
111	1510999	704	-nan
111	1510999	705	-nan
111	1510999	706	-nan
111	1510999	707	-nan
111	1510999	708	-nan
111	1510999	709	-nan
111	1510999	710	-nan
111	1510999	711	-nan
111	1510999	712	-nan
111	1510999	713	-nan
111	1510999	714	-nan
111	1510999	715	-nan
111	1510999	716	-nan
111	1510999	717	-nan
111	1510999	718	-nan
111	1510999	719	-nan
111	1510999	720	-nan
111	1510999	721	-nan
111	1510999	722	-nan
111	1510999	723	0
111	1510999	724	-nan
111	1510999	725	-nan
111	1510999	726	-nan
111	1510999	727	0
111	1510999	728	-nan
111	1510999	729	-nan
111	1510999	730	-nan
111	1510999	731	-nan
111	1510999	732	-nan
111	1510999	733	-nan
111	1510999	734	-nan
111	1510999	735	-nan
111	1510999	736	-nan
111	1510999	737	-nan
111	1510999	738	-nan
111	1510999	739	-nan
111	1510999	740	-nan
111	1510999	741	-nan
111	1510999	742	-nan
111	1510999	743	-nan
111	1510999	744	-nan
111	1510999	745	-nan
111	1510999	746	-nan
111	1510999	747	-nan
111	1510999	748	-nan
111	1510999	749	-nan
111	1510999	750	-nan
vector 112  simple_scenario_cache_at_border_network.node[4].content_store  hit_node[4]  ETV
112	1510999	1	-nan
112	1510999	2	0
112	1510999	3	0
112	1510999	4	-nan
112	1510999	5	0
112	1510999	6	0
112	1510999	7	0
112	1510999	8	0
112	1510999	9	0
112	1510999	10	0
112	1510999	11	0
112	1510999	12	-nan
112	1510999	13	-nan
112	1510999	14	0
112	1510999	15	-nan
112	1510999	16	-nan
112	1510999	17	-nan
112	1510999	18	-nan
112	1510999	19	-nan
112	1510999	20	0
112	1510999	21	-nan
112	1510999	22	0
112	1510999	23	0
112	1510999	24	-nan
112	1510999	25	-nan
112	1510999	26	0
112	1510999	27	0
112	1510999	28	0
112	1510999	29	0
112	1510999	30	-nan
112	1510999	31	0
112	1510999	32	-nan
112	1510999	33	0
112	1510999	34	-nan
112	1510999	35	0
112	1510999	36	0
112	1510999	37	-nan
112	1510999	38	0
112	1510999	39	0
112	1510999	40	-nan
112	1510999	41	-nan
112	1510999	42	0
112	1510999	43	-nan
112	1510999	44	0
112	1510999	45	0
112	1510999	46	0
112	1510999	47	0
112	1510999	48	0
112	1510999	49	-nan
112	1510999	50	0
112	1510999	51	-nan
112	1510999	52	0
112	1510999	53	0
112	1510999	54	0
112	1510999	55	0
112	1510999	56	-nan
112	1510999	57	0
112	1510999	58	-nan
112	1510999	59	-nan
112	1510999	60	0
112	1510999	61	0
112	1510999	62	-nan
112	1510999	63	0
112	1510999	64	-nan
112	1510999	65	0
112	1510999	66	-nan
112	1510999	67	-nan
112	1510999	68	-nan
112	1510999	69	-nan
112	1510999	70	-nan
112	1510999	71	0
112	1510999	72	0
112	1510999	73	-nan
112	1510999	74	-nan
112	1510999	75	-nan
112	1510999	76	0
112	1510999	77	0
112	1510999	78	-nan
112	1510999	79	0
112	1510999	80	-nan
112	1510999	81	-nan
112	1510999	82	0
112	1510999	83	-nan
112	1510999	84	0
112	1510999	85	0
112	1510999	86	0
112	1510999	87	0
112	1510999	88	0
112	1510999	89	0
112	1510999	90	-nan
112	1510999	91	0
112	1510999	92	0
112	1510999	93	-nan
112	1510999	94	-nan
112	1510999	95	0
112	1510999	96	-nan
112	1510999	97	-nan
112	1510999	98	0
112	1510999	99	0
112	1510999	100	-nan
112	1510999	101	0
112	1510999	102	-nan
112	1510999	103	-nan
112	1510999	104	0
112	1510999	105	-nan
112	1510999	106	-nan
112	1510999	107	-nan
112	1510999	108	0
112	1510999	109	0
112	1510999	110	-nan
112	1510999	111	0
112	1510999	112	-nan
112	1510999	113	-nan
112	1510999	114	-nan
112	1510999	115	-nan
112	1510999	116	-nan
112	1510999	117	0
112	1510999	118	-nan
112	1510999	119	0
112	1510999	120	-nan
112	1510999	121	0
112	1510999	122	0
112	1510999	123	0
112	1510999	124	0
112	1510999	125	0
112	1510999	126	-nan
112	1510999	127	0
112	1510999	128	0
112	1510999	129	0
112	1510999	130	0
112	1510999	131	-nan
112	1510999	132	0
112	1510999	133	0
112	1510999	134	-nan
112	1510999	135	-nan
112	1510999	136	0
112	1510999	137	-nan
112	1510999	138	-nan
112	1510999	139	-nan
112	1510999	140	-nan
112	1510999	141	0
112	1510999	142	0
112	1510999	143	-nan
112	1510999	144	-nan
112	1510999	145	0
112	1510999	146	-nan
112	1510999	147	0
112	1510999	148	0
112	1510999	149	0
112	1510999	150	0
112	1510999	151	-nan
112	1510999	152	-nan
112	1510999	153	-nan
112	1510999	154	0
112	1510999	155	-nan
112	1510999	156	0
112	1510999	157	0
112	1510999	158	0
112	1510999	159	-nan
112	1510999	160	0
112	1510999	161	-nan
112	1510999	162	-nan
112	1510999	163	0
112	1510999	164	-nan
112	1510999	165	0
112	1510999	166	0
112	1510999	167	-nan
112	1510999	168	-nan
112	1510999	169	0
112	1510999	170	-nan
112	1510999	171	0
112	1510999	172	-nan
112	1510999	173	0
112	1510999	174	-nan
112	1510999	175	0
112	1510999	176	-nan
112	1510999	177	0
112	1510999	178	-nan
112	1510999	179	-nan
112	1510999	180	-nan
112	1510999	181	0
112	1510999	182	-nan
112	1510999	183	0
112	1510999	184	-nan
112	1510999	185	0
112	1510999	186	-nan
112	1510999	187	-nan
112	1510999	188	-nan
112	1510999	189	-nan
112	1510999	190	-nan
112	1510999	191	0
112	1510999	192	-nan
112	1510999	193	-nan
112	1510999	194	0
112	1510999	195	-nan
112	1510999	196	-nan
112	1510999	197	-nan
112	1510999	198	0
112	1510999	199	-nan
112	1510999	200	-nan
112	1510999	201	0
112	1510999	202	-nan
112	1510999	203	0
112	1510999	204	-nan
112	1510999	205	-nan
112	1510999	206	0
112	1510999	207	0
112	1510999	208	-nan
112	1510999	209	-nan
112	1510999	210	-nan
112	1510999	211	0
112	1510999	212	0
112	1510999	213	-nan
112	1510999	214	-nan
112	1510999	215	-nan
112	1510999	216	-nan
112	1510999	217	-nan
112	1510999	218	0
112	1510999	219	-nan
112	1510999	220	0
112	1510999	221	-nan
112	1510999	222	-nan
112	1510999	223	-nan
112	1510999	224	0
112	1510999	225	0
112	1510999	226	0
112	1510999	227	-nan
112	1510999	228	-nan
112	1510999	229	0
112	1510999	230	0
112	1510999	231	0
112	1510999	232	0
112	1510999	233	-nan
112	1510999	234	-nan
112	1510999	235	-nan
112	1510999	236	0
112	1510999	237	0
112	1510999	238	-nan
112	1510999	239	0
112	1510999	240	-nan
112	1510999	241	-nan
112	1510999	242	0
112	1510999	243	-nan
112	1510999	244	0
112	1510999	245	0
112	1510999	246	0
112	1510999	247	0
112	1510999	248	-nan
112	1510999	249	-nan
112	1510999	250	-nan
112	1510999	251	0
112	1510999	252	0
112	1510999	253	0
112	1510999	254	-nan
112	1510999	255	0
112	1510999	256	0
112	1510999	257	0
112	1510999	258	0
112	1510999	259	-nan
112	1510999	260	-nan
112	1510999	261	0
112	1510999	262	0
112	1510999	263	-nan
112	1510999	264	-nan
112	1510999	265	-nan
112	1510999	266	0
112	1510999	267	0
112	1510999	268	-nan
112	1510999	269	0
112	1510999	270	0
112	1510999	271	0
112	1510999	272	0
112	1510999	273	0
112	1510999	274	-nan
112	1510999	275	-nan
112	1510999	276	-nan
112	1510999	277	0
112	1510999	278	-nan
112	1510999	279	0
112	1510999	280	-nan
112	1510999	281	0
112	1510999	282	0
112	1510999	283	-nan
112	1510999	284	-nan
112	1510999	285	-nan
112	1510999	286	0
112	1510999	287	-nan
112	1510999	288	-nan
112	1510999	289	0
112	1510999	290	0
112	1510999	291	0
112	1510999	292	0
112	1510999	293	-nan
112	1510999	294	0
112	1510999	295	-nan
112	1510999	296	-nan
112	1510999	297	-nan
112	1510999	298	-nan
112	1510999	299	0
112	1510999	300	0
112	1510999	301	0
112	1510999	302	-nan
112	1510999	303	0
112	1510999	304	-nan
112	1510999	305	-nan
112	1510999	306	0
112	1510999	307	0
112	1510999	308	0
112	1510999	309	0
112	1510999	310	0
112	1510999	311	0
112	1510999	312	-nan
112	1510999	313	-nan
112	1510999	314	0
112	1510999	315	0
112	1510999	316	0
112	1510999	317	0
112	1510999	318	0
112	1510999	319	0
112	1510999	320	0
112	1510999	321	0
112	1510999	322	0
112	1510999	323	0
112	1510999	324	-nan
112	1510999	325	-nan
112	1510999	326	-nan
112	1510999	327	-nan
112	1510999	328	0
112	1510999	329	0
112	1510999	330	0
112	1510999	331	-nan
112	1510999	332	0
112	1510999	333	0
112	1510999	334	0
112	1510999	335	0
112	1510999	336	0
112	1510999	337	0
112	1510999	338	0
112	1510999	339	-nan
112	1510999	340	-nan
112	1510999	341	-nan
112	1510999	342	-nan
112	1510999	343	0
112	1510999	344	0
112	1510999	345	-nan
112	1510999	346	0
112	1510999	347	-nan
112	1510999	348	-nan
112	1510999	349	0
112	1510999	350	-nan
112	1510999	351	0
112	1510999	352	-nan
112	1510999	353	0
112	1510999	354	-nan
112	1510999	355	-nan
112	1510999	356	-nan
112	1510999	357	-nan
112	1510999	358	0
112	1510999	359	0
112	1510999	360	0
112	1510999	361	-nan
112	1510999	362	0
112	1510999	363	-nan
112	1510999	364	0
112	1510999	365	-nan
112	1510999	366	-nan
112	1510999	367	-nan
112	1510999	368	-nan
112	1510999	369	0
112	1510999	370	0
112	1510999	371	0
112	1510999	372	-nan
112	1510999	373	0
112	1510999	374	-nan
112	1510999	375	-nan
112	1510999	376	0
112	1510999	377	0
112	1510999	378	0
112	1510999	379	-nan
112	1510999	380	0
112	1510999	381	0
112	1510999	382	-nan
112	1510999	383	0
112	1510999	384	-nan
112	1510999	385	0
112	1510999	386	0
112	1510999	387	-nan
112	1510999	388	-nan
112	1510999	389	0
112	1510999	390	0
112	1510999	391	-nan
112	1510999	392	0
112	1510999	393	0
112	1510999	394	0
112	1510999	395	0
112	1510999	396	0
112	1510999	397	0
112	1510999	398	-nan
112	1510999	399	-nan
112	1510999	400	0
112	1510999	401	-nan
112	1510999	402	0
112	1510999	403	-nan
112	1510999	404	-nan
112	1510999	405	0
112	1510999	406	0
112	1510999	407	0
112	1510999	408	0
112	1510999	409	0
112	1510999	410	-nan
112	1510999	411	0
112	1510999	412	0
112	1510999	413	0
112	1510999	414	-nan
112	1510999	415	-nan
112	1510999	416	0
112	1510999	417	0
112	1510999	418	-nan
112	1510999	419	0
112	1510999	420	0
112	1510999	421	0
112	1510999	422	-nan
112	1510999	423	-nan
112	1510999	424	-nan
112	1510999	425	0
112	1510999	426	-nan
112	1510999	427	-nan
112	1510999	428	-nan
112	1510999	429	-nan
112	1510999	430	-nan
112	1510999	431	-nan
112	1510999	432	0
112	1510999	433	0
112	1510999	434	0
112	1510999	435	-nan
112	1510999	436	-nan
112	1510999	437	0
112	1510999	438	0
112	1510999	439	0
112	1510999	440	-nan
112	1510999	441	0
112	1510999	442	-nan
112	1510999	443	0
112	1510999	444	-nan
112	1510999	445	0
112	1510999	446	0
112	1510999	447	0
112	1510999	448	-nan
112	1510999	449	0
112	1510999	450	-nan
112	1510999	451	-nan
112	1510999	452	0
112	1510999	453	-nan
112	1510999	454	0
112	1510999	455	-nan
112	1510999	456	-nan
112	1510999	457	0
112	1510999	458	-nan
112	1510999	459	-nan
112	1510999	460	-nan
112	1510999	461	-nan
112	1510999	462	-nan
112	1510999	463	-nan
112	1510999	464	-nan
112	1510999	465	-nan
112	1510999	466	-nan
112	1510999	467	0
112	1510999	468	-nan
112	1510999	469	0
112	1510999	470	0
112	1510999	471	-nan
112	1510999	472	0
112	1510999	473	0
112	1510999	474	0
112	1510999	475	-nan
112	1510999	476	-nan
112	1510999	477	0
112	1510999	478	0
112	1510999	479	0
112	1510999	480	0
112	1510999	481	-nan
112	1510999	482	0
112	1510999	483	-nan
112	1510999	484	0
112	1510999	485	-nan
112	1510999	486	-nan
112	1510999	487	-nan
112	1510999	488	-nan
112	1510999	489	0
112	1510999	490	0
112	1510999	491	0
112	1510999	492	0
112	1510999	493	0
112	1510999	494	-nan
112	1510999	495	0
112	1510999	496	-nan
112	1510999	497	0
112	1510999	498	-nan
112	1510999	499	0
112	1510999	500	-nan
112	1510999	501	0
112	1510999	502	0
112	1510999	503	-nan
112	1510999	504	-nan
112	1510999	505	-nan
112	1510999	506	0
112	1510999	507	0
112	1510999	508	0
112	1510999	509	-nan
112	1510999	510	-nan
112	1510999	511	0
112	1510999	512	-nan
112	1510999	513	-nan
112	1510999	514	0
112	1510999	515	-nan
112	1510999	516	-nan
112	1510999	517	-nan
112	1510999	518	0
112	1510999	519	-nan
112	1510999	520	0
112	1510999	521	-nan
112	1510999	522	0
112	1510999	523	-nan
112	1510999	524	0
112	1510999	525	0
112	1510999	526	-nan
112	1510999	527	-nan
112	1510999	528	0
112	1510999	529	-nan
112	1510999	530	0
112	1510999	531	-nan
112	1510999	532	0
112	1510999	533	-nan
112	1510999	534	-nan
112	1510999	535	-nan
112	1510999	536	-nan
112	1510999	537	0
112	1510999	538	0
112	1510999	539	-nan
112	1510999	540	0
112	1510999	541	-nan
112	1510999	542	0
112	1510999	543	0
112	1510999	544	-nan
112	1510999	545	0
112	1510999	546	-nan
112	1510999	547	-nan
112	1510999	548	-nan
112	1510999	549	-nan
112	1510999	550	-nan
112	1510999	551	0
112	1510999	552	0
112	1510999	553	-nan
112	1510999	554	-nan
112	1510999	555	-nan
112	1510999	556	-nan
112	1510999	557	0
112	1510999	558	0
112	1510999	559	-nan
112	1510999	560	-nan
112	1510999	561	0
112	1510999	562	-nan
112	1510999	563	0
112	1510999	564	0
112	1510999	565	0
112	1510999	566	0
112	1510999	567	0
112	1510999	568	0
112	1510999	569	0
112	1510999	570	0
112	1510999	571	0
112	1510999	572	0
112	1510999	573	0
112	1510999	574	-nan
112	1510999	575	-nan
112	1510999	576	0
112	1510999	577	0
112	1510999	578	0
112	1510999	579	0
112	1510999	580	-nan
112	1510999	581	-nan
112	1510999	582	0
112	1510999	583	-nan
112	1510999	584	-nan
112	1510999	585	0
112	1510999	586	-nan
112	1510999	587	0
112	1510999	588	-nan
112	1510999	589	0
112	1510999	590	-nan
112	1510999	591	-nan
112	1510999	592	0
112	1510999	593	-nan
112	1510999	594	-nan
112	1510999	595	-nan
112	1510999	596	-nan
112	1510999	597	-nan
112	1510999	598	0
112	1510999	599	-nan
112	1510999	600	0
112	1510999	601	-nan
112	1510999	602	-nan
112	1510999	603	0
112	1510999	604	0
112	1510999	605	0
112	1510999	606	0
112	1510999	607	-nan
112	1510999	608	-nan
112	1510999	609	0
112	1510999	610	-nan
112	1510999	611	0
112	1510999	612	0
112	1510999	613	0
112	1510999	614	0
112	1510999	615	-nan
112	1510999	616	-nan
112	1510999	617	0
112	1510999	618	-nan
112	1510999	619	-nan
112	1510999	620	0
112	1510999	621	0
112	1510999	622	0
112	1510999	623	-nan
112	1510999	624	-nan
112	1510999	625	-nan
112	1510999	626	0
112	1510999	627	0
112	1510999	628	-nan
112	1510999	629	0
112	1510999	630	-nan
112	1510999	631	-nan
112	1510999	632	-nan
112	1510999	633	0
112	1510999	634	0
112	1510999	635	-nan
112	1510999	636	0
112	1510999	637	-nan
112	1510999	638	0
112	1510999	639	-nan
112	1510999	640	-nan
112	1510999	641	0
112	1510999	642	-nan
112	1510999	643	-nan
112	1510999	644	-nan
112	1510999	645	-nan
112	1510999	646	-nan
112	1510999	647	0
112	1510999	648	0
112	1510999	649	0
112	1510999	650	0
112	1510999	651	0
112	1510999	652	0
112	1510999	653	0
112	1510999	654	0
112	1510999	655	-nan
112	1510999	656	-nan
112	1510999	657	-nan
112	1510999	658	-nan
112	1510999	659	0
112	1510999	660	0
112	1510999	661	0
112	1510999	662	0
112	1510999	663	-nan
112	1510999	664	0
112	1510999	665	-nan
112	1510999	666	-nan
112	1510999	667	0
112	1510999	668	0
112	1510999	669	0
112	1510999	670	-nan
112	1510999	671	0
112	1510999	672	0
112	1510999	673	0
112	1510999	674	-nan
112	1510999	675	0
112	1510999	676	0
112	1510999	677	0
112	1510999	678	0
112	1510999	679	0
112	1510999	680	-nan
112	1510999	681	-nan
112	1510999	682	0
112	1510999	683	-nan
112	1510999	684	-nan
112	1510999	685	-nan
112	1510999	686	0
112	1510999	687	-nan
112	1510999	688	0
112	1510999	689	-nan
112	1510999	690	0
112	1510999	691	-nan
112	1510999	692	0
112	1510999	693	0
112	1510999	694	-nan
112	1510999	695	0
112	1510999	696	-nan
112	1510999	697	-nan
112	1510999	698	-nan
112	1510999	699	0
112	1510999	700	-nan
112	1510999	701	0
112	1510999	702	-nan
112	1510999	703	0
112	1510999	704	0
112	1510999	705	-nan
112	1510999	706	0
112	1510999	707	0
112	1510999	708	-nan
112	1510999	709	0
112	1510999	710	0
112	1510999	711	0
112	1510999	712	0
112	1510999	713	0
112	1510999	714	-nan
112	1510999	715	-nan
112	1510999	716	0
112	1510999	717	0
112	1510999	718	0
112	1510999	719	0
112	1510999	720	-nan
112	1510999	721	0
112	1510999	722	-nan
112	1510999	723	-nan
112	1510999	724	0
112	1510999	725	-nan
112	1510999	726	0
112	1510999	727	-nan
112	1510999	728	0
112	1510999	729	0
112	1510999	730	-nan
112	1510999	731	0
112	1510999	732	0
112	1510999	733	-nan
112	1510999	734	0
112	1510999	735	-nan
112	1510999	736	-nan
112	1510999	737	-nan
112	1510999	738	-nan
112	1510999	739	0
112	1510999	740	-nan
112	1510999	741	-nan
112	1510999	742	0
112	1510999	743	-nan
112	1510999	744	-nan
112	1510999	745	-nan
112	1510999	746	0
112	1510999	747	-nan
112	1510999	748	0
112	1510999	749	-nan
112	1510999	750	-nan
vector 113  simple_scenario_cache_at_border_network.client[0]  hdistance[0]  ETV
113	1510999	1	2.3869814743009
113	1510999	2	2.3872389010485
113	1510999	3	2.3872471535292
113	1510999	4	2.3866986065917
113	1510999	5	2.387394164583
113	1510999	6	2.3874018723256
113	1510999	7	2.3874696044084
113	1510999	8	2.387582778922
113	1510999	9	2.3875353649583
113	1510999	10	2.3876600736158
113	1510999	11	2.3877328731746
113	1510999	12	2.3857210483735
113	1510999	13	2.3857070890349
113	1510999	14	2.3879040533067
113	1510999	15	2.3855503280936
113	1510999	16	2.3853477893662
113	1510999	17	2.385262819428
113	1510999	18	2.3851561330411
113	1510999	19	2.3848498316577
113	1510999	20	2.3882026604858
113	1510999	21	2.38482645457
113	1510999	22	2.3881662493946
113	1510999	23	2.3882675711129
113	1510999	24	2.3843708913543
113	1510999	25	2.3841767091411
113	1510999	26	2.3885489969667
113	1510999	27	2.3885645446276
113	1510999	28	2.3884393775114
113	1510999	29	2.3886273114052
113	1510999	30	2.3839721856807
113	1510999	31	2.3887334030026
113	1510999	32	2.3836996335975
113	1510999	33	2.3888036275286
113	1510999	34	2.3832471922
113	1510999	35	2.3886471812524
113	1510999	36	2.3888985078745
113	1510999	37	2.3829502047681
113	1510999	38	2.3891527672821
113	1510999	39	2.3889996201594
113	1510999	40	2.3829690139105
113	1510999	41	2.3826546563894
113	1510999	42	2.3889235344911
113	1510999	43	2.3819111082672
113	1510999	44	2.3892644322408
113	1510999	45	2.3893675050528
113	1510999	46	2.3892500538252
113	1510999	47	2.3898248205859
113	1510999	48	2.3891720445396
113	1510999	49	2.3817599895379
113	1510999	50	2.3895006755806
113	1510999	51	2.3810282781892
113	1510999	52	2.3896597189923
113	1510999	53	2.3898840071446
113	1510999	54	2.3898969680246
113	1510999	55	2.38995429069
113	1510999	56	2.3805819310552
113	1510999	57	2.3899519642087
113	1510999	58	2.3810821604092
113	1510999	59	2.380083543258
113	1510999	60	2.3904104637375
113	1510999	61	2.3900767741102
113	1510999	62	2.3801416818752
113	1510999	63	2.3907107380314
113	1510999	64	2.380661533938
113	1510999	65	2.3902244671345
113	1510999	66	2.3801709105938
113	1510999	67	2.378891934503
113	1510999	68	2.3787865192536
113	1510999	69	2.3792142791741
113	1510999	70	2.3785528921737
113	1510999	71	2.3910299441637
113	1510999	72	2.3905762971517
113	1510999	73	2.3792030436395
113	1510999	74	2.3799847801116
113	1510999	75	2.3788912560856
113	1510999	76	2.3908596920027
113	1510999	77	2.3906206859762
113	1510999	78	2.3779110631907
113	1510999	79	2.3911633238125
113	1510999	80	2.3793656234839
113	1510999	81	2.3772054779144
113	1510999	82	2.3917059483726
113	1510999	83	2.3781526118066
113	1510999	84	2.3908093190521
113	1510999	85	2.3914679221067
113	1510999	86	2.3910135756889
113	1510999	87	2.3910174751887
113	1510999	88	2.3917233570667
113	1510999	89	2.3914346301792
113	1510999	90	2.377896494157
113	1510999	91	2.3916647346842
113	1510999	92	2.3917929147878
113	1510999	93	2.3769183789809
113	1510999	94	2.3749406690757
113	1510999	95	2.3918214439184
113	1510999	96	2.3762728154089
113	1510999	97	2.3745837831189
113	1510999	98	2.3916601442175
113	1510999	99	2.3919110838895
113	1510999	100	2.3765107555498
113	1510999	101	2.393361747303
113	1510999	102	2.3756313647894
113	1510999	103	2.3741229405694
113	1510999	104	2.3921653490388
113	1510999	105	2.375082778721
113	1510999	106	2.3760572656334
113	1510999	107	2.3732923156162
113	1510999	108	2.3928259299911
113	1510999	109	2.392807368576
113	1510999	110	2.3762985915811
113	1510999	111	2.3929561525433
113	1510999	112	2.373836064451
113	1510999	113	2.3763700813555
113	1510999	114	2.3708484307813
113	1510999	115	2.3727302418706
113	1510999	116	2.3743881438237
113	1510999	117	2.3928415596779
113	1510999	118	2.3734863550753
113	1510999	119	2.3939938493658
113	1510999	120	2.3724257544309
113	1510999	121	2.3931658507783
113	1510999	122	2.3937157610026
113	1510999	123	2.3921162676145
113	1510999	124	2.3933142200991
113	1510999	125	2.3930652099923
113	1510999	126	2.3724040472974
113	1510999	127	2.3924573185316
113	1510999	128	2.3930723240512
113	1510999	129	2.394057820358
113	1510999	130	2.3932572259933
113	1510999	131	2.373559832751
113	1510999	132	2.3931969493572
113	1510999	133	2.3934221890635
113	1510999	134	2.3725438591426
113	1510999	135	2.3729730989013
113	1510999	136	2.3938659332749
113	1510999	137	2.3713395468674
113	1510999	138	2.3746968444935
113	1510999	139	2.372488573863
113	1510999	140	2.372868630661
113	1510999	141	2.3934322601811
113	1510999	142	2.3942973148272
113	1510999	143	2.3715697585734
113	1510999	144	2.3736319835234
113	1510999	145	2.3945970157611
113	1510999	146	2.3729280178147
113	1510999	147	2.3947389597538
113	1510999	148	2.3951636313077
113	1510999	149	2.3951875025626
113	1510999	150	2.3958366063769
113	1510999	151	2.3701107562748
113	1510999	152	2.3706121130187
113	1510999	153	2.3678524682854
113	1510999	154	2.3942545107658
113	1510999	155	2.3699035887169
113	1510999	156	2.3944080753896
113	1510999	157	2.3971852541336
113	1510999	158	2.3969841025198
113	1510999	159	2.3693040436435
113	1510999	160	2.395045525078
113	1510999	161	2.3691212381406
113	1510999	162	2.3709261819332
113	1510999	163	2.3956605612235
113	1510999	164	2.3685956076335
113	1510999	165	2.3960621884231
113	1510999	166	2.3960832572586
113	1510999	167	2.366956249852
113	1510999	168	2.3669119560741
113	1510999	169	2.3943713885738
113	1510999	170	2.3651485386201
113	1510999	171	2.3986449246104
113	1510999	172	2.3680654842124
113	1510999	173	2.3960481032765
113	1510999	174	2.3666402764642
113	1510999	175	2.3953396215927
113	1510999	176	2.3686824666098
113	1510999	177	2.3968981190127
113	1510999	178	2.3647621398329
113	1510999	179	2.3650579348471
113	1510999	180	2.3635680656064
113	1510999	181	2.3973404563436
113	1510999	182	2.3640017861781
113	1510999	183	2.3960570597796
113	1510999	184	2.3648917139887
113	1510999	185	2.3974429712368
113	1510999	186	2.3672746085084
113	1510999	187	2.3657155901166
113	1510999	188	2.3689180115266
113	1510999	189	2.3660773080637
113	1510999	190	2.3677852820488
113	1510999	191	2.3951742835627
113	1510999	192	2.368452331126
113	1510999	193	2.3658003489365
113	1510999	194	2.3974091167657
113	1510999	195	2.3640196890651
113	1510999	196	2.367490524268
113	1510999	197	2.3678897866773
113	1510999	198	2.3969746029658
113	1510999	199	2.3669899858815
113	1510999	200	2.3657855207352
113	1510999	201	2.3973957721394
113	1510999	202	2.364011402402
113	1510999	203	2.3972728672737
113	1510999	204	2.3631619056104
113	1510999	205	2.363544289959
113	1510999	206	2.3963987372018
113	1510999	207	2.3958814226589
113	1510999	208	2.3678609723289
113	1510999	209	2.3633537849052
113	1510999	210	2.3618566423435
113	1510999	211	2.395762038858
113	1510999	212	2.3978948905133
113	1510999	213	2.3658119175203
113	1510999	214	2.3651206556732
113	1510999	215	2.3627629913157
113	1510999	216	2.3614569252573
113	1510999	217	2.3647374513579
113	1510999	218	2.3963945858109
113	1510999	219	2.3631540859021
113	1510999	220	2.3982785891109
113	1510999	221	2.3643452408398
113	1510999	222	2.3644326398594
113	1510999	223	2.3575801468841
113	1510999	224	2.3979391958983
113	1510999	225	2.3968364640396
113	1510999	226	2.3991334517878
113	1510999	227	2.3643652669985
113	1510999	228	2.3592802816584
113	1510999	229	2.3955732008067
113	1510999	230	2.3971352476341
113	1510999	231	2.4020711740275
113	1510999	232	2.399639918561
113	1510999	233	2.3563056611911
113	1510999	234	2.3622403331962
113	1510999	235	2.3619893428064
113	1510999	236	2.3990934224127
113	1510999	237	2.4004978226045
113	1510999	238	2.3640414294947
113	1510999	239	2.3991428320351
113	1510999	240	2.3532278745488
113	1510999	241	2.3584940725573
113	1510999	242	2.3980666853461
113	1510999	243	2.3622140141477
113	1510999	244	2.398827733203
113	1510999	245	2.3984718903972
113	1510999	246	2.3976981741422
113	1510999	247	2.3990265126426
113	1510999	248	2.361173254563
113	1510999	249	2.365447082111
113	1510999	250	2.3582327824078
113	1510999	251	2.3997867340975
113	1510999	252	2.3978415546983
113	1510999	253	2.3999700062179
113	1510999	254	2.3524140472066
113	1510999	255	2.3987974250999
113	1510999	256	2.3989056390932
113	1510999	257	2.4004040163541
113	1510999	258	2.4013047203459
113	1510999	259	2.3575103336366
113	1510999	260	2.360116239009
113	1510999	261	2.4028175957764
113	1510999	262	2.401741840688
113	1510999	263	2.3548376137513
113	1510999	264	2.3613644806759
113	1510999	265	2.3588576656396
113	1510999	266	2.4006844966395
113	1510999	267	2.3975053084733
113	1510999	268	2.3588367160329
113	1510999	269	2.4010281431392
113	1510999	270	2.4004910822751
113	1510999	271	2.4009547523038
113	1510999	272	2.4024082162673
113	1510999	273	2.3990079634052
113	1510999	274	2.3548537440024
113	1510999	275	2.3562613343395
113	1510999	276	2.3562475543199
113	1510999	277	2.4024976076555
113	1510999	278	2.3495900920525
113	1510999	279	2.3991126015147
113	1510999	280	2.3627783738542
113	1510999	281	2.3978561699498
113	1510999	282	2.3990598285607
113	1510999	283	2.3518091466202
113	1510999	284	2.3539189805353
113	1510999	285	2.3524462850489
113	1510999	286	2.4038546047299
113	1510999	287	2.3530710663691
113	1510999	288	2.3584205920871
113	1510999	289	2.4042143960282
113	1510999	290	2.3999880812426
113	1510999	291	2.4022977812922
113	1510999	292	2.4055165969299
113	1510999	293	2.3554552894037
113	1510999	294	2.3971197687062
113	1510999	295	2.3562493600166
113	1510999	296	2.3556486527357
113	1510999	297	2.3542909036792
113	1510999	298	2.3564335141201
113	1510999	299	2.4062110462399
113	1510999	300	2.4034810170601
113	1510999	301	2.4004050290732
113	1510999	302	2.3569529321197
113	1510999	303	2.4041124894136
113	1510999	304	2.3576115110522
113	1510999	305	2.3532938172739
113	1510999	306	2.4020994075185
113	1510999	307	2.4023808583725
113	1510999	308	2.4001015337335
113	1510999	309	2.4050439546645
113	1510999	310	2.400713247049
113	1510999	311	2.4023567821252
113	1510999	312	2.3487439093514
113	1510999	313	2.3563345105922
113	1510999	314	2.4004533330093
113	1510999	315	2.4042091923086
113	1510999	316	2.4040476235856
113	1510999	317	2.4043123532918
113	1510999	318	2.4089784082379
113	1510999	319	2.401586356452
113	1510999	320	2.400363732375
113	1510999	321	2.4024273155257
113	1510999	322	2.3975983268847
113	1510999	323	2.4054706594215
113	1510999	324	2.3505836017003
113	1510999	325	2.3450592584914
113	1510999	326	2.360998538589
113	1510999	327	2.3515462871691
113	1510999	328	2.4013891729978
113	1510999	329	2.4056594073672
113	1510999	330	2.4019123270934
113	1510999	331	2.3505562948018
113	1510999	332	2.4041573363191
113	1510999	333	2.4010664365991
113	1510999	334	2.403278403541
113	1510999	335	2.4075418345949
113	1510999	336	2.4041321011695
113	1510999	337	2.4020118410212
113	1510999	338	2.4037016661824
113	1510999	339	2.3555833497905
113	1510999	340	2.3292900230965
113	1510999	341	2.3270860802411
113	1510999	342	2.3570476248385
113	1510999	343	2.4045819839271
113	1510999	344	2.4020162216165
113	1510999	345	2.3450226155441
113	1510999	346	2.4057635035062
113	1510999	347	2.3429914388207
113	1510999	348	2.3549277438247
113	1510999	349	2.4045981112021
113	1510999	350	2.3423860972519
113	1510999	351	2.4007027748719
113	1510999	352	2.3550513441367
113	1510999	353	2.4002590975833
113	1510999	354	2.329167024679
113	1510999	355	2.3495257144142
113	1510999	356	2.3485457652896
113	1510999	357	2.3548657357594
113	1510999	358	2.4003629044381
113	1510999	359	2.3991825961266
113	1510999	360	2.4057360562247
113	1510999	361	2.3524447900467
113	1510999	362	2.4031498578974
113	1510999	363	2.3452113230385
113	1510999	364	2.4080445050824
113	1510999	365	2.3291164428666
113	1510999	366	2.342415632102
113	1510999	367	2.3423317370244
113	1510999	368	2.3485553271488
113	1510999	369	2.4037258956515
113	1510999	370	2.4036225004658
113	1510999	371	2.4025881411016
113	1510999	372	2.3437424245841
113	1510999	373	2.4068609988744
113	1510999	374	2.3532857921814
113	1510999	375	2.3357544354746
113	1510999	376	2.4074532261628
113	1510999	377	2.4082259516032
113	1510999	378	2.4032129226946
113	1510999	379	2.348591338912
113	1510999	380	2.4128494070756
113	1510999	381	2.4005872975921
113	1510999	382	2.3496742026325
113	1510999	383	2.4036316319478
113	1510999	384	2.3467736550884
113	1510999	385	2.408415776666
113	1510999	386	2.4064474769757
113	1510999	387	2.3393505277033
113	1510999	388	2.3292641468326
113	1510999	389	2.4001088539185
113	1510999	390	2.4050677943102
113	1510999	391	2.342316295157
113	1510999	392	2.406931424675
113	1510999	393	2.4116377381347
113	1510999	394	2.4090331214453
113	1510999	395	2.4062398110047
113	1510999	396	2.4115494880546
113	1510999	397	2.4056824629014
113	1510999	398	2.3356965424639
113	1510999	399	2.3336762404593
113	1510999	400	2.4116304940806
113	1510999	401	2.341686777706
113	1510999	402	2.4075818093422
113	1510999	403	2.3549083540211
113	1510999	404	2.3443868032402
113	1510999	405	2.4046304878526
113	1510999	406	2.4029007600542
113	1510999	407	2.4076213468025
113	1510999	408	2.4133089670094
113	1510999	409	2.4062815943428
113	1510999	410	2.3362351453161
113	1510999	411	2.4051478475599
113	1510999	412	2.4126299141858
113	1510999	413	2.4178400534797
113	1510999	414	2.3293059120999
113	1510999	415	2.3293245618074
113	1510999	416	2.4037863416837
113	1510999	417	2.4117919577105
113	1510999	418	2.3474479492442
113	1510999	419	2.4089867000311
113	1510999	420	2.4130489554433
113	1510999	421	2.4179060545358
113	1510999	422	2.3450507160519
113	1510999	423	2.3405712433562
113	1510999	424	2.3438230534077
113	1510999	425	2.4062231213776
113	1510999	426	2.3242842457537
113	1510999	427	2.3298623347795
113	1510999	428	2.3392402225104
113	1510999	429	2.3362532034178
113	1510999	430	2.3423187508743
113	1510999	431	2.3293371057497
113	1510999	432	2.4141331576058
113	1510999	433	2.4061503821769
113	1510999	434	2.4060566032072
113	1510999	435	2.3423586074968
113	1510999	436	2.3375664349959
113	1510999	437	2.4016457279237
113	1510999	438	2.4097620290522
113	1510999	439	2.4089844141728
113	1510999	440	2.331606245757
113	1510999	441	2.4161999026855
113	1510999	442	2.3319937072455
113	1510999	443	2.4116453294304
113	1510999	444	2.3508359082633
113	1510999	445	2.4095980616873
113	1510999	446	2.4062192844506
113	1510999	447	2.4080513621378
113	1510999	448	2.3359350686132
113	1510999	449	2.4176400319318
113	1510999	450	2.3294742655458
113	1510999	451	2.3267860870767
113	1510999	452	2.4106538945795
113	1510999	453	2.326855569055
113	1510999	454	2.4086321433239
113	1510999	455	2.3375193025546
113	1510999	456	2.3214224551381
113	1510999	457	2.4062778205787
113	1510999	458	2.3485247479896
113	1510999	459	2.3393886078293
113	1510999	460	2.3273784046262
113	1510999	461	2.3105563894986
113	1510999	462	2.3100904836519
113	1510999	463	2.3474861471201
113	1510999	464	2.3296964779384
113	1510999	465	2.3392948740808
113	1510999	466	2.3286650351543
113	1510999	467	2.4162702055353
113	1510999	468	2.3449041742037
113	1510999	469	2.4231253236596
113	1510999	470	2.4163215856207
113	1510999	471	2.3413976079011
113	1510999	472	2.4064071270948
113	1510999	473	2.412607753965
113	1510999	474	2.4056526221705
113	1510999	475	2.321200630856
113	1510999	476	2.3010821650528
113	1510999	477	2.4068919535261
113	1510999	478	2.4047640931373
113	1510999	479	2.4179325323314
113	1510999	480	2.4040943404112
113	1510999	481	2.3375554430983
113	1510999	482	2.4101532830316
113	1510999	483	2.3407238427133
113	1510999	484	2.4125932439241
113	1510999	485	2.3008265283144
113	1510999	486	2.3408995376209
113	1510999	487	2.3337814788282
113	1510999	488	2.3357154900079
113	1510999	489	2.421162043708
113	1510999	490	2.4115954560088
113	1510999	491	2.4106997087943
113	1510999	492	2.4090384529198
113	1510999	493	2.4028739995332
113	1510999	494	2.3375634621233
113	1510999	495	2.4137651564827
113	1510999	496	2.3102484140169
113	1510999	497	2.4116415557713
113	1510999	498	2.3376843198676
113	1510999	499	2.4036488513981
113	1510999	500	2.3293091932501
113	1510999	501	2.4046554414402
113	1510999	502	2.4092318946477
113	1510999	503	2.3463131873159
113	1510999	504	2.3392801648766
113	1510999	505	2.3316048432726
113	1510999	506	2.4143395527237
113	1510999	507	2.4107332705733
113	1510999	508	2.4106546326539
113	1510999	509	2.3316909565471
113	1510999	510	2.3315768787694
113	1510999	511	2.4269356638716
113	1510999	512	2.3055331920031
113	1510999	513	2.3375735889117
113	1510999	514	2.4082199576344
113	1510999	515	2.341433630286
113	1510999	516	2.3357265858666
113	1510999	517	2.3320834347669
113	1510999	518	2.4211246573262
113	1510999	519	2.3272417234744
113	1510999	520	2.4116535651691
113	1510999	521	2.3315947298775
113	1510999	522	2.4123100271003
113	1510999	523	2.3376143590687
113	1510999	524	2.4139058929253
113	1510999	525	2.4125995297032
113	1510999	526	2.331685605307
113	1510999	527	2.3141598722007
113	1510999	528	2.4138219757109
113	1510999	529	2.3210692487393
113	1510999	530	2.4122655794992
113	1510999	531	2.3337221002661
113	1510999	532	2.4083244276274
113	1510999	533	2.3315249413263
113	1510999	534	2.3212146009294
113	1510999	535	2.3099475605285
113	1510999	536	2.3437191461353
113	1510999	537	2.4149409580052
113	1510999	538	2.4210573695002
113	1510999	539	2.3069373227322
113	1510999	540	2.4155602758675
113	1510999	541	2.3315451577802
113	1510999	542	2.407649321679
113	1510999	543	2.4028431256469
113	1510999	544	2.3374271933353
113	1510999	545	2.415030652627
113	1510999	546	2.3267131997989
113	1510999	547	2.3239473037657
113	1510999	548	2.3256558536187
113	1510999	549	2.3267422877695
113	1510999	550	2.2880039108053
113	1510999	551	2.4116273099753
113	1510999	552	2.4195090024451
113	1510999	553	2.3061073948304
113	1510999	554	2.3494994394795
113	1510999	555	2.2950814811253
113	1510999	556	2.3054925788417
113	1510999	557	2.4231548862862
113	1510999	558	2.416785812272
113	1510999	559	2.3105252470782
113	1510999	560	2.3269941544001
113	1510999	561	2.4098202767196
113	1510999	562	2.340888724836
113	1510999	563	2.4098703967862
113	1510999	564	2.4164631247872
113	1510999	565	2.4278669204968
113	1510999	566	2.4074302378774
113	1510999	567	2.4212017849083
113	1510999	568	2.4127643342426
113	1510999	569	2.4283410675969
113	1510999	570	2.4083256879023
113	1510999	571	2.4149624304751
113	1510999	572	2.4177089211512
113	1510999	573	2.4194021806575
113	1510999	574	2.3212344089162
113	1510999	575	2.3010026120473
113	1510999	576	2.4286243482112
113	1510999	577	2.4104794446883
113	1510999	578	2.4090525214671
113	1510999	579	2.4211555719774
113	1510999	580	2.3269458805189
113	1510999	581	2.3100272560794
113	1510999	582	2.4254085472802
113	1510999	583	2.3429481014286
113	1510999	584	2.3060731188589
113	1510999	585	2.4095886644554
113	1510999	586	2.3053639804167
113	1510999	587	2.4137808415918
113	1510999	588	2.294980966348
113	1510999	589	2.4162941779134
113	1510999	590	2.3214068688142
113	1510999	591	2.3182618997925
113	1510999	592	2.4105876896575
113	1510999	593	2.3100515379376
113	1510999	594	2.3181418423723
113	1510999	595	2.3315510411377
113	1510999	596	2.3375369838626
113	1510999	597	2.3381542289742
113	1510999	598	2.4279817381203
113	1510999	599	2.3178516511254
113	1510999	600	2.4127431406008
113	1510999	601	2.2804589072943
113	1510999	602	2.2818565455183
113	1510999	603	2.4211262134429
113	1510999	604	2.4161007138539
113	1510999	605	2.4107134975789
113	1510999	606	2.4231541296381
113	1510999	607	2.3140693784641
113	1510999	608	2.3004259557515
113	1510999	609	2.4149679247832
113	1510999	610	2.3373725146591
113	1510999	611	2.4111818988261
113	1510999	612	2.4428225753171
113	1510999	613	2.4362377425383
113	1510999	614	2.4168560601134
113	1510999	615	2.305749865491
113	1510999	616	2.3211956355464
113	1510999	617	2.4091026610405
113	1510999	618	2.3056652513844
113	1510999	619	2.3003713163858
113	1510999	620	2.4236056133659
113	1510999	621	2.4138491072583
113	1510999	622	2.4116794893331
113	1510999	623	2.3059620579972
113	1510999	624	2.3210738229237
113	1510999	625	2.3297635182206
113	1510999	626	2.4253357149006
113	1510999	627	2.4162790269503
113	1510999	628	2.3293532827465
113	1510999	629	2.4183495234885
113	1510999	630	2.3292858803044
113	1510999	631	2.3100632514389
113	1510999	632	2.3268074199417
113	1510999	633	2.4217532756364
113	1510999	634	2.419417956795
113	1510999	635	2.3296961904369
113	1510999	636	2.4253548089359
113	1510999	637	2.3180196295338
113	1510999	638	2.4116619640131
113	1510999	639	2.3183497350492
113	1510999	640	2.310479301402
113	1510999	641	2.4142889546946
113	1510999	642	2.3058916642319
113	1510999	643	2.310062675084
113	1510999	644	2.3239912294587
113	1510999	645	2.321581045785
113	1510999	646	2.3211105446302
113	1510999	647	2.4259584597489
113	1510999	648	2.4211766084311
113	1510999	649	2.4139901569753
113	1510999	650	2.41992421898
113	1510999	651	2.4193326215213
113	1510999	652	2.4149899535255
113	1510999	653	2.417895020036
113	1510999	654	2.4315502040423
113	1510999	655	2.3240493655563
113	1510999	656	2.2804173236881
113	1510999	657	2.3240514222915
113	1510999	658	2.2880170849215
113	1510999	659	2.4310451668778
113	1510999	660	2.4073451228288
113	1510999	661	2.4168437278674
113	1510999	662	2.412810249448
113	1510999	663	2.2947059352483
113	1510999	664	2.4110773910859
113	1510999	665	2.3211016611097
113	1510999	666	2.3098404627573
113	1510999	667	2.4183398568986
113	1510999	668	2.4387980637501
113	1510999	669	2.4138053855733
113	1510999	670	2.3140669086266
113	1510999	671	2.4168255423526
113	1510999	672	2.4139416649627
113	1510999	673	2.425482474396
113	1510999	674	2.3243289788605
113	1510999	675	2.4165204035947
113	1510999	676	2.4285077081765
113	1510999	677	2.4149231855989
113	1510999	678	2.4211820988702
113	1510999	679	2.4141350911337
113	1510999	680	2.3211050637742
113	1510999	681	2.3004596496092
113	1510999	682	2.4308781269998
113	1510999	683	2.3215624315863
113	1510999	684	2.334007329427
113	1510999	685	2.3003807778398
113	1510999	686	2.4136425739608
113	1510999	687	2.3210724686135
113	1510999	688	2.4162869107581
113	1510999	689	2.2878552836126
113	1510999	690	2.4254226616102
113	1510999	691	2.3141220763291
113	1510999	692	2.4163940860015
113	1510999	693	2.4237626526904
113	1510999	694	2.3007368044868
113	1510999	695	2.4254389773816
113	1510999	696	2.271508902226
113	1510999	697	2.2715471109637
113	1510999	698	2.3055777962744
113	1510999	699	2.4149964490231
113	1510999	700	2.3100057179812
113	1510999	701	2.4161900991441
113	1510999	702	2.3059703019523
113	1510999	703	2.414403814163
113	1510999	704	2.4126287938126
113	1510999	705	2.3181273660092
113	1510999	706	2.4348305710944
113	1510999	707	2.4192994637107
113	1510999	708	2.3004303637149
113	1510999	709	2.4195339866093
113	1510999	710	2.4212366402651
113	1510999	711	2.4217583177474
113	1510999	712	2.4212126587557
113	1510999	713	2.4215552442904
113	1510999	714	2.3392691731181
113	1510999	715	2.3269223443104
113	1510999	716	2.4382574625627
113	1510999	717	2.4149601100557
113	1510999	718	2.4386262648108
113	1510999	719	2.4556495589156
113	1510999	720	2.3101748781826
113	1510999	721	2.4284004551712
113	1510999	722	2.3315705392026
113	1510999	723	2.2879809305113
113	1510999	724	2.4211146121774
113	1510999	725	2.3182656983675
113	1510999	726	2.4237309117894
113	1510999	727	2.2952424463551
113	1510999	728	2.4387914017119
113	1510999	729	2.4258997413953
113	1510999	730	2.3100433842192
113	1510999	731	2.4198541078517
113	1510999	732	2.4428757254195
113	1510999	733	2.2809897907198
113	1510999	734	2.4307944234071
113	1510999	735	2.2880757662383
113	1510999	736	2.3055384067556
113	1510999	737	2.3176920910611
113	1510999	738	2.3024533005745
113	1510999	739	2.4137564774066
113	1510999	740	2.3141637411834
113	1510999	741	2.3288606528464
113	1510999	742	2.4361227403458
113	1510999	743	2.3316248760289
113	1510999	744	2.3056007450666
113	1510999	745	2.300449370015
113	1510999	746	2.4342129963758
113	1510999	747	2.3100505874776
113	1510999	748	2.4211171075081
113	1510999	749	2.2808673846401
113	1510999	750	2.3209703601372
