version 2
run General-0-20150519-11:05:44-22968
attr D lce
attr F spr
attr R lru
attr a 1
attr configname General
attr datetime 20150519-11:05:44
attr experiment General
attr inifile omnetpp.ini
attr iterationvars "$net=geant, $rep=0, $a=1, $F=spr, $ttl=1000, $D=lce, $R=lru"
attr iterationvars2 "$net=geant, $rep=0, $a=1, $F=spr, $ttl=1000, $D=lce, $R=lru, $repetition=0"
attr measurement "$net=geant, $rep=0, $a=1, $F=spr, $ttl=1000, $D=lce, $R=lru"
attr net geant
attr network networks.${net=geant}_network
attr processid 22968
attr rep 0
attr repetition 0
attr replication #0
attr resultdir results
attr runnumber 0
attr seedset 0
attr ttl 1000

vector 0  geant_network.node[0].content_store  hit_node[0]  ETV
0	7031498	1	1
0	7031498	2	0.98863636363636
0	7031498	3	0.98484848484848
0	7031498	4	0.90384615384615
0	7031498	5	0.75
0	7031498	6	0.80769230769231
0	7031498	7	0.70833333333333
0	7031498	8	0.69230769230769
0	7031498	9	0.59090909090909
0	7031498	10	0.60869565217391
0	7031498	11	0.5625
0	7031498	12	0.36363636363636
0	7031498	13	0.47058823529412
0	7031498	14	0.42857142857143
0	7031498	15	0.60869565217391
0	7031498	16	0.33333333333333
0	7031498	17	0.375
0	7031498	18	0.56521739130435
0	7031498	19	0.2
0	7031498	20	0.4
0	7031498	21	0.11111111111111
0	7031498	22	0.42857142857143
0	7031498	23	0
0	7031498	24	0.25
0	7031498	25	0.28571428571429
0	7031498	26	0.2
0	7031498	27	0
0	7031498	28	0.16666666666667
0	7031498	29	0.33333333333333
0	7031498	30	0
0	7031498	31	0.58333333333333
0	7031498	32	0.33333333333333
0	7031498	33	0.25
0	7031498	34	0.33333333333333
0	7031498	35	0.16666666666667
0	7031498	36	0.4
0	7031498	37	0
0	7031498	38	0.16666666666667
0	7031498	39	0.4
0	7031498	40	0.14285714285714
0	7031498	41	0.47058823529412
0	7031498	42	0.25
0	7031498	43	0
0	7031498	44	0
0	7031498	45	0
0	7031498	46	0
0	7031498	47	0
0	7031498	48	0.33333333333333
0	7031498	49	0
0	7031498	50	0.26666666666667
0	7031498	51	0
0	7031498	52	0
0	7031498	53	0
0	7031498	54	0
0	7031498	55	0.16666666666667
0	7031498	56	0.25
0	7031498	57	0
0	7031498	58	0
0	7031498	59	0
0	7031498	60	-nan
0	7031498	61	0
0	7031498	62	0.125
0	7031498	63	0
0	7031498	64	0
0	7031498	65	-nan
0	7031498	66	0
0	7031498	67	0
0	7031498	68	0.22222222222222
0	7031498	69	0.25
0	7031498	70	0.42857142857143
0	7031498	71	0
0	7031498	72	0
0	7031498	73	0.30769230769231
0	7031498	74	0
0	7031498	75	-nan
0	7031498	76	0
vector 1  geant_network.node[1].content_store  hit_node[1]  ETV
1	7031498	1	-nan
1	7031498	2	-nan
1	7031498	3	-nan
1	7031498	4	-nan
1	7031498	5	0.38888888888889
1	7031498	6	-nan
1	7031498	7	0
1	7031498	8	0.5
1	7031498	9	0
1	7031498	10	0.9
1	7031498	11	0.8125
1	7031498	12	-nan
1	7031498	13	-nan
1	7031498	14	-nan
1	7031498	15	0.8
1	7031498	16	-nan
1	7031498	17	-nan
1	7031498	18	0.47058823529412
1	7031498	19	0
1	7031498	20	0
1	7031498	21	-nan
1	7031498	22	-nan
1	7031498	23	0.16666666666667
1	7031498	24	0.82857142857143
1	7031498	25	0
1	7031498	26	-nan
1	7031498	27	0
1	7031498	28	0.22222222222222
1	7031498	29	-nan
1	7031498	30	-nan
1	7031498	31	0
1	7031498	32	0
1	7031498	33	0
1	7031498	34	-nan
1	7031498	35	0
1	7031498	36	-nan
1	7031498	37	-nan
1	7031498	38	-nan
1	7031498	39	-nan
1	7031498	40	0.74074074074074
1	7031498	41	0.41176470588235
1	7031498	42	-nan
1	7031498	43	-nan
1	7031498	44	-nan
1	7031498	45	-nan
1	7031498	46	0
1	7031498	47	0
1	7031498	48	-nan
1	7031498	49	-nan
1	7031498	50	0.38461538461538
1	7031498	51	0.58333333333333
1	7031498	52	0.16666666666667
1	7031498	53	0
1	7031498	54	-nan
1	7031498	55	-nan
1	7031498	56	-nan
1	7031498	57	-nan
1	7031498	58	-nan
1	7031498	59	-nan
1	7031498	60	-nan
1	7031498	61	0.125
1	7031498	62	0.5
1	7031498	63	-nan
1	7031498	64	-nan
1	7031498	65	-nan
1	7031498	66	0
1	7031498	67	-nan
1	7031498	68	0
1	7031498	69	0.59090909090909
1	7031498	70	0.22222222222222
1	7031498	71	0
1	7031498	72	0
1	7031498	73	0.27272727272727
1	7031498	74	0
1	7031498	75	-nan
1	7031498	76	-nan
vector 2  geant_network.node[2].content_store  hit_node[2]  ETV
2	7031498	1	-nan
2	7031498	2	-nan
2	7031498	3	-nan
2	7031498	4	-nan
2	7031498	5	-nan
2	7031498	6	-nan
2	7031498	7	-nan
2	7031498	8	-nan
2	7031498	9	-nan
2	7031498	10	-nan
2	7031498	11	-nan
2	7031498	12	-nan
2	7031498	13	-nan
2	7031498	14	-nan
2	7031498	15	-nan
2	7031498	16	-nan
2	7031498	17	-nan
2	7031498	18	-nan
2	7031498	19	-nan
2	7031498	20	-nan
2	7031498	21	-nan
2	7031498	22	-nan
2	7031498	23	-nan
2	7031498	24	-nan
2	7031498	25	-nan
2	7031498	26	-nan
2	7031498	27	-nan
2	7031498	28	-nan
2	7031498	29	-nan
2	7031498	30	-nan
2	7031498	31	-nan
2	7031498	32	-nan
2	7031498	33	-nan
2	7031498	34	-nan
2	7031498	35	-nan
2	7031498	36	-nan
2	7031498	37	-nan
2	7031498	38	-nan
2	7031498	39	-nan
2	7031498	40	-nan
2	7031498	41	-nan
2	7031498	42	-nan
2	7031498	43	-nan
2	7031498	44	-nan
2	7031498	45	-nan
2	7031498	46	-nan
2	7031498	47	-nan
2	7031498	48	-nan
2	7031498	49	-nan
2	7031498	50	-nan
2	7031498	51	-nan
2	7031498	52	-nan
2	7031498	53	-nan
2	7031498	54	-nan
2	7031498	55	-nan
2	7031498	56	-nan
2	7031498	57	-nan
2	7031498	58	-nan
2	7031498	59	-nan
2	7031498	60	-nan
2	7031498	61	-nan
2	7031498	62	-nan
2	7031498	63	-nan
2	7031498	64	-nan
2	7031498	65	-nan
2	7031498	66	-nan
2	7031498	67	-nan
2	7031498	68	-nan
2	7031498	69	-nan
2	7031498	70	-nan
2	7031498	71	-nan
2	7031498	72	-nan
2	7031498	73	-nan
2	7031498	74	-nan
2	7031498	75	-nan
2	7031498	76	-nan
vector 3  geant_network.node[3].content_store  hit_node[3]  ETV
3	7031498	1	-nan
3	7031498	2	0
3	7031498	3	0
3	7031498	4	-nan
3	7031498	5	0.46153846153846
3	7031498	6	0
3	7031498	7	0.57142857142857
3	7031498	8	0.66666666666667
3	7031498	9	0.46875
3	7031498	10	0.54285714285714
3	7031498	11	0.625
3	7031498	12	-nan
3	7031498	13	0
3	7031498	14	0
3	7031498	15	0.59375
3	7031498	16	-nan
3	7031498	17	-nan
3	7031498	18	0.52
3	7031498	19	-nan
3	7031498	20	0.43478260869565
3	7031498	21	0
3	7031498	22	-nan
3	7031498	23	0.15384615384615
3	7031498	24	0.55555555555556
3	7031498	25	0.5
3	7031498	26	0
3	7031498	27	0
3	7031498	28	0.43478260869565
3	7031498	29	-nan
3	7031498	30	0
3	7031498	31	0.3
3	7031498	32	0.33333333333333
3	7031498	33	0.11111111111111
3	7031498	34	0
3	7031498	35	0.43478260869565
3	7031498	36	-nan
3	7031498	37	-nan
3	7031498	38	0.14285714285714
3	7031498	39	0
3	7031498	40	0.21428571428571
3	7031498	41	0.3125
3	7031498	42	0
3	7031498	43	-nan
3	7031498	44	-nan
3	7031498	45	-nan
3	7031498	46	0.14285714285714
3	7031498	47	-nan
3	7031498	48	-nan
3	7031498	49	-nan
3	7031498	50	0.30769230769231
3	7031498	51	0.26315789473684
3	7031498	52	0.14285714285714
3	7031498	53	0.3125
3	7031498	54	0
3	7031498	55	-nan
3	7031498	56	-nan
3	7031498	57	0
3	7031498	58	-nan
3	7031498	59	-nan
3	7031498	60	0
3	7031498	61	0.18181818181818
3	7031498	62	0.36363636363636
3	7031498	63	-nan
3	7031498	64	-nan
3	7031498	65	0.076923076923077
3	7031498	66	0.33333333333333
3	7031498	67	-nan
3	7031498	68	0.38888888888889
3	7031498	69	0.30769230769231
3	7031498	70	0.22222222222222
3	7031498	71	0
3	7031498	72	-nan
3	7031498	73	0.1
3	7031498	74	0.23076923076923
3	7031498	75	-nan
3	7031498	76	-nan
vector 4  geant_network.node[4].content_store  hit_node[4]  ETV
4	7031498	1	1
4	7031498	2	0.93333333333333
4	7031498	3	0.94520547945205
4	7031498	4	0.83673469387755
4	7031498	5	0.6
4	7031498	6	0.84745762711864
4	7031498	7	0.62857142857143
4	7031498	8	0.52173913043478
4	7031498	9	0.65
4	7031498	10	0.47368421052632
4	7031498	11	0.38888888888889
4	7031498	12	0.63333333333333
4	7031498	13	0.3
4	7031498	14	0.78723404255319
4	7031498	15	0.25
4	7031498	16	0.35714285714286
4	7031498	17	0.5
4	7031498	18	0.375
4	7031498	19	0.44444444444444
4	7031498	20	0.28571428571429
4	7031498	21	0.54838709677419
4	7031498	22	0.33333333333333
4	7031498	23	0.28571428571429
4	7031498	24	0.18181818181818
4	7031498	25	0.16666666666667
4	7031498	26	0.42857142857143
4	7031498	27	0.46153846153846
4	7031498	28	0.14285714285714
4	7031498	29	0.4
4	7031498	30	0.55555555555556
4	7031498	31	0.1
4	7031498	32	0
4	7031498	33	0.30769230769231
4	7031498	34	0.45454545454545
4	7031498	35	0.29411764705882
4	7031498	36	0.16666666666667
4	7031498	37	0.16666666666667
4	7031498	38	0.125
4	7031498	39	0.4375
4	7031498	40	0.5
4	7031498	41	0.2
4	7031498	42	0.43478260869565
4	7031498	43	0.25
4	7031498	44	0.33333333333333
4	7031498	45	0.2
4	7031498	46	0.125
4	7031498	47	0.18181818181818
4	7031498	48	0.16666666666667
4	7031498	49	0.38095238095238
4	7031498	50	0
4	7031498	51	0
4	7031498	52	0.16666666666667
4	7031498	53	0
4	7031498	54	0
4	7031498	55	0
4	7031498	56	0.2
4	7031498	57	0.5
4	7031498	58	0.2
4	7031498	59	0.1
4	7031498	60	0
4	7031498	61	0
4	7031498	62	0
4	7031498	63	0
4	7031498	64	0
4	7031498	65	0.125
4	7031498	66	0
4	7031498	67	0.2
4	7031498	68	0
4	7031498	69	0
4	7031498	70	0
4	7031498	71	0
4	7031498	72	0.11111111111111
4	7031498	73	0
4	7031498	74	0
4	7031498	75	0.16666666666667
4	7031498	76	0
vector 5  geant_network.node[5].content_store  hit_node[5]  ETV
5	7031498	1	1
5	7031498	2	0.96039603960396
5	7031498	3	0.83050847457627
5	7031498	4	0.83050847457627
5	7031498	5	0.76595744680851
5	7031498	6	0.52173913043478
5	7031498	7	0.51612903225806
5	7031498	8	0.76
5	7031498	9	0.59090909090909
5	7031498	10	0.47826086956522
5	7031498	11	0.30434782608696
5	7031498	12	0.22222222222222
5	7031498	13	0.30769230769231
5	7031498	14	0.35714285714286
5	7031498	15	0.4
5	7031498	16	0.45
5	7031498	17	0.41666666666667
5	7031498	18	0.42857142857143
5	7031498	19	0
5	7031498	20	0.33333333333333
5	7031498	21	0
5	7031498	22	0.2
5	7031498	23	0.27272727272727
5	7031498	24	0.42857142857143
5	7031498	25	0.22222222222222
5	7031498	26	0.25
5	7031498	27	0.25
5	7031498	28	0.61764705882353
5	7031498	29	0.2
5	7031498	30	0.33333333333333
5	7031498	31	0.4
5	7031498	32	0.56666666666667
5	7031498	33	0
5	7031498	34	0.33333333333333
5	7031498	35	0.25
5	7031498	36	0.36363636363636
5	7031498	37	0.22222222222222
5	7031498	38	0.25
5	7031498	39	0.5
5	7031498	40	0
5	7031498	41	0.125
5	7031498	42	0
5	7031498	43	0.25
5	7031498	44	0.25
5	7031498	45	0
5	7031498	46	0
5	7031498	47	0
5	7031498	48	0
5	7031498	49	0
5	7031498	50	0.2
5	7031498	51	0.125
5	7031498	52	0.53571428571429
5	7031498	53	0.125
5	7031498	54	0.25
5	7031498	55	0.14285714285714
5	7031498	56	0.54545454545455
5	7031498	57	0
5	7031498	58	0.2
5	7031498	59	0
5	7031498	60	0
5	7031498	61	0.31578947368421
5	7031498	62	0.16666666666667
5	7031498	63	0.4
5	7031498	64	0
5	7031498	65	0.14285714285714
5	7031498	66	0
5	7031498	67	0
5	7031498	68	0.5
5	7031498	69	0.2
5	7031498	70	0
5	7031498	71	0.25
5	7031498	72	0.16666666666667
5	7031498	73	0
5	7031498	74	0.42857142857143
5	7031498	75	0
5	7031498	76	0
vector 6  geant_network.node[6].content_store  hit_node[6]  ETV
6	7031498	1	1
6	7031498	2	1
6	7031498	3	0.98484848484848
6	7031498	4	0.95652173913043
6	7031498	5	0.93023255813953
6	7031498	6	0.88235294117647
6	7031498	7	0.68421052631579
6	7031498	8	0.77272727272727
6	7031498	9	0.80952380952381
6	7031498	10	0.83333333333333
6	7031498	11	0.55555555555556
6	7031498	12	0.76
6	7031498	13	0.71428571428571
6	7031498	14	0.80952380952381
6	7031498	15	0.61538461538462
6	7031498	16	0
6	7031498	17	0.5
6	7031498	18	0.5
6	7031498	19	0.16666666666667
6	7031498	20	0.42857142857143
6	7031498	21	0.57142857142857
6	7031498	22	0.5
6	7031498	23	0.5
6	7031498	24	0.42857142857143
6	7031498	25	0.33333333333333
6	7031498	26	0.25
6	7031498	27	0.1
6	7031498	28	0
6	7031498	29	0.28571428571429
6	7031498	30	0
6	7031498	31	0.33333333333333
6	7031498	32	0.4
6	7031498	33	0.42857142857143
6	7031498	34	0.71428571428571
6	7031498	35	0.71428571428571
6	7031498	36	0.2
6	7031498	37	0
6	7031498	38	0.2
6	7031498	39	0.54545454545455
6	7031498	40	0
6	7031498	41	0.28571428571429
6	7031498	42	0
6	7031498	43	0.42857142857143
6	7031498	44	0.16666666666667
6	7031498	45	0.16666666666667
6	7031498	46	0.4
6	7031498	47	0.5
6	7031498	48	0.33333333333333
6	7031498	49	0.2
6	7031498	50	0
6	7031498	51	0
6	7031498	52	0.5
6	7031498	53	0.25
6	7031498	54	0
6	7031498	55	0
6	7031498	56	0.2
6	7031498	57	0.16666666666667
6	7031498	58	0
6	7031498	59	0
6	7031498	60	0
6	7031498	61	0.25
6	7031498	62	0
6	7031498	63	0
6	7031498	64	0.25
6	7031498	65	0
6	7031498	66	0
6	7031498	67	0.33333333333333
6	7031498	68	0
6	7031498	69	0
6	7031498	70	0
6	7031498	71	0
6	7031498	72	0.2
6	7031498	73	0
6	7031498	74	-nan
6	7031498	75	0
6	7031498	76	0.25
vector 7  geant_network.node[7].content_store  hit_node[7]  ETV
7	7031498	1	-nan
7	7031498	2	0.1
7	7031498	3	0.25
7	7031498	4	-nan
7	7031498	5	-nan
7	7031498	6	0.57894736842105
7	7031498	7	-nan
7	7031498	8	-nan
7	7031498	9	-nan
7	7031498	10	-nan
7	7031498	11	-nan
7	7031498	12	0.52941176470588
7	7031498	13	-nan
7	7031498	14	0.55
7	7031498	15	-nan
7	7031498	16	-nan
7	7031498	17	0.47619047619048
7	7031498	18	-nan
7	7031498	19	0
7	7031498	20	-nan
7	7031498	21	0.67857142857143
7	7031498	22	0.42105263157895
7	7031498	23	0.46666666666667
7	7031498	24	-nan
7	7031498	25	-nan
7	7031498	26	-nan
7	7031498	27	0.4375
7	7031498	28	-nan
7	7031498	29	0.7
7	7031498	30	0.65
7	7031498	31	-nan
7	7031498	32	-nan
7	7031498	33	0.23076923076923
7	7031498	34	0.66666666666667
7	7031498	35	-nan
7	7031498	36	-nan
7	7031498	37	-nan
7	7031498	38	-nan
7	7031498	39	0.57894736842105
7	7031498	40	-nan
7	7031498	41	-nan
7	7031498	42	0.41176470588235
7	7031498	43	0.5
7	7031498	44	-nan
7	7031498	45	-nan
7	7031498	46	0
7	7031498	47	0
7	7031498	48	0.5
7	7031498	49	0.35294117647059
7	7031498	50	-nan
7	7031498	51	-nan
7	7031498	52	-nan
7	7031498	53	-nan
7	7031498	54	-nan
7	7031498	55	-nan
7	7031498	56	-nan
7	7031498	57	0.4375
7	7031498	58	-nan
7	7031498	59	0.375
7	7031498	60	-nan
7	7031498	61	-nan
7	7031498	62	-nan
7	7031498	63	-nan
7	7031498	64	-nan
7	7031498	65	-nan
7	7031498	66	-nan
7	7031498	67	0.4375
7	7031498	68	-nan
7	7031498	69	-nan
7	7031498	70	-nan
7	7031498	71	0.22222222222222
7	7031498	72	0
7	7031498	73	-nan
7	7031498	74	-nan
7	7031498	75	0
7	7031498	76	-nan
vector 8  geant_network.node[8].content_store  hit_node[8]  ETV
8	7031498	1	-nan
8	7031498	2	0.42857142857143
8	7031498	3	0
8	7031498	4	-nan
8	7031498	5	-nan
8	7031498	6	0.4
8	7031498	7	-nan
8	7031498	8	-nan
8	7031498	9	-nan
8	7031498	10	-nan
8	7031498	11	-nan
8	7031498	12	0.70588235294118
8	7031498	13	-nan
8	7031498	14	0.33333333333333
8	7031498	15	-nan
8	7031498	16	-nan
8	7031498	17	0.64705882352941
8	7031498	18	-nan
8	7031498	19	-nan
8	7031498	20	-nan
8	7031498	21	0.27272727272727
8	7031498	22	0.73684210526316
8	7031498	23	0.125
8	7031498	24	-nan
8	7031498	25	-nan
8	7031498	26	-nan
8	7031498	27	0.11111111111111
8	7031498	28	-nan
8	7031498	29	0.6875
8	7031498	30	0.5
8	7031498	31	-nan
8	7031498	32	-nan
8	7031498	33	0.3
8	7031498	34	0.28571428571429
8	7031498	35	-nan
8	7031498	36	-nan
8	7031498	37	-nan
8	7031498	38	-nan
8	7031498	39	0.44444444444444
8	7031498	40	-nan
8	7031498	41	-nan
8	7031498	42	0
8	7031498	43	0.64705882352941
8	7031498	44	-nan
8	7031498	45	-nan
8	7031498	46	0.2
8	7031498	47	-nan
8	7031498	48	0.14285714285714
8	7031498	49	0.64705882352941
8	7031498	50	-nan
8	7031498	51	-nan
8	7031498	52	-nan
8	7031498	53	-nan
8	7031498	54	-nan
8	7031498	55	-nan
8	7031498	56	-nan
8	7031498	57	0
8	7031498	58	-nan
8	7031498	59	0.46666666666667
8	7031498	60	-nan
8	7031498	61	-nan
8	7031498	62	-nan
8	7031498	63	-nan
8	7031498	64	-nan
8	7031498	65	-nan
8	7031498	66	-nan
8	7031498	67	0.6
8	7031498	68	-nan
8	7031498	69	-nan
8	7031498	70	-nan
8	7031498	71	0.14285714285714
8	7031498	72	-nan
8	7031498	73	-nan
8	7031498	74	-nan
8	7031498	75	-nan
8	7031498	76	-nan
vector 9  geant_network.node[9].content_store  hit_node[9]  ETV
9	7031498	1	1
9	7031498	2	0.92391304347826
9	7031498	3	0.90140845070423
9	7031498	4	0.62068965517241
9	7031498	5	0.68421052631579
9	7031498	6	0.76190476190476
9	7031498	7	0.59259259259259
9	7031498	8	0.40740740740741
9	7031498	9	0.5
9	7031498	10	0.5
9	7031498	11	0.53846153846154
9	7031498	12	0.55
9	7031498	13	0.55555555555556
9	7031498	14	0.25
9	7031498	15	0.26315789473684
9	7031498	16	0.25
9	7031498	17	0.53846153846154
9	7031498	18	0.45
9	7031498	19	0.2
9	7031498	20	0.14285714285714
9	7031498	21	0.3125
9	7031498	22	0.38461538461538
9	7031498	23	0.64705882352941
9	7031498	24	0.5
9	7031498	25	0.2
9	7031498	26	0.42857142857143
9	7031498	27	0.72727272727273
9	7031498	28	0.3
9	7031498	29	0.23076923076923
9	7031498	30	0.23076923076923
9	7031498	31	0.11111111111111
9	7031498	32	0.25
9	7031498	33	0.48275862068966
9	7031498	34	0.36363636363636
9	7031498	35	0
9	7031498	36	0
9	7031498	37	0.11111111111111
9	7031498	38	0.33333333333333
9	7031498	39	0.30769230769231
9	7031498	40	0.375
9	7031498	41	0.11111111111111
9	7031498	42	0
9	7031498	43	0.22222222222222
9	7031498	44	0.375
9	7031498	45	0.1
9	7031498	46	0.57142857142857
9	7031498	47	0.1
9	7031498	48	0
9	7031498	49	0
9	7031498	50	0
9	7031498	51	0.28571428571429
9	7031498	52	0
9	7031498	53	0.125
9	7031498	54	0
9	7031498	55	0
9	7031498	56	0.125
9	7031498	57	0
9	7031498	58	0
9	7031498	59	0.16666666666667
9	7031498	60	0
9	7031498	61	0
9	7031498	62	0
9	7031498	63	0
9	7031498	64	0
9	7031498	65	0
9	7031498	66	0.33333333333333
9	7031498	67	0.25
9	7031498	68	0
9	7031498	69	0
9	7031498	70	0.14285714285714
9	7031498	71	0.44444444444444
9	7031498	72	0.25
9	7031498	73	0.16666666666667
9	7031498	74	0
9	7031498	75	0
9	7031498	76	0
vector 10  geant_network.node[10].content_store  hit_node[10]  ETV
10	7031498	1	1
10	7031498	2	1
10	7031498	3	0.96551724137931
10	7031498	4	1
10	7031498	5	0.87179487179487
10	7031498	6	0.86486486486486
10	7031498	7	0.84375
10	7031498	8	0.88
10	7031498	9	0.94444444444444
10	7031498	10	0.66666666666667
10	7031498	11	0.58823529411765
10	7031498	12	0.76190476190476
10	7031498	13	0.46153846153846
10	7031498	14	0.53333333333333
10	7031498	15	0.36363636363636
10	7031498	16	0.6
10	7031498	17	0.64705882352941
10	7031498	18	0.45454545454545
10	7031498	19	0
10	7031498	20	0.6
10	7031498	21	0.36363636363636
10	7031498	22	0.53846153846154
10	7031498	23	0.5
10	7031498	24	0.55555555555556
10	7031498	25	0.5
10	7031498	26	0.16666666666667
10	7031498	27	0.66666666666667
10	7031498	28	0.66666666666667
10	7031498	29	0.54545454545455
10	7031498	30	0.16666666666667
10	7031498	31	0
10	7031498	32	0.375
10	7031498	33	0.4
10	7031498	34	0.4
10	7031498	35	0
10	7031498	36	0
10	7031498	37	0.33333333333333
10	7031498	38	0
10	7031498	39	0.55555555555556
10	7031498	40	0
10	7031498	41	0
10	7031498	42	0
10	7031498	43	0.375
10	7031498	44	0.14285714285714
10	7031498	45	0.16666666666667
10	7031498	46	0.33333333333333
10	7031498	47	0.25
10	7031498	48	0
10	7031498	49	0.16666666666667
10	7031498	50	0.25
10	7031498	51	0
10	7031498	52	0.5
10	7031498	53	0.16666666666667
10	7031498	54	0.33333333333333
10	7031498	55	0
10	7031498	56	0.14285714285714
10	7031498	57	0
10	7031498	58	0
10	7031498	59	0.16666666666667
10	7031498	60	0.25
10	7031498	61	0
10	7031498	62	0
10	7031498	63	0
10	7031498	64	0.66666666666667
10	7031498	65	0.2
10	7031498	66	0.57142857142857
10	7031498	67	0.44444444444444
10	7031498	68	0
10	7031498	69	0
10	7031498	70	0.33333333333333
10	7031498	71	0.16666666666667
10	7031498	72	0.33333333333333
10	7031498	73	0
10	7031498	74	-nan
10	7031498	75	0
10	7031498	76	0
vector 11  geant_network.node[11].content_store  hit_node[11]  ETV
11	7031498	1	1
11	7031498	2	0.99009900990099
11	7031498	3	0.96875
11	7031498	4	0.91304347826087
11	7031498	5	0.9
11	7031498	6	0.7037037037037
11	7031498	7	0.96078431372549
11	7031498	8	0.63636363636364
11	7031498	9	0.89189189189189
11	7031498	10	0.55
11	7031498	11	0.75
11	7031498	12	0.41666666666667
11	7031498	13	0.68421052631579
11	7031498	14	0.46153846153846
11	7031498	15	0.75
11	7031498	16	0.54545454545455
11	7031498	17	0.33333333333333
11	7031498	18	0.5
11	7031498	19	0.14285714285714
11	7031498	20	0.75862068965517
11	7031498	21	0.16666666666667
11	7031498	22	0
11	7031498	23	0.2
11	7031498	24	0.28571428571429
11	7031498	25	0.7037037037037
11	7031498	26	0.25
11	7031498	27	0
11	7031498	28	0.25
11	7031498	29	0
11	7031498	30	0.45454545454545
11	7031498	31	0
11	7031498	32	0.16666666666667
11	7031498	33	0.2
11	7031498	34	0
11	7031498	35	0.16666666666667
11	7031498	36	0
11	7031498	37	0
11	7031498	38	0
11	7031498	39	0
11	7031498	40	0.2
11	7031498	41	0
11	7031498	42	0.25
11	7031498	43	0
11	7031498	44	0
11	7031498	45	0
11	7031498	46	0.28571428571429
11	7031498	47	0
11	7031498	48	-nan
11	7031498	49	0
11	7031498	50	0
11	7031498	51	0
11	7031498	52	0.5
11	7031498	53	0
11	7031498	54	0.25
11	7031498	55	0
11	7031498	56	0.5
11	7031498	57	0
11	7031498	58	0
11	7031498	59	0.25
11	7031498	60	0.5
11	7031498	61	0.5
11	7031498	62	0
11	7031498	63	0
11	7031498	64	0
11	7031498	65	0.5
11	7031498	66	0.625
11	7031498	67	0.2
11	7031498	68	0.5
11	7031498	69	0
11	7031498	70	0
11	7031498	71	0.4
11	7031498	72	0
11	7031498	73	0
11	7031498	74	0
11	7031498	75	0
11	7031498	76	0
vector 12  geant_network.node[12].content_store  hit_node[12]  ETV
12	7031498	1	-nan
12	7031498	2	0
12	7031498	3	0
12	7031498	4	0.066666666666667
12	7031498	5	0.0625
12	7031498	6	0
12	7031498	7	0.26923076923077
12	7031498	8	0.20833333333333
12	7031498	9	0.32258064516129
12	7031498	10	0.38095238095238
12	7031498	11	0.1875
12	7031498	12	-nan
12	7031498	13	0.44827586206897
12	7031498	14	0
12	7031498	15	0.22222222222222
12	7031498	16	0.23529411764706
12	7031498	17	-nan
12	7031498	18	0.071428571428571
12	7031498	19	0.071428571428571
12	7031498	20	0.25
12	7031498	21	0
12	7031498	22	-nan
12	7031498	23	0.31578947368421
12	7031498	24	0.090909090909091
12	7031498	25	0.2
12	7031498	26	0.38095238095238
12	7031498	27	0.25
12	7031498	28	0
12	7031498	29	-nan
12	7031498	30	0
12	7031498	31	0.55555555555556
12	7031498	32	0.14285714285714
12	7031498	33	0.15384615384615
12	7031498	34	0
12	7031498	35	0.41935483870968
12	7031498	36	0.1
12	7031498	37	0.083333333333333
12	7031498	38	0.34782608695652
12	7031498	39	0
12	7031498	40	0.11111111111111
12	7031498	41	0.1
12	7031498	42	0
12	7031498	43	-nan
12	7031498	44	0.16666666666667
12	7031498	45	0.15384615384615
12	7031498	46	0.27272727272727
12	7031498	47	0.090909090909091
12	7031498	48	-nan
12	7031498	49	-nan
12	7031498	50	0
12	7031498	51	0
12	7031498	52	0
12	7031498	53	0.40909090909091
12	7031498	54	0.375
12	7031498	55	0
12	7031498	56	0
12	7031498	57	0
12	7031498	58	0
12	7031498	59	-nan
12	7031498	60	0.076923076923077
12	7031498	61	0.25
12	7031498	62	0.2
12	7031498	63	0.14285714285714
12	7031498	64	0
12	7031498	65	0.2
12	7031498	66	0.083333333333333
12	7031498	67	-nan
12	7031498	68	0
12	7031498	69	0
12	7031498	70	0
12	7031498	71	0.33333333333333
12	7031498	72	0
12	7031498	73	0
12	7031498	74	0.095238095238095
12	7031498	75	0.14285714285714
12	7031498	76	0.11111111111111
vector 13  geant_network.node[13].content_store  hit_node[13]  ETV
13	7031498	1	-nan
13	7031498	2	-nan
13	7031498	3	-nan
13	7031498	4	0.5
13	7031498	5	-nan
13	7031498	6	-nan
13	7031498	7	0.27272727272727
13	7031498	8	-nan
13	7031498	9	0.36363636363636
13	7031498	10	-nan
13	7031498	11	-nan
13	7031498	12	-nan
13	7031498	13	0.96551724137931
13	7031498	14	-nan
13	7031498	15	-nan
13	7031498	16	0.69230769230769
13	7031498	17	-nan
13	7031498	18	-nan
13	7031498	19	-nan
13	7031498	20	0
13	7031498	21	-nan
13	7031498	22	-nan
13	7031498	23	0.42857142857143
13	7031498	24	-nan
13	7031498	25	0.33333333333333
13	7031498	26	0.84615384615385
13	7031498	27	0.28571428571429
13	7031498	28	-nan
13	7031498	29	-nan
13	7031498	30	-nan
13	7031498	31	0.4
13	7031498	32	-nan
13	7031498	33	0.25
13	7031498	34	-nan
13	7031498	35	0
13	7031498	36	0.22222222222222
13	7031498	37	0.45454545454545
13	7031498	38	0.85185185185185
13	7031498	39	-nan
13	7031498	40	-nan
13	7031498	41	-nan
13	7031498	42	-nan
13	7031498	43	-nan
13	7031498	44	0.2
13	7031498	45	0.36363636363636
13	7031498	46	0
13	7031498	47	-nan
13	7031498	48	-nan
13	7031498	49	-nan
13	7031498	50	-nan
13	7031498	51	-nan
13	7031498	52	-nan
13	7031498	53	0
13	7031498	54	0.68421052631579
13	7031498	55	0.2
13	7031498	56	0.375
13	7031498	57	-nan
13	7031498	58	0.28571428571429
13	7031498	59	-nan
13	7031498	60	0.75
13	7031498	61	-nan
13	7031498	62	-nan
13	7031498	63	0.16666666666667
13	7031498	64	0.2
13	7031498	65	0.33333333333333
13	7031498	66	0
13	7031498	67	-nan
13	7031498	68	-nan
13	7031498	69	-nan
13	7031498	70	-nan
13	7031498	71	0
13	7031498	72	-nan
13	7031498	73	-nan
13	7031498	74	0
13	7031498	75	-nan
13	7031498	76	0.25
vector 14  geant_network.node[14].content_store  hit_node[14]  ETV
14	7031498	1	0.99418604651163
14	7031498	2	0.95294117647059
14	7031498	3	0.88135593220339
14	7031498	4	0.8955223880597
14	7031498	5	0.8
14	7031498	6	0.71428571428571
14	7031498	7	0.47619047619048
14	7031498	8	0.63888888888889
14	7031498	9	0.57692307692308
14	7031498	10	0.16666666666667
14	7031498	11	0.46666666666667
14	7031498	12	0.5
14	7031498	13	0.675
14	7031498	14	0.33333333333333
14	7031498	15	0.3
14	7031498	16	0.73333333333333
14	7031498	17	0.28571428571429
14	7031498	18	0.3
14	7031498	19	0.16666666666667
14	7031498	20	0.36363636363636
14	7031498	21	0.57142857142857
14	7031498	22	0.18181818181818
14	7031498	23	0.22222222222222
14	7031498	24	0
14	7031498	25	0.4
14	7031498	26	0.48
14	7031498	27	0.3
14	7031498	28	0.46666666666667
14	7031498	29	0
14	7031498	30	0.33333333333333
14	7031498	31	0
14	7031498	32	0.33333333333333
14	7031498	33	0
14	7031498	34	0
14	7031498	35	0.25
14	7031498	36	0.58620689655172
14	7031498	37	0.55555555555556
14	7031498	38	0.4
14	7031498	39	0
14	7031498	40	0.25
14	7031498	41	0
14	7031498	42	0
14	7031498	43	0.4
14	7031498	44	0.67647058823529
14	7031498	45	0.64285714285714
14	7031498	46	0
14	7031498	47	0.2
14	7031498	48	0
14	7031498	49	0
14	7031498	50	0
14	7031498	51	0
14	7031498	52	0.1
14	7031498	53	0
14	7031498	54	0
14	7031498	55	0.48
14	7031498	56	0.5
14	7031498	57	0
14	7031498	58	0.40909090909091
14	7031498	59	0
14	7031498	60	0.2
14	7031498	61	0.28571428571429
14	7031498	62	0
14	7031498	63	0.65217391304348
14	7031498	64	0.44
14	7031498	65	0
14	7031498	66	0
14	7031498	67	0
14	7031498	68	0.2
14	7031498	69	0.16666666666667
14	7031498	70	0.33333333333333
14	7031498	71	0
14	7031498	72	0
14	7031498	73	0.33333333333333
14	7031498	74	0
14	7031498	75	0.25
14	7031498	76	0.47619047619048
vector 15  geant_network.node[15].content_store  hit_node[15]  ETV
15	7031498	1	-nan
15	7031498	2	0
15	7031498	3	0
15	7031498	4	0.25
15	7031498	5	-nan
15	7031498	6	0.46666666666667
15	7031498	7	0
15	7031498	8	-nan
15	7031498	9	0
15	7031498	10	0.2
15	7031498	11	0.125
15	7031498	12	0.5
15	7031498	13	0
15	7031498	14	0.28571428571429
15	7031498	15	0
15	7031498	16	0.11111111111111
15	7031498	17	0.36363636363636
15	7031498	18	-nan
15	7031498	19	0.95348837209302
15	7031498	20	0
15	7031498	21	0.33333333333333
15	7031498	22	0.5
15	7031498	23	0
15	7031498	24	0.125
15	7031498	25	0
15	7031498	26	0
15	7031498	27	0
15	7031498	28	-nan
15	7031498	29	0.36363636363636
15	7031498	30	0.4
15	7031498	31	0
15	7031498	32	-nan
15	7031498	33	0
15	7031498	34	0
15	7031498	35	0
15	7031498	36	0.2
15	7031498	37	0.2
15	7031498	38	0
15	7031498	39	0.25
15	7031498	40	0
15	7031498	41	-nan
15	7031498	42	0
15	7031498	43	0.25
15	7031498	44	0
15	7031498	45	0
15	7031498	46	0
15	7031498	47	0.84375
15	7031498	48	0
15	7031498	49	0.44444444444444
15	7031498	50	-nan
15	7031498	51	0
15	7031498	52	-nan
15	7031498	53	0
15	7031498	54	0
15	7031498	55	0
15	7031498	56	0
15	7031498	57	0.28571428571429
15	7031498	58	0
15	7031498	59	0.25
15	7031498	60	0
15	7031498	61	-nan
15	7031498	62	0
15	7031498	63	0
15	7031498	64	0
15	7031498	65	0
15	7031498	66	0
15	7031498	67	0.16666666666667
15	7031498	68	-nan
15	7031498	69	0
15	7031498	70	-nan
15	7031498	71	0
15	7031498	72	0.59090909090909
15	7031498	73	-nan
15	7031498	74	0
15	7031498	75	0.4375
15	7031498	76	0
vector 16  geant_network.node[16].content_store  hit_node[16]  ETV
16	7031498	1	-nan
16	7031498	2	-nan
16	7031498	3	-nan
16	7031498	4	0.81818181818182
16	7031498	5	-nan
16	7031498	6	-nan
16	7031498	7	-nan
16	7031498	8	-nan
16	7031498	9	-nan
16	7031498	10	-nan
16	7031498	11	-nan
16	7031498	12	-nan
16	7031498	13	-nan
16	7031498	14	-nan
16	7031498	15	-nan
16	7031498	16	1
16	7031498	17	-nan
16	7031498	18	-nan
16	7031498	19	-nan
16	7031498	20	-nan
16	7031498	21	-nan
16	7031498	22	-nan
16	7031498	23	-nan
16	7031498	24	-nan
16	7031498	25	-nan
16	7031498	26	-nan
16	7031498	27	-nan
16	7031498	28	-nan
16	7031498	29	-nan
16	7031498	30	-nan
16	7031498	31	-nan
16	7031498	32	-nan
16	7031498	33	-nan
16	7031498	34	-nan
16	7031498	35	-nan
16	7031498	36	0.94444444444444
16	7031498	37	0.875
16	7031498	38	-nan
16	7031498	39	-nan
16	7031498	40	-nan
16	7031498	41	-nan
16	7031498	42	-nan
16	7031498	43	-nan
16	7031498	44	0.92857142857143
16	7031498	45	1
16	7031498	46	-nan
16	7031498	47	-nan
16	7031498	48	-nan
16	7031498	49	-nan
16	7031498	50	-nan
16	7031498	51	-nan
16	7031498	52	-nan
16	7031498	53	-nan
16	7031498	54	-nan
16	7031498	55	0.84615384615385
16	7031498	56	1
16	7031498	57	-nan
16	7031498	58	1
16	7031498	59	-nan
16	7031498	60	-nan
16	7031498	61	-nan
16	7031498	62	-nan
16	7031498	63	0.81818181818182
16	7031498	64	0.89473684210526
16	7031498	65	-nan
16	7031498	66	-nan
16	7031498	67	-nan
16	7031498	68	-nan
16	7031498	69	-nan
16	7031498	70	-nan
16	7031498	71	-nan
16	7031498	72	-nan
16	7031498	73	-nan
16	7031498	74	-nan
16	7031498	75	-nan
16	7031498	76	0.85714285714286
vector 17  geant_network.node[17].content_store  hit_node[17]  ETV
17	7031498	1	1
17	7031498	2	1
17	7031498	3	0.98333333333333
17	7031498	4	0.89473684210526
17	7031498	5	0.91111111111111
17	7031498	6	0.90322580645161
17	7031498	7	0.88461538461538
17	7031498	8	0.83333333333333
17	7031498	9	0.63157894736842
17	7031498	10	0.70833333333333
17	7031498	11	0.88461538461538
17	7031498	12	0.57142857142857
17	7031498	13	0.69230769230769
17	7031498	14	0.75
17	7031498	15	0.66666666666667
17	7031498	16	0.2
17	7031498	17	0.57142857142857
17	7031498	18	0.73684210526316
17	7031498	19	0.14285714285714
17	7031498	20	0.63636363636364
17	7031498	21	0.14285714285714
17	7031498	22	0.44444444444444
17	7031498	23	0.2
17	7031498	24	0.5625
17	7031498	25	0.16666666666667
17	7031498	26	0.25
17	7031498	27	0.61538461538462
17	7031498	28	0.2
17	7031498	29	0
17	7031498	30	0.25
17	7031498	31	0.25
17	7031498	32	0.5
17	7031498	33	0
17	7031498	34	0.5
17	7031498	35	0
17	7031498	36	0.14285714285714
17	7031498	37	0.5
17	7031498	38	0
17	7031498	39	0.25
17	7031498	40	0.41666666666667
17	7031498	41	0.14285714285714
17	7031498	42	0
17	7031498	43	0.28571428571429
17	7031498	44	0
17	7031498	45	0.625
17	7031498	46	0
17	7031498	47	0.2
17	7031498	48	0.33333333333333
17	7031498	49	0.2
17	7031498	50	0.5
17	7031498	51	0.4
17	7031498	52	0
17	7031498	53	0
17	7031498	54	0.33333333333333
17	7031498	55	-nan
17	7031498	56	0.2
17	7031498	57	0
17	7031498	58	0.33333333333333
17	7031498	59	0
17	7031498	60	0.2
17	7031498	61	0.16666666666667
17	7031498	62	0
17	7031498	63	0.25
17	7031498	64	0
17	7031498	65	0
17	7031498	66	0
17	7031498	67	0.25
17	7031498	68	0
17	7031498	69	0
17	7031498	70	0.33333333333333
17	7031498	71	0
17	7031498	72	-nan
17	7031498	73	0
17	7031498	74	0
17	7031498	75	0
17	7031498	76	0.25
vector 18  geant_network.node[18].content_store  hit_node[18]  ETV
18	7031498	1	1
18	7031498	2	0.98863636363636
18	7031498	3	0.94545454545455
18	7031498	4	0.9375
18	7031498	5	0.8
18	7031498	6	0.71428571428571
18	7031498	7	0.79487179487179
18	7031498	8	0.6551724137931
18	7031498	9	0.57894736842105
18	7031498	10	0.55555555555556
18	7031498	11	0.45454545454545
18	7031498	12	0.61904761904762
18	7031498	13	0.375
18	7031498	14	0.33333333333333
18	7031498	15	0.16666666666667
18	7031498	16	0.57142857142857
18	7031498	17	0.375
18	7031498	18	0.55555555555556
18	7031498	19	0.5
18	7031498	20	0.46153846153846
18	7031498	21	0.52941176470588
18	7031498	22	0.5
18	7031498	23	0.11111111111111
18	7031498	24	0.27272727272727
18	7031498	25	0.3
18	7031498	26	0.27272727272727
18	7031498	27	0.33333333333333
18	7031498	28	0.375
18	7031498	29	0.3
18	7031498	30	0
18	7031498	31	0
18	7031498	32	0.6
18	7031498	33	0.14285714285714
18	7031498	34	0.3
18	7031498	35	0.22222222222222
18	7031498	36	0.55555555555556
18	7031498	37	0.4
18	7031498	38	0.33333333333333
18	7031498	39	0.5
18	7031498	40	0.2
18	7031498	41	0
18	7031498	42	0.11111111111111
18	7031498	43	0.16666666666667
18	7031498	44	0.5
18	7031498	45	0.33333333333333
18	7031498	46	0.28571428571429
18	7031498	47	0.25
18	7031498	48	0.14285714285714
18	7031498	49	0.22222222222222
18	7031498	50	0
18	7031498	51	0
18	7031498	52	0
18	7031498	53	0
18	7031498	54	0
18	7031498	55	0.16666666666667
18	7031498	56	0.4
18	7031498	57	0.54545454545455
18	7031498	58	0.4
18	7031498	59	0
18	7031498	60	0
18	7031498	61	0
18	7031498	62	-nan
18	7031498	63	0
18	7031498	64	0
18	7031498	65	0
18	7031498	66	0.44444444444444
18	7031498	67	0.16666666666667
18	7031498	68	0
18	7031498	69	0.25
18	7031498	70	0
18	7031498	71	0.14285714285714
18	7031498	72	0.25
18	7031498	73	-nan
18	7031498	74	0.25
18	7031498	75	0
18	7031498	76	0.25
vector 19  geant_network.node[19].content_store  hit_node[19]  ETV
19	7031498	1	-nan
19	7031498	2	-nan
19	7031498	3	-nan
19	7031498	4	-nan
19	7031498	5	-nan
19	7031498	6	-nan
19	7031498	7	-nan
19	7031498	8	-nan
19	7031498	9	-nan
19	7031498	10	-nan
19	7031498	11	-nan
19	7031498	12	-nan
19	7031498	13	-nan
19	7031498	14	-nan
19	7031498	15	-nan
19	7031498	16	-nan
19	7031498	17	-nan
19	7031498	18	-nan
19	7031498	19	-nan
19	7031498	20	-nan
19	7031498	21	-nan
19	7031498	22	-nan
19	7031498	23	-nan
19	7031498	24	-nan
19	7031498	25	-nan
19	7031498	26	-nan
19	7031498	27	-nan
19	7031498	28	-nan
19	7031498	29	-nan
19	7031498	30	-nan
19	7031498	31	-nan
19	7031498	32	-nan
19	7031498	33	-nan
19	7031498	34	-nan
19	7031498	35	-nan
19	7031498	36	-nan
19	7031498	37	-nan
19	7031498	38	-nan
19	7031498	39	-nan
19	7031498	40	-nan
19	7031498	41	-nan
19	7031498	42	-nan
19	7031498	43	-nan
19	7031498	44	-nan
19	7031498	45	-nan
19	7031498	46	-nan
19	7031498	47	-nan
19	7031498	48	-nan
19	7031498	49	-nan
19	7031498	50	-nan
19	7031498	51	-nan
19	7031498	52	-nan
19	7031498	53	-nan
19	7031498	54	-nan
19	7031498	55	-nan
19	7031498	56	-nan
19	7031498	57	-nan
19	7031498	58	-nan
19	7031498	59	-nan
19	7031498	60	-nan
19	7031498	61	-nan
19	7031498	62	-nan
19	7031498	63	-nan
19	7031498	64	-nan
19	7031498	65	-nan
19	7031498	66	-nan
19	7031498	67	-nan
19	7031498	68	-nan
19	7031498	69	-nan
19	7031498	70	-nan
19	7031498	71	-nan
19	7031498	72	-nan
19	7031498	73	-nan
19	7031498	74	-nan
19	7031498	75	-nan
19	7031498	76	-nan
vector 20  geant_network.node[20].content_store  hit_node[20]  ETV
20	7031498	1	1
20	7031498	2	1
20	7031498	3	1
20	7031498	4	0.97674418604651
20	7031498	5	0.91666666666667
20	7031498	6	0.85185185185185
20	7031498	7	0.76
20	7031498	8	0.88461538461538
20	7031498	9	0.85
20	7031498	10	0.71428571428571
20	7031498	11	0.66666666666667
20	7031498	12	0.75
20	7031498	13	0.84615384615385
20	7031498	14	0.625
20	7031498	15	0.73333333333333
20	7031498	16	0.57142857142857
20	7031498	17	0.6
20	7031498	18	0.55555555555556
20	7031498	19	0.61538461538462
20	7031498	20	0.33333333333333
20	7031498	21	0.61538461538462
20	7031498	22	0.5
20	7031498	23	0.14285714285714
20	7031498	24	0.625
20	7031498	25	0.375
20	7031498	26	0.42857142857143
20	7031498	27	0.42857142857143
20	7031498	28	0.2
20	7031498	29	0.2
20	7031498	30	0.63636363636364
20	7031498	31	0.4
20	7031498	32	0.57142857142857
20	7031498	33	0.5
20	7031498	34	0
20	7031498	35	0.42857142857143
20	7031498	36	0.5
20	7031498	37	0.2
20	7031498	38	0.6
20	7031498	39	0.44444444444444
20	7031498	40	0.25
20	7031498	41	0
20	7031498	42	0.28571428571429
20	7031498	43	0.33333333333333
20	7031498	44	0
20	7031498	45	0
20	7031498	46	0
20	7031498	47	0.2
20	7031498	48	0.16666666666667
20	7031498	49	0.16666666666667
20	7031498	50	0.25
20	7031498	51	0.5
20	7031498	52	0.33333333333333
20	7031498	53	0
20	7031498	54	0.5
20	7031498	55	0
20	7031498	56	0
20	7031498	57	0.2
20	7031498	58	0.33333333333333
20	7031498	59	0.33333333333333
20	7031498	60	0.25
20	7031498	61	0.4
20	7031498	62	0
20	7031498	63	0
20	7031498	64	0
20	7031498	65	0
20	7031498	66	0
20	7031498	67	0.25
20	7031498	68	0.5
20	7031498	69	0.5
20	7031498	70	0
20	7031498	71	0
20	7031498	72	0
20	7031498	73	0.2
20	7031498	74	0.25
20	7031498	75	0.33333333333333
20	7031498	76	0
vector 21  geant_network.node[21].content_store  hit_node[21]  ETV
21	7031498	1	0
21	7031498	2	0
21	7031498	3	0
21	7031498	4	0.8
21	7031498	5	1
21	7031498	6	0.2
21	7031498	7	-nan
21	7031498	8	-nan
21	7031498	9	-nan
21	7031498	10	0.5
21	7031498	11	0
21	7031498	12	0.71428571428571
21	7031498	13	0.55555555555556
21	7031498	14	0.625
21	7031498	15	0
21	7031498	16	0.5
21	7031498	17	0.6
21	7031498	18	0.875
21	7031498	19	-nan
21	7031498	20	-nan
21	7031498	21	0.625
21	7031498	22	0
21	7031498	23	-nan
21	7031498	24	0
21	7031498	25	-nan
21	7031498	26	0.25
21	7031498	27	-nan
21	7031498	28	-nan
21	7031498	29	0
21	7031498	30	0
21	7031498	31	-nan
21	7031498	32	-nan
21	7031498	33	-nan
21	7031498	34	0
21	7031498	35	-nan
21	7031498	36	0
21	7031498	37	0.75
21	7031498	38	0.4
21	7031498	39	0.33333333333333
21	7031498	40	0.66666666666667
21	7031498	41	0.7
21	7031498	42	0
21	7031498	43	0.25
21	7031498	44	0.33333333333333
21	7031498	45	0
21	7031498	46	-nan
21	7031498	47	-nan
21	7031498	48	0
21	7031498	49	0.42857142857143
21	7031498	50	0.66666666666667
21	7031498	51	0
21	7031498	52	-nan
21	7031498	53	-nan
21	7031498	54	0.33333333333333
21	7031498	55	0.4
21	7031498	56	0
21	7031498	57	0
21	7031498	58	0
21	7031498	59	0.5
21	7031498	60	-nan
21	7031498	61	-nan
21	7031498	62	0.2
21	7031498	63	0
21	7031498	64	0
21	7031498	65	-nan
21	7031498	66	-nan
21	7031498	67	0
21	7031498	68	-nan
21	7031498	69	0
21	7031498	70	0.66666666666667
21	7031498	71	-nan
21	7031498	72	-nan
21	7031498	73	0.55555555555556
21	7031498	74	-nan
21	7031498	75	-nan
21	7031498	76	0.5
vector 22  geant_network.client[0]  hdistance[0]  ETV
22	7031498	1	0
22	7031498	2	0.022727272727273
22	7031498	3	0.03030303030303
22	7031498	4	0.11538461538462
22	7031498	5	0.28
22	7031498	6	0.34615384615385
22	7031498	7	0.66666666666667
22	7031498	8	0.61538461538462
22	7031498	9	1.4090909090909
22	7031498	10	0.38095238095238
22	7031498	11	0.63636363636364
22	7031498	12	0.81818181818182
22	7031498	13	0.94117647058824
22	7031498	14	0.78571428571429
22	7031498	15	0.36842105263158
22	7031498	16	1.25
22	7031498	17	0.875
22	7031498	18	0.25
22	7031498	19	1.6
22	7031498	20	2.2
22	7031498	21	1.3333333333333
22	7031498	22	1.7142857142857
22	7031498	23	3.1666666666667
22	7031498	24	0.88888888888889
22	7031498	25	1.7142857142857
22	7031498	26	1.6
22	7031498	27	4
22	7031498	28	2.1666666666667
22	7031498	29	1.8333333333333
22	7031498	30	2
22	7031498	31	1.1666666666667
22	7031498	32	1.6666666666667
22	7031498	33	3.625
22	7031498	34	1.3333333333333
22	7031498	35	1.8333333333333
22	7031498	36	1.6
22	7031498	37	1.25
22	7031498	38	1.6666666666667
22	7031498	39	1.4
22	7031498	40	1
22	7031498	41	0.75
22	7031498	42	2
22	7031498	43	2.5
22	7031498	44	2
22	7031498	45	2.5
22	7031498	46	4
22	7031498	47	2
22	7031498	48	2.6666666666667
22	7031498	49	2.2857142857143
22	7031498	50	0.75
22	7031498	51	2
22	7031498	52	1
22	7031498	53	4
22	7031498	54	2.3333333333333
22	7031498	55	1.5
22	7031498	56	1.75
22	7031498	57	3
22	7031498	58	2
22	7031498	59	3
22	7031498	60	0
22	7031498	61	3.6666666666667
22	7031498	62	1
22	7031498	63	2
22	7031498	64	3
22	7031498	65	0
22	7031498	66	2
22	7031498	67	5
22	7031498	68	2
22	7031498	69	1
22	7031498	70	0.75
22	7031498	71	5
22	7031498	72	2
22	7031498	73	1
22	7031498	74	3.3333333333333
22	7031498	75	0
22	7031498	76	2
vector 23  geant_network.client[4]  hdistance[4]  ETV
23	7031498	1	0
23	7031498	2	0.13253012048193
23	7031498	3	0.11864406779661
23	7031498	4	0.30612244897959
23	7031498	5	0.4
23	7031498	6	0.27586206896552
23	7031498	7	0.7037037037037
23	7031498	8	0.78260869565217
23	7031498	9	0.75
23	7031498	10	0.78947368421053
23	7031498	11	0.83333333333333
23	7031498	12	0.41666666666667
23	7031498	13	1.7
23	7031498	14	0.15789473684211
23	7031498	15	1.1666666666667
23	7031498	16	1.2857142857143
23	7031498	17	0.66666666666667
23	7031498	18	0.625
23	7031498	19	0.5
23	7031498	20	1.1428571428571
23	7031498	21	0.28571428571429
23	7031498	22	2.25
23	7031498	23	1.1666666666667
23	7031498	24	1.5454545454545
23	7031498	25	1
23	7031498	26	1.5714285714286
23	7031498	27	0.8
23	7031498	28	1.2857142857143
23	7031498	29	0.42857142857143
23	7031498	30	0.22222222222222
23	7031498	31	1.6
23	7031498	32	2
23	7031498	33	1.2857142857143
23	7031498	34	0.33333333333333
23	7031498	35	1.7
23	7031498	36	1.8333333333333
23	7031498	37	1.8333333333333
23	7031498	38	2.25
23	7031498	39	1
23	7031498	40	0.75
23	7031498	41	1
23	7031498	42	2
23	7031498	43	0.5
23	7031498	44	1.6666666666667
23	7031498	45	2
23	7031498	46	3
23	7031498	47	0.66666666666667
23	7031498	48	1
23	7031498	49	0.6
23	7031498	50	2.3333333333333
23	7031498	51	2
23	7031498	52	1.8333333333333
23	7031498	53	3
23	7031498	54	3
23	7031498	55	3
23	7031498	56	2
23	7031498	57	0
23	7031498	58	1.8
23	7031498	59	3
23	7031498	60	3.3333333333333
23	7031498	61	1
23	7031498	62	1.5
23	7031498	63	2.4
23	7031498	64	2
23	7031498	65	2.3333333333333
23	7031498	66	4
23	7031498	67	1.25
23	7031498	68	2
23	7031498	69	2
23	7031498	70	2.3333333333333
23	7031498	71	4
23	7031498	72	0.5
23	7031498	73	1
23	7031498	74	2.3333333333333
23	7031498	75	0.5
23	7031498	76	2.3333333333333
vector 24  geant_network.client[5]  hdistance[5]  ETV
24	7031498	1	0
24	7031498	2	0.03960396039604
24	7031498	3	0.20338983050847
24	7031498	4	0.21052631578947
24	7031498	5	0.43181818181818
24	7031498	6	0.60869565217391
24	7031498	7	0.84
24	7031498	8	0.05
24	7031498	9	0.33333333333333
24	7031498	10	0.68421052631579
24	7031498	11	0.73333333333333
24	7031498	12	0.77777777777778
24	7031498	13	0.77777777777778
24	7031498	14	0.85714285714286
24	7031498	15	0.7
24	7031498	16	0.64705882352941
24	7031498	17	0.83333333333333
24	7031498	18	0.93333333333333
24	7031498	19	2
24	7031498	20	1
24	7031498	21	2
24	7031498	22	1.2
24	7031498	23	2.0909090909091
24	7031498	24	0.8
24	7031498	25	2.2
24	7031498	26	1.4
24	7031498	27	2.25
24	7031498	28	0.5
24	7031498	29	1.4
24	7031498	30	1.3333333333333
24	7031498	31	2
24	7031498	32	0.2
24	7031498	33	2.6666666666667
24	7031498	34	1.1666666666667
24	7031498	35	2
24	7031498	36	0.71428571428571
24	7031498	37	1
24	7031498	38	1
24	7031498	39	0.66666666666667
24	7031498	40	2
24	7031498	41	1.3333333333333
24	7031498	42	3
24	7031498	43	2
24	7031498	44	0.57142857142857
24	7031498	45	1
24	7031498	46	2.6666666666667
24	7031498	47	2.3333333333333
24	7031498	48	2
24	7031498	49	4
24	7031498	50	2.3333333333333
24	7031498	51	2.2
24	7031498	52	0.5
24	7031498	53	1.8
24	7031498	54	1.6666666666667
24	7031498	55	1.75
24	7031498	56	0.42857142857143
24	7031498	57	3
24	7031498	58	2
24	7031498	59	2.8
24	7031498	60	1
24	7031498	61	1
24	7031498	62	1
24	7031498	63	0.66666666666667
24	7031498	64	2.25
24	7031498	65	2.25
24	7031498	66	3
24	7031498	67	1.3333333333333
24	7031498	68	0.25
24	7031498	69	1
24	7031498	70	0
24	7031498	71	2
24	7031498	72	1.8333333333333
24	7031498	73	4
24	7031498	74	1.2857142857143
24	7031498	75	3
24	7031498	76	1.5
vector 25  geant_network.client[6]  hdistance[6]  ETV
25	7031498	1	0
25	7031498	2	0
25	7031498	3	0
25	7031498	4	0.043478260869565
25	7031498	5	0.069767441860465
25	7031498	6	0.1304347826087
25	7031498	7	0.63157894736842
25	7031498	8	0.27272727272727
25	7031498	9	0.38095238095238
25	7031498	10	0.375
25	7031498	11	1.1111111111111
25	7031498	12	0.44444444444444
25	7031498	13	0.5
25	7031498	14	0.16666666666667
25	7031498	15	0.92307692307692
25	7031498	16	2.3333333333333
25	7031498	17	0.85714285714286
25	7031498	18	1.5
25	7031498	19	2.5
25	7031498	20	1.7142857142857
25	7031498	21	0.33333333333333
25	7031498	22	0.66666666666667
25	7031498	23	1.2
25	7031498	24	1
25	7031498	25	1.8333333333333
25	7031498	26	1.25
25	7031498	27	2.3
25	7031498	28	1.2
25	7031498	29	0.66666666666667
25	7031498	30	1
25	7031498	31	1.1666666666667
25	7031498	32	0.8
25	7031498	33	1.2857142857143
25	7031498	34	0.3
25	7031498	35	0.85714285714286
25	7031498	36	1.4
25	7031498	37	2.5
25	7031498	38	2.2
25	7031498	39	0.625
25	7031498	40	3.5
25	7031498	41	2.1428571428571
25	7031498	42	1
25	7031498	43	0.81818181818182
25	7031498	44	2
25	7031498	45	2.1666666666667
25	7031498	46	2
25	7031498	47	1.25
25	7031498	48	1
25	7031498	49	0.66666666666667
25	7031498	50	1.5
25	7031498	51	2.3333333333333
25	7031498	52	0.5
25	7031498	53	2
25	7031498	54	4
25	7031498	55	2
25	7031498	56	1.6
25	7031498	57	1.2
25	7031498	58	2
25	7031498	59	1.5
25	7031498	60	3.5
25	7031498	61	1
25	7031498	62	2.4
25	7031498	63	2
25	7031498	64	2.25
25	7031498	65	3
25	7031498	66	5
25	7031498	67	1.3333333333333
25	7031498	68	1.3333333333333
25	7031498	69	2.3333333333333
25	7031498	70	3.5
25	7031498	71	2.5
25	7031498	72	3
25	7031498	73	3
25	7031498	74	0
25	7031498	75	4
25	7031498	76	2
vector 26  geant_network.client[9]  hdistance[9]  ETV
26	7031498	1	0
26	7031498	2	0.16304347826087
26	7031498	3	0.27536231884058
26	7031498	4	0.93103448275862
26	7031498	5	0.84848484848485
26	7031498	6	0.35135135135135
26	7031498	7	0.48148148148148
26	7031498	8	1.375
26	7031498	9	0.5
26	7031498	10	1.2222222222222
26	7031498	11	1.0526315789474
26	7031498	12	0.53333333333333
26	7031498	13	0.8
26	7031498	14	1.6
26	7031498	15	1.6666666666667
26	7031498	16	2.3
26	7031498	17	0.42857142857143
26	7031498	18	1.6428571428571
26	7031498	19	1.3333333333333
26	7031498	20	1.1428571428571
26	7031498	21	1
26	7031498	22	0.57142857142857
26	7031498	23	0
26	7031498	24	0.875
26	7031498	25	1.6
26	7031498	26	1.3333333333333
26	7031498	27	0.375
26	7031498	28	1.8333333333333
26	7031498	29	0.875
26	7031498	30	1.125
26	7031498	31	1.1666666666667
26	7031498	32	2.1428571428571
26	7031498	33	0.6
26	7031498	34	0.875
26	7031498	35	1
26	7031498	36	3.4
26	7031498	37	2
26	7031498	38	0.77777777777778
26	7031498	39	1.3333333333333
26	7031498	40	2
26	7031498	41	3
26	7031498	42	2
26	7031498	43	1.25
26	7031498	44	2.9
26	7031498	45	2
26	7031498	46	0.33333333333333
26	7031498	47	1.7142857142857
26	7031498	48	2.25
26	7031498	49	1
26	7031498	50	2.6666666666667
26	7031498	51	2.4
26	7031498	52	3.5
26	7031498	53	1.6666666666667
26	7031498	54	1.25
26	7031498	55	3.5
26	7031498	56	1
26	7031498	57	2
26	7031498	58	3
26	7031498	59	0
26	7031498	60	2
26	7031498	61	1
26	7031498	62	4
26	7031498	63	2.5
26	7031498	64	3
26	7031498	65	2.5
26	7031498	66	1.3333333333333
26	7031498	67	0.33333333333333
26	7031498	68	4
26	7031498	69	3
26	7031498	70	4.3333333333333
26	7031498	71	1
26	7031498	72	2.5
26	7031498	73	2.8
26	7031498	74	2
26	7031498	75	0
26	7031498	76	3.6666666666667
vector 27  geant_network.client[10]  hdistance[10]  ETV
27	7031498	1	0
27	7031498	2	0
27	7031498	3	0.03448275862069
27	7031498	4	0
27	7031498	5	0.38461538461538
27	7031498	6	0.27027027027027
27	7031498	7	0.14285714285714
27	7031498	8	0.28
27	7031498	9	0.08
27	7031498	10	0.55555555555556
27	7031498	11	1.0588235294118
27	7031498	12	0.5
27	7031498	13	0.84615384615385
27	7031498	14	1.0666666666667
27	7031498	15	2
27	7031498	16	0.8
27	7031498	17	0.63636363636364
27	7031498	18	1.4545454545455
27	7031498	19	3.25
27	7031498	20	0.5
27	7031498	21	1.6363636363636
27	7031498	22	0.63636363636364
27	7031498	23	0.5
27	7031498	24	1.1111111111111
27	7031498	25	0.5
27	7031498	26	1.3333333333333
27	7031498	27	0.11111111111111
27	7031498	28	1.1666666666667
27	7031498	29	0.625
27	7031498	30	2.1666666666667
27	7031498	31	3
27	7031498	32	2.125
27	7031498	33	0.33333333333333
27	7031498	34	1.6
27	7031498	35	2.6666666666667
27	7031498	36	4
27	7031498	37	2.8333333333333
27	7031498	38	2.5
27	7031498	39	0.88888888888889
27	7031498	40	1.5
27	7031498	41	3.75
27	7031498	42	3
27	7031498	43	1.1666666666667
27	7031498	44	1
27	7031498	45	2.8333333333333
27	7031498	46	1
27	7031498	47	2.25
27	7031498	48	3.6666666666667
27	7031498	49	1.3333333333333
27	7031498	50	4
27	7031498	51	3
27	7031498	52	2.5
27	7031498	53	1.6666666666667
27	7031498	54	2.3333333333333
27	7031498	55	4
27	7031498	56	3.7142857142857
27	7031498	57	3
27	7031498	58	5
27	7031498	59	2
27	7031498	60	2
27	7031498	61	4.5
27	7031498	62	4.5
27	7031498	63	4
27	7031498	64	1.3333333333333
27	7031498	65	0.66666666666667
27	7031498	66	0.6
27	7031498	67	1
27	7031498	68	5
27	7031498	69	4.6666666666667
27	7031498	70	2.3333333333333
27	7031498	71	1
27	7031498	72	1.3333333333333
27	7031498	73	6
27	7031498	74	0
27	7031498	75	3.5
27	7031498	76	3.25
vector 28  geant_network.client[11]  hdistance[11]  ETV
28	7031498	1	0
28	7031498	2	0.02970297029703
28	7031498	3	0.09375
28	7031498	4	0.19565217391304
28	7031498	5	0.25
28	7031498	6	0.88888888888889
28	7031498	7	0.037037037037037
28	7031498	8	0.59090909090909
28	7031498	9	0
28	7031498	10	0.7
28	7031498	11	0.4375
28	7031498	12	0.75
28	7031498	13	0.42105263157895
28	7031498	14	1.7692307692308
28	7031498	15	0.3125
28	7031498	16	0.63636363636364
28	7031498	17	1.1111111111111
28	7031498	18	1
28	7031498	19	1.5714285714286
28	7031498	20	0.14285714285714
28	7031498	21	3.5
28	7031498	22	3
28	7031498	23	1.8
28	7031498	24	1.7142857142857
28	7031498	25	0.33333333333333
28	7031498	26	1.25
28	7031498	27	1.8333333333333
28	7031498	28	1.75
28	7031498	29	3.3333333333333
28	7031498	30	1.9090909090909
28	7031498	31	1.4
28	7031498	32	2.3333333333333
28	7031498	33	1.8
28	7031498	34	4.25
28	7031498	35	1.5
28	7031498	36	2.5
28	7031498	37	2
28	7031498	38	2.5
28	7031498	39	3.5
28	7031498	40	2.8
28	7031498	41	2
28	7031498	42	2.5
28	7031498	43	2.5
28	7031498	44	2.5
28	7031498	45	2.75
28	7031498	46	1.5714285714286
28	7031498	47	2
28	7031498	48	0
28	7031498	49	3
28	7031498	50	4
28	7031498	51	2.5
28	7031498	52	1.5
28	7031498	53	1
28	7031498	54	1.5
28	7031498	55	3
28	7031498	56	1
28	7031498	57	5
28	7031498	58	3
28	7031498	59	2.5
28	7031498	60	1.5
28	7031498	61	2
28	7031498	62	1
28	7031498	63	3
28	7031498	64	3
28	7031498	65	0.5
28	7031498	66	0
28	7031498	67	2.4
28	7031498	68	1
28	7031498	69	4
28	7031498	70	3
28	7031498	71	1.6
28	7031498	72	2.5
28	7031498	73	4.6666666666667
28	7031498	74	2
28	7031498	75	2
28	7031498	76	4
vector 29  geant_network.client[14]  hdistance[14]  ETV
29	7031498	1	0.011627906976744
29	7031498	2	0.094117647058824
29	7031498	3	0.23728813559322
29	7031498	4	0.125
29	7031498	5	0.2
29	7031498	6	0.52380952380952
29	7031498	7	1.2380952380952
29	7031498	8	0.42307692307692
29	7031498	9	0.88461538461538
29	7031498	10	1.5
29	7031498	11	1
29	7031498	12	1.1
29	7031498	13	0.35294117647059
29	7031498	14	1.4
29	7031498	15	1.6
29	7031498	16	0.11111111111111
29	7031498	17	1.4285714285714
29	7031498	18	0.8
29	7031498	19	0.75
29	7031498	20	1.9090909090909
29	7031498	21	0.78571428571429
29	7031498	22	1.2727272727273
29	7031498	23	1.5555555555556
29	7031498	24	2.125
29	7031498	25	1.2
29	7031498	26	0.625
29	7031498	27	1.6
29	7031498	28	0.8
29	7031498	29	3
29	7031498	30	1.6666666666667
29	7031498	31	1.8
29	7031498	32	1.25
29	7031498	33	2.5
29	7031498	34	3
29	7031498	35	1.75
29	7031498	36	0.5
29	7031498	37	0.66666666666667
29	7031498	38	0.42857142857143
29	7031498	39	1
29	7031498	40	1.5
29	7031498	41	1.6666666666667
29	7031498	42	2
29	7031498	43	1.2
29	7031498	44	0.2
29	7031498	45	0.2
29	7031498	46	2.3333333333333
29	7031498	47	0.5
29	7031498	48	3
29	7031498	49	2.6
29	7031498	50	1
29	7031498	51	2.25
29	7031498	52	0.75
29	7031498	53	2
29	7031498	54	1
29	7031498	55	0.5
29	7031498	56	0
29	7031498	57	2.3333333333333
29	7031498	58	0.8
29	7031498	59	4
29	7031498	60	1.5
29	7031498	61	1
29	7031498	62	2.3333333333333
29	7031498	63	0.33333333333333
29	7031498	64	0.5
29	7031498	65	2.3333333333333
29	7031498	66	3
29	7031498	67	3.3333333333333
29	7031498	68	2
29	7031498	69	1.6666666666667
29	7031498	70	1
29	7031498	71	2.6666666666667
29	7031498	72	2
29	7031498	73	1.3333333333333
29	7031498	74	2.5
29	7031498	75	0.66666666666667
29	7031498	76	0.33333333333333
vector 30  geant_network.client[17]  hdistance[17]  ETV
30	7031498	1	0
30	7031498	2	0
30	7031498	3	0.033333333333333
30	7031498	4	0.13157894736842
30	7031498	5	0.13157894736842
30	7031498	6	0.12903225806452
30	7031498	7	0.30769230769231
30	7031498	8	0.20833333333333
30	7031498	9	1.1052631578947
30	7031498	10	0.25
30	7031498	11	0.071428571428571
30	7031498	12	0.64285714285714
30	7031498	13	0.92307692307692
30	7031498	14	0.5625
30	7031498	15	0.25
30	7031498	16	0.8
30	7031498	17	1
30	7031498	18	0.13333333333333
30	7031498	19	0.85714285714286
30	7031498	20	1
30	7031498	21	1.7142857142857
30	7031498	22	1.4444444444444
30	7031498	23	2.6
30	7031498	24	0.25
30	7031498	25	2.3333333333333
30	7031498	26	2
30	7031498	27	1.1538461538462
30	7031498	28	1.8
30	7031498	29	2
30	7031498	30	1.5
30	7031498	31	1.625
30	7031498	32	1.3333333333333
30	7031498	33	3
30	7031498	34	2
30	7031498	35	2.4
30	7031498	36	0.85714285714286
30	7031498	37	0.625
30	7031498	38	3
30	7031498	39	1.75
30	7031498	40	0.5
30	7031498	41	2
30	7031498	42	3
30	7031498	43	1.8571428571429
30	7031498	44	1
30	7031498	45	0.375
30	7031498	46	3
30	7031498	47	0.8
30	7031498	48	1.6666666666667
30	7031498	49	1.8
30	7031498	50	1.25
30	7031498	51	1
30	7031498	52	3.2
30	7031498	53	2.5
30	7031498	54	1.6666666666667
30	7031498	55	0
30	7031498	56	0.8
30	7031498	57	2
30	7031498	58	0.66666666666667
30	7031498	59	2
30	7031498	60	2.4
30	7031498	61	2.5
30	7031498	62	1.6666666666667
30	7031498	63	0.75
30	7031498	64	1
30	7031498	65	3
30	7031498	66	3.5
30	7031498	67	2.25
30	7031498	68	3
30	7031498	69	1
30	7031498	70	1
30	7031498	71	3
30	7031498	72	0
30	7031498	73	2
30	7031498	74	3
30	7031498	75	2
30	7031498	76	1
vector 31  geant_network.client[18]  hdistance[18]  ETV
31	7031498	1	0
31	7031498	2	0.011363636363636
31	7031498	3	0.054545454545455
31	7031498	4	0.063829787234043
31	7031498	5	0.22857142857143
31	7031498	6	0.35483870967742
31	7031498	7	0.33333333333333
31	7031498	8	0.5
31	7031498	9	0.75
31	7031498	10	0.72222222222222
31	7031498	11	0.63636363636364
31	7031498	12	0.52941176470588
31	7031498	13	0.78571428571429
31	7031498	14	1
31	7031498	15	1.1666666666667
31	7031498	16	0.46666666666667
31	7031498	17	1.1
31	7031498	18	1
31	7031498	19	0.55555555555556
31	7031498	20	1.3333333333333
31	7031498	21	0.41666666666667
31	7031498	22	0.42857142857143
31	7031498	23	2.3333333333333
31	7031498	24	1.1818181818182
31	7031498	25	3
31	7031498	26	1.1428571428571
31	7031498	27	1
31	7031498	28	0.75
31	7031498	29	1.6666666666667
31	7031498	30	3
31	7031498	31	2.5
31	7031498	32	0.14285714285714
31	7031498	33	2.6666666666667
31	7031498	34	1.4
31	7031498	35	1.2
31	7031498	36	0.5
31	7031498	37	1
31	7031498	38	1
31	7031498	39	1.1428571428571
31	7031498	40	1.6
31	7031498	41	3.2
31	7031498	42	1.5
31	7031498	43	1.5
31	7031498	44	0.5
31	7031498	45	0.66666666666667
31	7031498	46	1.3333333333333
31	7031498	47	1
31	7031498	48	1.5
31	7031498	49	2.5
31	7031498	50	1.5
31	7031498	51	1.5
31	7031498	52	2.5
31	7031498	53	3.25
31	7031498	54	2
31	7031498	55	2
31	7031498	56	1.1428571428571
31	7031498	57	0.85714285714286
31	7031498	58	0.33333333333333
31	7031498	59	2
31	7031498	60	2
31	7031498	61	2
31	7031498	62	0
31	7031498	63	1.75
31	7031498	64	2
31	7031498	65	5
31	7031498	66	2.2
31	7031498	67	2.6666666666667
31	7031498	68	1.3333333333333
31	7031498	69	2.25
31	7031498	70	2.5
31	7031498	71	3
31	7031498	72	1.6666666666667
31	7031498	73	0
31	7031498	74	0
31	7031498	75	3
31	7031498	76	1.3333333333333
vector 32  geant_network.client[20]  hdistance[20]  ETV
32	7031498	1	0
32	7031498	2	0
32	7031498	3	0
32	7031498	4	0.023255813953488
32	7031498	5	0.083333333333333
32	7031498	6	0.18518518518519
32	7031498	7	0.36
32	7031498	8	0.26923076923077
32	7031498	9	0.25
32	7031498	10	0.57142857142857
32	7031498	11	0.73333333333333
32	7031498	12	0.625
32	7031498	13	0.30769230769231
32	7031498	14	0.875
32	7031498	15	0.66666666666667
32	7031498	16	0.64285714285714
32	7031498	17	1.3333333333333
32	7031498	18	0.55555555555556
32	7031498	19	0.76923076923077
32	7031498	20	2.3333333333333
32	7031498	21	1.2307692307692
32	7031498	22	1.7
32	7031498	23	2.8571428571429
32	7031498	24	1
32	7031498	25	1.75
32	7031498	26	1.2857142857143
32	7031498	27	1.7142857142857
32	7031498	28	2
32	7031498	29	1.4
32	7031498	30	1.0909090909091
32	7031498	31	2.4
32	7031498	32	1
32	7031498	33	3
32	7031498	34	2.2
32	7031498	35	1.5714285714286
32	7031498	36	1
32	7031498	37	1.2
32	7031498	38	0.8
32	7031498	39	1.2222222222222
32	7031498	40	1.25
32	7031498	41	1
32	7031498	42	2.2857142857143
32	7031498	43	2.6666666666667
32	7031498	44	1.5
32	7031498	45	2
32	7031498	46	4.5
32	7031498	47	2.8
32	7031498	48	2.5
32	7031498	49	2
32	7031498	50	1.25
32	7031498	51	2
32	7031498	52	2.6666666666667
32	7031498	53	4
32	7031498	54	2
32	7031498	55	1.6666666666667
32	7031498	56	2
32	7031498	57	2
32	7031498	58	2
32	7031498	59	3
32	7031498	60	2.25
32	7031498	61	2
32	7031498	62	3
32	7031498	63	3
32	7031498	64	2
32	7031498	65	5
32	7031498	66	2
32	7031498	67	1.75
32	7031498	68	1.5
32	7031498	69	1.5
32	7031498	70	1
32	7031498	71	6
32	7031498	72	3
32	7031498	73	1.6
32	7031498	74	3.75
32	7031498	75	2.3333333333333
32	7031498	76	1
