version 2
run General-0-20150520-10:59:44-7268
attr D lce
attr F nrr
attr R lru
attr a 1
attr configname General
attr datetime 20150520-10:59:44
attr experiment General
attr inifile omnetpp.ini
attr iterationvars "$net=abilene, $rep=0, $a=1, $F=nrr, $ttl=1000, $D=lce, $R=lru"
attr iterationvars2 "$net=abilene, $rep=0, $a=1, $F=nrr, $ttl=1000, $D=lce, $R=lru, $repetition=0"
attr measurement "$net=abilene, $rep=0, $a=1, $F=nrr, $ttl=1000, $D=lce, $R=lru"
attr net abilene
attr network networks.${net=abilene}_network
attr processid 7268
attr rep 0
attr repetition 0
attr replication #0
attr resultdir results
attr runnumber 0
attr seedset 0
attr ttl 1000

vector 0  abilene_network.node[0].content_store  hit_node[0]  ETV
0	346182	1	1
0	346182	2	0.98809523809524
0	346182	3	0.96969696969697
0	346182	4	0.89795918367347
0	346182	5	0.89583333333333
0	346182	6	0.78125
0	346182	7	0.77777777777778
0	346182	8	0.75
0	346182	9	0.5
0	346182	10	0.83870967741935
0	346182	11	0.57142857142857
0	346182	12	0.77272727272727
0	346182	13	0.77777777777778
0	346182	14	0.7
0	346182	15	0.68
0	346182	16	0.5
0	346182	17	0.42857142857143
0	346182	18	0.75862068965517
0	346182	19	0.45454545454545
0	346182	20	0.58333333333333
0	346182	21	0.58333333333333
0	346182	22	0.57142857142857
0	346182	23	0.6
0	346182	24	0.63636363636364
0	346182	25	0
0	346182	26	0.6
0	346182	27	0
0	346182	28	0.66666666666667
0	346182	29	0.4
0	346182	30	0.58333333333333
0	346182	31	0.42857142857143
0	346182	32	0.45454545454545
0	346182	33	0.25
0	346182	34	0.25
0	346182	35	0.77272727272727
0	346182	36	0.52631578947368
0	346182	37	0
0	346182	38	0.25
0	346182	39	0.5
0	346182	40	0.4
0	346182	41	0
0	346182	42	0
0	346182	43	0
0	346182	44	0.33333333333333
0	346182	45	0.2
0	346182	46	0.33333333333333
0	346182	47	0
0	346182	48	0.14285714285714
0	346182	49	0.5
0	346182	50	0.4
0	346182	51	0.4
0	346182	52	0.57142857142857
0	346182	53	0
0	346182	54	0.7
0	346182	55	0.6
0	346182	56	0
0	346182	57	0.25
0	346182	58	0.2
0	346182	59	0
0	346182	60	0.33333333333333
0	346182	61	0.33333333333333
0	346182	62	0.33333333333333
0	346182	63	0
0	346182	64	0.66666666666667
0	346182	65	0
0	346182	66	0.25
0	346182	67	0.75
0	346182	68	0.14285714285714
0	346182	69	0.42857142857143
0	346182	70	0
0	346182	71	0
0	346182	72	0
0	346182	73	0
0	346182	74	0
0	346182	75	0
0	346182	76	0
vector 1  abilene_network.node[1].content_store  hit_node[1]  ETV
1	346182	1	0.985
1	346182	2	0.88372093023256
1	346182	3	0.78461538461538
1	346182	4	0.82608695652174
1	346182	5	0.63157894736842
1	346182	6	0.60606060606061
1	346182	7	0.56410256410256
1	346182	8	0.61111111111111
1	346182	9	0.62962962962963
1	346182	10	0.34615384615385
1	346182	11	0.27272727272727
1	346182	12	0.5
1	346182	13	0.5
1	346182	14	0.2
1	346182	15	0.5
1	346182	16	0.52631578947368
1	346182	17	0.43478260869565
1	346182	18	0.54166666666667
1	346182	19	0.3125
1	346182	20	0.25
1	346182	21	0.16666666666667
1	346182	22	0.27272727272727
1	346182	23	0.30769230769231
1	346182	24	0.38095238095238
1	346182	25	0.2
1	346182	26	0.375
1	346182	27	0.28571428571429
1	346182	28	0.46666666666667
1	346182	29	0.27272727272727
1	346182	30	0.46666666666667
1	346182	31	0.38461538461538
1	346182	32	0.23076923076923
1	346182	33	0
1	346182	34	0.28571428571429
1	346182	35	0.076923076923077
1	346182	36	0.36842105263158
1	346182	37	0
1	346182	38	0.41666666666667
1	346182	39	0.28571428571429
1	346182	40	0.48
1	346182	41	0.44444444444444
1	346182	42	0.1
1	346182	43	0
1	346182	44	0.125
1	346182	45	0
1	346182	46	0.35714285714286
1	346182	47	0.47826086956522
1	346182	48	0.31818181818182
1	346182	49	0.090909090909091
1	346182	50	0.1
1	346182	51	0.36842105263158
1	346182	52	0.35294117647059
1	346182	53	0.42857142857143
1	346182	54	0.22222222222222
1	346182	55	0
1	346182	56	0.2
1	346182	57	0.33333333333333
1	346182	58	0.16666666666667
1	346182	59	0.14285714285714
1	346182	60	0.14285714285714
1	346182	61	0
1	346182	62	0.33333333333333
1	346182	63	0.17647058823529
1	346182	64	0
1	346182	65	0
1	346182	66	0
1	346182	67	0.28571428571429
1	346182	68	0.2
1	346182	69	0.28571428571429
1	346182	70	0
1	346182	71	0.16666666666667
1	346182	72	0.25
1	346182	73	0
1	346182	74	0.25
1	346182	75	0
1	346182	76	0
vector 2  abilene_network.node[2].content_store  hit_node[2]  ETV
2	346182	1	0.95882352941176
2	346182	2	0.85576923076923
2	346182	3	0.69354838709677
2	346182	4	0.70666666666667
2	346182	5	0.64150943396226
2	346182	6	0.58139534883721
2	346182	7	0.63636363636364
2	346182	8	0.58823529411765
2	346182	9	0.38888888888889
2	346182	10	0.59375
2	346182	11	0.43478260869565
2	346182	12	0.4
2	346182	13	0.4
2	346182	14	0.31034482758621
2	346182	15	0.43478260869565
2	346182	16	0.32
2	346182	17	0.37037037037037
2	346182	18	0.33333333333333
2	346182	19	0.15384615384615
2	346182	20	0.42307692307692
2	346182	21	0.42105263157895
2	346182	22	0.21428571428571
2	346182	23	0.25
2	346182	24	0.48571428571429
2	346182	25	0.28
2	346182	26	0.38888888888889
2	346182	27	0.27272727272727
2	346182	28	0
2	346182	29	0.21428571428571
2	346182	30	0.13333333333333
2	346182	31	0.36842105263158
2	346182	32	0.29411764705882
2	346182	33	0.44444444444444
2	346182	34	0.1875
2	346182	35	0.076923076923077
2	346182	36	0.16666666666667
2	346182	37	0
2	346182	38	0.14285714285714
2	346182	39	0.18181818181818
2	346182	40	0.3
2	346182	41	0.2
2	346182	42	0.2
2	346182	43	0.25
2	346182	44	0.2
2	346182	45	0.33333333333333
2	346182	46	0.2
2	346182	47	0.16666666666667
2	346182	48	0.36842105263158
2	346182	49	0.4
2	346182	50	0.20833333333333
2	346182	51	0.16666666666667
2	346182	52	0.17647058823529
2	346182	53	0.25
2	346182	54	0.2
2	346182	55	0.16666666666667
2	346182	56	0.15384615384615
2	346182	57	0.066666666666667
2	346182	58	0.11764705882353
2	346182	59	0.22727272727273
2	346182	60	0.16666666666667
2	346182	61	0
2	346182	62	0.16666666666667
2	346182	63	0.23076923076923
2	346182	64	0.38461538461538
2	346182	65	0.14285714285714
2	346182	66	0
2	346182	67	0.125
2	346182	68	0
2	346182	69	0
2	346182	70	0.21428571428571
2	346182	71	0.2
2	346182	72	0.23809523809524
2	346182	73	0.16666666666667
2	346182	74	0
2	346182	75	0.25
2	346182	76	0.14285714285714
vector 3  abilene_network.node[3].content_store  hit_node[3]  ETV
3	346182	1	0.96629213483146
3	346182	2	0.84782608695652
3	346182	3	0.74324324324324
3	346182	4	0.70175438596491
3	346182	5	0.6
3	346182	6	0.56521739130435
3	346182	7	0.51612903225806
3	346182	8	0.53125
3	346182	9	0.56
3	346182	10	0.44444444444444
3	346182	11	0.48484848484848
3	346182	12	0.37037037037037
3	346182	13	0.46153846153846
3	346182	14	0.26315789473684
3	346182	15	0.45454545454545
3	346182	16	0.51851851851852
3	346182	17	0.33333333333333
3	346182	18	0.43478260869565
3	346182	19	0.47368421052632
3	346182	20	0.076923076923077
3	346182	21	0.35
3	346182	22	0.44444444444444
3	346182	23	0.35
3	346182	24	0.27272727272727
3	346182	25	0.35
3	346182	26	0.3125
3	346182	27	0.38461538461538
3	346182	28	0.30769230769231
3	346182	29	0.1875
3	346182	30	0.5
3	346182	31	0.17647058823529
3	346182	32	0.2
3	346182	33	0.3
3	346182	34	0.3
3	346182	35	0.33333333333333
3	346182	36	0.23529411764706
3	346182	37	0.22222222222222
3	346182	38	0.13333333333333
3	346182	39	0.33333333333333
3	346182	40	0.0625
3	346182	41	0.18181818181818
3	346182	42	0.2
3	346182	43	0
3	346182	44	0.375
3	346182	45	0.16666666666667
3	346182	46	0.25
3	346182	47	0.25
3	346182	48	0.11111111111111
3	346182	49	0.22222222222222
3	346182	50	0.18181818181818
3	346182	51	0.15384615384615
3	346182	52	0.21428571428571
3	346182	53	0.36363636363636
3	346182	54	0
3	346182	55	0.16666666666667
3	346182	56	0.22222222222222
3	346182	57	0.18181818181818
3	346182	58	0.14285714285714
3	346182	59	0.14285714285714
3	346182	60	0.22222222222222
3	346182	61	0.058823529411765
3	346182	62	0.14285714285714
3	346182	63	0.16666666666667
3	346182	64	0.25
3	346182	65	0.2
3	346182	66	0.5
3	346182	67	0.21428571428571
3	346182	68	0
3	346182	69	0
3	346182	70	0
3	346182	71	0
3	346182	72	0.25
3	346182	73	0.25
3	346182	74	0.3
3	346182	75	0
3	346182	76	0.11111111111111
vector 4  abilene_network.node[4].content_store  hit_node[4]  ETV
4	346182	1	0.98969072164948
4	346182	2	0.95283018867925
4	346182	3	0.93023255813953
4	346182	4	0.84126984126984
4	346182	5	0.74193548387097
4	346182	6	0.79591836734694
4	346182	7	0.61538461538462
4	346182	8	0.62962962962963
4	346182	9	0.75757575757576
4	346182	10	0.625
4	346182	11	0.5
4	346182	12	0.52941176470588
4	346182	13	0.25
4	346182	14	0.26666666666667
4	346182	15	0.61904761904762
4	346182	16	0.47619047619048
4	346182	17	0.35714285714286
4	346182	18	0.47619047619048
4	346182	19	0.61538461538462
4	346182	20	0.48148148148148
4	346182	21	0.4
4	346182	22	0.3
4	346182	23	0.30769230769231
4	346182	24	0.42857142857143
4	346182	25	0.625
4	346182	26	0.5
4	346182	27	0.25
4	346182	28	0.46153846153846
4	346182	29	0.1
4	346182	30	0.125
4	346182	31	0.59259259259259
4	346182	32	0.38461538461538
4	346182	33	0.22222222222222
4	346182	34	0.14285714285714
4	346182	35	0.33333333333333
4	346182	36	0.25
4	346182	37	0.33333333333333
4	346182	38	0.5
4	346182	39	0.25
4	346182	40	0.53333333333333
4	346182	41	0
4	346182	42	0.5
4	346182	43	0
4	346182	44	0.2
4	346182	45	0.25
4	346182	46	0.27777777777778
4	346182	47	0.28571428571429
4	346182	48	0.28571428571429
4	346182	49	0
4	346182	50	0.25
4	346182	51	0.4
4	346182	52	0.38461538461538
4	346182	53	0.27272727272727
4	346182	54	0.33333333333333
4	346182	55	0.38461538461538
4	346182	56	0.16666666666667
4	346182	57	0.28571428571429
4	346182	58	0.66666666666667
4	346182	59	0
4	346182	60	0.28571428571429
4	346182	61	0.57142857142857
4	346182	62	0
4	346182	63	0
4	346182	64	0.1
4	346182	65	0.66666666666667
4	346182	66	0
4	346182	67	0.31578947368421
4	346182	68	0
4	346182	69	0.5
4	346182	70	0
4	346182	71	0
4	346182	72	0
4	346182	73	0.33333333333333
4	346182	74	0.25
4	346182	75	0.5
4	346182	76	0.16666666666667
vector 5  abilene_network.node[5].content_store  hit_node[5]  ETV
5	346182	1	1
5	346182	2	0.95652173913043
5	346182	3	0.94117647058824
5	346182	4	0.82978723404255
5	346182	5	0.86363636363636
5	346182	6	0.84444444444444
5	346182	7	0.62962962962963
5	346182	8	0.75675675675676
5	346182	9	0.59259259259259
5	346182	10	0.55
5	346182	11	0.69230769230769
5	346182	12	0.44444444444444
5	346182	13	0.76
5	346182	14	0.46666666666667
5	346182	15	0.61111111111111
5	346182	16	0.70967741935484
5	346182	17	0.69230769230769
5	346182	18	0.6875
5	346182	19	0.16666666666667
5	346182	20	0.61111111111111
5	346182	21	0.67741935483871
5	346182	22	0.5625
5	346182	23	0.5625
5	346182	24	0.57142857142857
5	346182	25	0.25
5	346182	26	0.45454545454545
5	346182	27	0.66666666666667
5	346182	28	0.44444444444444
5	346182	29	0.42857142857143
5	346182	30	0.31578947368421
5	346182	31	0.38461538461538
5	346182	32	0.28571428571429
5	346182	33	0
5	346182	34	0.375
5	346182	35	0.42857142857143
5	346182	36	0.16666666666667
5	346182	37	0.33333333333333
5	346182	38	0
5	346182	39	0.11111111111111
5	346182	40	0.33333333333333
5	346182	41	0.46153846153846
5	346182	42	0.16666666666667
5	346182	43	0.4
5	346182	44	0
5	346182	45	0.28571428571429
5	346182	46	0
5	346182	47	0.5
5	346182	48	0.55555555555556
5	346182	49	0
5	346182	50	0.16666666666667
5	346182	51	0.2
5	346182	52	0.16666666666667
5	346182	53	0.14285714285714
5	346182	54	0
5	346182	55	0.21428571428571
5	346182	56	0.5
5	346182	57	0.25
5	346182	58	0.33333333333333
5	346182	59	0.25
5	346182	60	0.14285714285714
5	346182	61	0
5	346182	62	0.5
5	346182	63	0.6
5	346182	64	0.26315789473684
5	346182	65	0.4
5	346182	66	0
5	346182	67	0.28571428571429
5	346182	68	0
5	346182	69	0
5	346182	70	0
5	346182	71	0.33333333333333
5	346182	72	0
5	346182	73	0
5	346182	74	0.5
5	346182	75	0
5	346182	76	0.35294117647059
vector 6  abilene_network.node[6].content_store  hit_node[6]  ETV
6	346182	1	1
6	346182	2	0.99065420560748
6	346182	3	0.90769230769231
6	346182	4	0.81818181818182
6	346182	5	0.82608695652174
6	346182	6	0.7027027027027
6	346182	7	0.71428571428571
6	346182	8	0.66666666666667
6	346182	9	0.69230769230769
6	346182	10	0.60714285714286
6	346182	11	0.80645161290323
6	346182	12	0.74074074074074
6	346182	13	0.42105263157895
6	346182	14	0.61111111111111
6	346182	15	0.65
6	346182	16	0.23076923076923
6	346182	17	0.22222222222222
6	346182	18	0.6
6	346182	19	0.67857142857143
6	346182	20	0.41666666666667
6	346182	21	0.27272727272727
6	346182	22	0.53333333333333
6	346182	23	0.375
6	346182	24	0.42857142857143
6	346182	25	0.42857142857143
6	346182	26	0.53333333333333
6	346182	27	0.22222222222222
6	346182	28	0.45454545454545
6	346182	29	0.16666666666667
6	346182	30	0.30769230769231
6	346182	31	0.46666666666667
6	346182	32	0.5
6	346182	33	0.28571428571429
6	346182	34	0.3
6	346182	35	0.45454545454545
6	346182	36	0.3
6	346182	37	0.46153846153846
6	346182	38	0.25
6	346182	39	0.4
6	346182	40	0
6	346182	41	0.18181818181818
6	346182	42	0.48
6	346182	43	0.46153846153846
6	346182	44	0.22222222222222
6	346182	45	0.33333333333333
6	346182	46	0.5
6	346182	47	0.57142857142857
6	346182	48	0.33333333333333
6	346182	49	0.42857142857143
6	346182	50	0
6	346182	51	0
6	346182	52	0.33333333333333
6	346182	53	0.33333333333333
6	346182	54	0.16666666666667
6	346182	55	0.16666666666667
6	346182	56	0.25
6	346182	57	0
6	346182	58	0.25
6	346182	59	0.375
6	346182	60	0.28571428571429
6	346182	61	0.33333333333333
6	346182	62	0.16666666666667
6	346182	63	0.2
6	346182	64	0.16666666666667
6	346182	65	0
6	346182	66	0.5
6	346182	67	0
6	346182	68	0
6	346182	69	0.66666666666667
6	346182	70	0
6	346182	71	0.33333333333333
6	346182	72	0
6	346182	73	0.16666666666667
6	346182	74	0
6	346182	75	0.23809523809524
6	346182	76	0
vector 7  abilene_network.node[7].content_store  hit_node[7]  ETV
7	346182	1	0.99
7	346182	2	0.86363636363636
7	346182	3	0.8
7	346182	4	0.76271186440678
7	346182	5	0.72972972972973
7	346182	6	0.68888888888889
7	346182	7	0.68292682926829
7	346182	8	0.51851851851852
7	346182	9	0.53846153846154
7	346182	10	0.69230769230769
7	346182	11	0.72222222222222
7	346182	12	0.73809523809524
7	346182	13	0.57575757575758
7	346182	14	0.69230769230769
7	346182	15	0.5
7	346182	16	0.51851851851852
7	346182	17	0.55555555555556
7	346182	18	0.47368421052632
7	346182	19	0.25
7	346182	20	0.5
7	346182	21	0.375
7	346182	22	0.61111111111111
7	346182	23	0.27272727272727
7	346182	24	0.58823529411765
7	346182	25	0.36842105263158
7	346182	26	0.61904761904762
7	346182	27	0.42857142857143
7	346182	28	0.41666666666667
7	346182	29	0.33333333333333
7	346182	30	0.27272727272727
7	346182	31	0.2
7	346182	32	0.44444444444444
7	346182	33	0.11111111111111
7	346182	34	0.4
7	346182	35	0.2
7	346182	36	0.5
7	346182	37	0.35294117647059
7	346182	38	0.36363636363636
7	346182	39	0.29411764705882
7	346182	40	0.55555555555556
7	346182	41	0.44444444444444
7	346182	42	0.23529411764706
7	346182	43	0.33333333333333
7	346182	44	0.25
7	346182	45	0.54545454545455
7	346182	46	0.45454545454545
7	346182	47	0.3
7	346182	48	0
7	346182	49	0.125
7	346182	50	0.375
7	346182	51	0.28571428571429
7	346182	52	0
7	346182	53	0
7	346182	54	0.16666666666667
7	346182	55	0.14285714285714
7	346182	56	0.42857142857143
7	346182	57	0.5
7	346182	58	0.14285714285714
7	346182	59	0.25
7	346182	60	0.11111111111111
7	346182	61	0.25
7	346182	62	0.375
7	346182	63	0
7	346182	64	0.2
7	346182	65	0.28571428571429
7	346182	66	0
7	346182	67	0.25
7	346182	68	0.14285714285714
7	346182	69	0.22222222222222
7	346182	70	0
7	346182	71	0.3
7	346182	72	0
7	346182	73	0.22222222222222
7	346182	74	0
7	346182	75	0.11764705882353
7	346182	76	0
vector 8  abilene_network.node[8].content_store  hit_node[8]  ETV
8	346182	1	0.99521531100478
8	346182	2	0.96521739130435
8	346182	3	0.84415584415584
8	346182	4	0.77083333333333
8	346182	5	0.77777777777778
8	346182	6	0.53571428571429
8	346182	7	0.71153846153846
8	346182	8	0.66666666666667
8	346182	9	0.75555555555556
8	346182	10	0.68571428571429
8	346182	11	0.5
8	346182	12	0.56521739130435
8	346182	13	0.70967741935484
8	346182	14	0.5
8	346182	15	0.61904761904762
8	346182	16	0.47619047619048
8	346182	17	0.38888888888889
8	346182	18	0.53333333333333
8	346182	19	0.59090909090909
8	346182	20	0.66666666666667
8	346182	21	0.5
8	346182	22	0.61538461538462
8	346182	23	0.61111111111111
8	346182	24	0.42857142857143
8	346182	25	0.33333333333333
8	346182	26	0.35714285714286
8	346182	27	0.54545454545455
8	346182	28	0.5
8	346182	29	0.52631578947368
8	346182	30	0.14285714285714
8	346182	31	0.125
8	346182	32	0
8	346182	33	0.3
8	346182	34	0.61290322580645
8	346182	35	0.45
8	346182	36	0.36363636363636
8	346182	37	0.23076923076923
8	346182	38	0.4
8	346182	39	0.33333333333333
8	346182	40	0.11111111111111
8	346182	41	0.11111111111111
8	346182	42	0.61538461538462
8	346182	43	0.35
8	346182	44	0.38461538461538
8	346182	45	0.25
8	346182	46	0.33333333333333
8	346182	47	0
8	346182	48	0.2
8	346182	49	0.3
8	346182	50	0.14285714285714
8	346182	51	0.33333333333333
8	346182	52	0.125
8	346182	53	0.33333333333333
8	346182	54	0.41666666666667
8	346182	55	0.375
8	346182	56	0.42857142857143
8	346182	57	0
8	346182	58	0.52
8	346182	59	0.25
8	346182	60	0.14285714285714
8	346182	61	0.57142857142857
8	346182	62	0.16666666666667
8	346182	63	0.25
8	346182	64	0
8	346182	65	0.2
8	346182	66	0.14285714285714
8	346182	67	0
8	346182	68	0.28571428571429
8	346182	69	0.33333333333333
8	346182	70	0.22222222222222
8	346182	71	0.071428571428571
8	346182	72	0
8	346182	73	0.090909090909091
8	346182	74	0.25
8	346182	75	0.090909090909091
8	346182	76	0
vector 9  abilene_network.node[9].content_store  hit_node[9]  ETV
9	346182	1	1
9	346182	2	0.97849462365591
9	346182	3	0.93150684931507
9	346182	4	0.78260869565217
9	346182	5	0.74358974358974
9	346182	6	0.77777777777778
9	346182	7	0.83783783783784
9	346182	8	0.61290322580645
9	346182	9	0.55555555555556
9	346182	10	0.6
9	346182	11	0.5625
9	346182	12	0.68
9	346182	13	0.35714285714286
9	346182	14	0.63157894736842
9	346182	15	0.66666666666667
9	346182	16	0.55555555555556
9	346182	17	0.42105263157895
9	346182	18	0.36363636363636
9	346182	19	0.47368421052632
9	346182	20	0.30769230769231
9	346182	21	0.55
9	346182	22	0.62962962962963
9	346182	23	0.53846153846154
9	346182	24	0.27272727272727
9	346182	25	0.64285714285714
9	346182	26	0.25
9	346182	27	0.66666666666667
9	346182	28	0.16666666666667
9	346182	29	0.375
9	346182	30	0.33333333333333
9	346182	31	0.4
9	346182	32	0.375
9	346182	33	0.5
9	346182	34	0.3
9	346182	35	0.125
9	346182	36	0.6
9	346182	37	0.5
9	346182	38	0.28571428571429
9	346182	39	0.2
9	346182	40	0.14285714285714
9	346182	41	0.14285714285714
9	346182	42	0.2
9	346182	43	0.42857142857143
9	346182	44	0.125
9	346182	45	0.57142857142857
9	346182	46	0.42857142857143
9	346182	47	0.53846153846154
9	346182	48	0
9	346182	49	0.16666666666667
9	346182	50	0.6
9	346182	51	0.6
9	346182	52	0.27272727272727
9	346182	53	0.4
9	346182	54	0.5
9	346182	55	0
9	346182	56	0
9	346182	57	0.25
9	346182	58	0.25
9	346182	59	0
9	346182	60	0.2
9	346182	61	-nan
9	346182	62	0.25
9	346182	63	0.5
9	346182	64	0.4
9	346182	65	0
9	346182	66	0.375
9	346182	67	0
9	346182	68	0.55555555555556
9	346182	69	0.25
9	346182	70	0
9	346182	71	0.26315789473684
9	346182	72	0
9	346182	73	0.3125
9	346182	74	0
9	346182	75	0
9	346182	76	0.2
vector 10  abilene_network.node[10].content_store  hit_node[10]  ETV
10	346182	1	0.99468085106383
10	346182	2	0.99038461538462
10	346182	3	0.90769230769231
10	346182	4	0.84615384615385
10	346182	5	0.88235294117647
10	346182	6	0.92156862745098
10	346182	7	0.825
10	346182	8	0.81818181818182
10	346182	9	0.82857142857143
10	346182	10	0.62962962962963
10	346182	11	0.75
10	346182	12	0.6
10	346182	13	0.6
10	346182	14	0.54545454545455
10	346182	15	0.70833333333333
10	346182	16	0.68181818181818
10	346182	17	0.6969696969697
10	346182	18	0.5
10	346182	19	0.62962962962963
10	346182	20	0.4
10	346182	21	0.6
10	346182	22	0.42857142857143
10	346182	23	0.5
10	346182	24	0.33333333333333
10	346182	25	0.58333333333333
10	346182	26	0.63636363636364
10	346182	27	0.5
10	346182	28	0.38461538461538
10	346182	29	0.78947368421053
10	346182	30	0.28571428571429
10	346182	31	0.28571428571429
10	346182	32	0.33333333333333
10	346182	33	0.75
10	346182	34	0.28571428571429
10	346182	35	0.44444444444444
10	346182	36	0.41666666666667
10	346182	37	0.33333333333333
10	346182	38	0
10	346182	39	0
10	346182	40	0.22222222222222
10	346182	41	0.6
10	346182	42	0.42857142857143
10	346182	43	0.28571428571429
10	346182	44	0.44444444444444
10	346182	45	0.33333333333333
10	346182	46	0.33333333333333
10	346182	47	0.35714285714286
10	346182	48	0.57142857142857
10	346182	49	0.22222222222222
10	346182	50	0.42857142857143
10	346182	51	0
10	346182	52	0.36363636363636
10	346182	53	0.2
10	346182	54	0.45454545454545
10	346182	55	0.44444444444444
10	346182	56	-nan
10	346182	57	0
10	346182	58	0.2
10	346182	59	0.5
10	346182	60	0.5
10	346182	61	0.2
10	346182	62	0.33333333333333
10	346182	63	0.33333333333333
10	346182	64	0
10	346182	65	0
10	346182	66	0.4
10	346182	67	0.42857142857143
10	346182	68	0.083333333333333
10	346182	69	0.25
10	346182	70	-nan
10	346182	71	0.44444444444444
10	346182	72	0
10	346182	73	0.2
10	346182	74	0
10	346182	75	0.2
10	346182	76	0.5
vector 11  abilene_network.client[0]  hdistance[0]  ETV
11	346182	1	0
11	346182	2	0.012048192771084
11	346182	3	0.032786885245902
11	346182	4	0.13513513513514
11	346182	5	0.15789473684211
11	346182	6	0.2962962962963
11	346182	7	0.33333333333333
11	346182	8	0.39130434782609
11	346182	9	0.7
11	346182	10	0.4375
11	346182	11	0.69230769230769
11	346182	12	0.30769230769231
11	346182	13	0.44444444444444
11	346182	14	0.78571428571429
11	346182	15	0.39130434782609
11	346182	16	0.92857142857143
11	346182	17	0.83333333333333
11	346182	18	0.30769230769231
11	346182	19	1
11	346182	20	2.4285714285714
11	346182	21	0.88888888888889
11	346182	22	1.1818181818182
11	346182	23	0.85714285714286
11	346182	24	1.1666666666667
11	346182	25	2.5
11	346182	26	0.72727272727273
11	346182	27	2.8
11	346182	28	0.125
11	346182	29	1.6666666666667
11	346182	30	1.8571428571429
11	346182	31	2.4545454545455
11	346182	32	1.7777777777778
11	346182	33	2
11	346182	34	2.7142857142857
11	346182	35	1.1818181818182
11	346182	36	0.33333333333333
11	346182	37	2
11	346182	38	1
11	346182	39	1.5714285714286
11	346182	40	1.5
11	346182	41	2.75
11	346182	42	3.5
11	346182	43	1.75
11	346182	44	2
11	346182	45	1.75
11	346182	46	2.4
11	346182	47	1
11	346182	48	1.5
11	346182	49	2
11	346182	50	1.75
11	346182	51	1
11	346182	52	0.66666666666667
11	346182	53	3
11	346182	54	0.66666666666667
11	346182	55	1.3333333333333
11	346182	56	3
11	346182	57	2.6666666666667
11	346182	58	3.5
11	346182	59	3
11	346182	60	1.5
11	346182	61	3
11	346182	62	0.66666666666667
11	346182	63	2
11	346182	64	6
11	346182	65	4
11	346182	66	1
11	346182	67	1.3333333333333
11	346182	68	2.1666666666667
11	346182	69	1
11	346182	70	4
11	346182	71	1
11	346182	72	2
11	346182	73	2.5
11	346182	74	2.5
11	346182	75	6
11	346182	76	1
vector 12  abilene_network.client[1]  hdistance[1]  ETV
12	346182	1	0.015151515151515
12	346182	2	0.125
12	346182	3	0.24137931034483
12	346182	4	0.22222222222222
12	346182	5	0.38235294117647
12	346182	6	0.44827586206897
12	346182	7	0.60714285714286
12	346182	8	0.46428571428571
12	346182	9	0.54545454545455
12	346182	10	0.83333333333333
12	346182	11	1
12	346182	12	0.61538461538462
12	346182	13	0.64285714285714
12	346182	14	1
12	346182	15	0.53333333333333
12	346182	16	1
12	346182	17	0.63636363636364
12	346182	18	0.69230769230769
12	346182	19	1.2727272727273
12	346182	20	2
12	346182	21	1.1666666666667
12	346182	22	1.125
12	346182	23	1.4
12	346182	24	0.84615384615385
12	346182	25	0.8
12	346182	26	1.1428571428571
12	346182	27	0
12	346182	28	0.42857142857143
12	346182	29	1.3333333333333
12	346182	30	1
12	346182	31	0.33333333333333
12	346182	32	1.1666666666667
12	346182	33	1.3333333333333
12	346182	34	1.3333333333333
12	346182	35	1.3333333333333
12	346182	36	1.2857142857143
12	346182	37	1
12	346182	38	2
12	346182	39	2.6666666666667
12	346182	40	0.2
12	346182	41	2.25
12	346182	42	3.4285714285714
12	346182	43	2.25
12	346182	44	1.75
12	346182	45	1.5
12	346182	46	1.8
12	346182	47	0.4
12	346182	48	1
12	346182	49	1.5
12	346182	50	1.5
12	346182	51	0.66666666666667
12	346182	52	0.6
12	346182	53	2.5
12	346182	54	2
12	346182	55	1.3333333333333
12	346182	56	1.7142857142857
12	346182	57	1
12	346182	58	2.4
12	346182	59	2
12	346182	60	0.5
12	346182	61	3.3333333333333
12	346182	62	2
12	346182	63	0.66666666666667
12	346182	64	3.3333333333333
12	346182	65	2.5
12	346182	66	2
12	346182	67	2
12	346182	68	2.5
12	346182	69	1
12	346182	70	2.5
12	346182	71	2.4
12	346182	72	0
12	346182	73	2
12	346182	74	3
12	346182	75	0
12	346182	76	2.5
vector 13  abilene_network.client[2]  hdistance[2]  ETV
13	346182	1	0.041916167664671
13	346182	2	0.15463917525773
13	346182	3	0.35185185185185
13	346182	4	0.34375
13	346182	5	0.46341463414634
13	346182	6	0.54545454545455
13	346182	7	0.40625
13	346182	8	0.625
13	346182	9	0.83333333333333
13	346182	10	0.66666666666667
13	346182	11	1
13	346182	12	1.2222222222222
13	346182	13	0.5625
13	346182	14	0.8
13	346182	15	0.6875
13	346182	16	1
13	346182	17	1.0909090909091
13	346182	18	1
13	346182	19	1.5
13	346182	20	0.92307692307692
13	346182	21	1.375
13	346182	22	0.88888888888889
13	346182	23	1.2222222222222
13	346182	24	0.66666666666667
13	346182	25	0.77777777777778
13	346182	26	0.875
13	346182	27	0.83333333333333
13	346182	28	1.4285714285714
13	346182	29	0.85714285714286
13	346182	30	2
13	346182	31	1.5714285714286
13	346182	32	0.8
13	346182	33	0.2
13	346182	34	1
13	346182	35	1.8
13	346182	36	1
13	346182	37	2
13	346182	38	1.6
13	346182	39	2
13	346182	40	1
13	346182	41	0
13	346182	42	1.5
13	346182	43	1.6
13	346182	44	2.1428571428571
13	346182	45	0.33333333333333
13	346182	46	1
13	346182	47	1.8
13	346182	48	0.85714285714286
13	346182	49	0.42857142857143
13	346182	50	0.66666666666667
13	346182	51	2
13	346182	52	1.5
13	346182	53	1.3333333333333
13	346182	54	1.5
13	346182	55	2.5
13	346182	56	1.6666666666667
13	346182	57	0
13	346182	58	1.2
13	346182	59	0.66666666666667
13	346182	60	2
13	346182	61	2
13	346182	62	0
13	346182	63	1.2
13	346182	64	2.5714285714286
13	346182	65	1
13	346182	66	1.5
13	346182	67	2.5
13	346182	68	1
13	346182	69	2
13	346182	70	1.2857142857143
13	346182	71	2.25
13	346182	72	1
13	346182	73	2
13	346182	74	1
13	346182	75	2
13	346182	76	2.6666666666667
vector 14  abilene_network.client[3]  hdistance[3]  ETV
14	346182	1	0.034285714285714
14	346182	2	0.16470588235294
14	346182	3	0.3015873015873
14	346182	4	0.3953488372093
14	346182	5	0.44444444444444
14	346182	6	0.60606060606061
14	346182	7	0.64705882352941
14	346182	8	0.63636363636364
14	346182	9	0.63157894736842
14	346182	10	1
14	346182	11	0.8
14	346182	12	0.75
14	346182	13	0.77777777777778
14	346182	14	1
14	346182	15	0.83333333333333
14	346182	16	0.76470588235294
14	346182	17	1.2857142857143
14	346182	18	0.66666666666667
14	346182	19	0.81818181818182
14	346182	20	1
14	346182	21	0.61538461538462
14	346182	22	1
14	346182	23	0.42857142857143
14	346182	24	0.625
14	346182	25	0.66666666666667
14	346182	26	1.2857142857143
14	346182	27	0.71428571428571
14	346182	28	1.25
14	346182	29	1
14	346182	30	1.1428571428571
14	346182	31	0.5
14	346182	32	1.25
14	346182	33	1.625
14	346182	34	1.3333333333333
14	346182	35	1.1666666666667
14	346182	36	1
14	346182	37	0.66666666666667
14	346182	38	2
14	346182	39	1.6666666666667
14	346182	40	1.4
14	346182	41	1
14	346182	42	1
14	346182	43	3.5
14	346182	44	0.75
14	346182	45	2
14	346182	46	0.66666666666667
14	346182	47	1
14	346182	48	0
14	346182	49	1.5
14	346182	50	2
14	346182	51	1.6
14	346182	52	2
14	346182	53	1.2
14	346182	54	1
14	346182	55	1.3333333333333
14	346182	56	0.5
14	346182	57	1
14	346182	58	1.6666666666667
14	346182	59	0.8
14	346182	60	3
14	346182	61	1.3333333333333
14	346182	62	1
14	346182	63	1.6666666666667
14	346182	64	0.5
14	346182	65	1.3333333333333
14	346182	66	0
14	346182	67	1
14	346182	68	0
14	346182	69	2
14	346182	70	1.5
14	346182	71	4
14	346182	72	1.4
14	346182	73	1
14	346182	74	0.33333333333333
14	346182	75	1
14	346182	76	2.6666666666667
vector 15  abilene_network.client[4]  hdistance[4]  ETV
15	346182	1	0.010362694300518
15	346182	2	0.052083333333333
15	346182	3	0.093333333333333
15	346182	4	0.18518518518519
15	346182	5	0.30769230769231
15	346182	6	0.31578947368421
15	346182	7	0.60869565217391
15	346182	8	0.6875
15	346182	9	0.36842105263158
15	346182	10	0.6
15	346182	11	0.89473684210526
15	346182	12	1.0833333333333
15	346182	13	1.5
15	346182	14	1.8181818181818
15	346182	15	0.78571428571429
15	346182	16	1
15	346182	17	1.9
15	346182	18	1.4
15	346182	19	1.3333333333333
15	346182	20	0.58333333333333
15	346182	21	0.71428571428571
15	346182	22	1.3333333333333
15	346182	23	1
15	346182	24	1.5384615384615
15	346182	25	1.1
15	346182	26	1.5714285714286
15	346182	27	1.2857142857143
15	346182	28	2.1111111111111
15	346182	29	1.7142857142857
15	346182	30	1.3333333333333
15	346182	31	0.16666666666667
15	346182	32	1
15	346182	33	2.6
15	346182	34	2
15	346182	35	2.75
15	346182	36	3.25
15	346182	37	1.3333333333333
15	346182	38	0.25
15	346182	39	2.1666666666667
15	346182	40	1.7
15	346182	41	2
15	346182	42	1.25
15	346182	43	1.3333333333333
15	346182	44	3
15	346182	45	1.9
15	346182	46	0.25
15	346182	47	3
15	346182	48	3.3333333333333
15	346182	49	1
15	346182	50	2.25
15	346182	51	1.75
15	346182	52	2.75
15	346182	53	1
15	346182	54	3
15	346182	55	1
15	346182	56	1.6
15	346182	57	2
15	346182	58	1.6666666666667
15	346182	59	2
15	346182	60	3
15	346182	61	0.22222222222222
15	346182	62	2
15	346182	63	4
15	346182	64	1.5
15	346182	65	2
15	346182	66	5
15	346182	67	0.25
15	346182	68	4.5
15	346182	69	4
15	346182	70	4
15	346182	71	4
15	346182	72	0
15	346182	73	3.3333333333333
15	346182	74	1.1666666666667
15	346182	75	3
15	346182	76	1.75
vector 16  abilene_network.client[5]  hdistance[5]  ETV
16	346182	1	0
16	346182	2	0.045454545454545
16	346182	3	0.049180327868852
16	346182	4	0.2
16	346182	5	0.21875
16	346182	6	0.22222222222222
16	346182	7	0.57142857142857
16	346182	8	0.33333333333333
16	346182	9	0.43478260869565
16	346182	10	0.5625
16	346182	11	0.38461538461538
16	346182	12	0.75
16	346182	13	0.52631578947368
16	346182	14	0.9
16	346182	15	0.53846153846154
16	346182	16	0.68421052631579
16	346182	17	1.625
16	346182	18	1
16	346182	19	1.1111111111111
16	346182	20	0.71428571428571
16	346182	21	0.35714285714286
16	346182	22	1.6363636363636
16	346182	23	1.4545454545455
16	346182	24	1.1111111111111
16	346182	25	1.5
16	346182	26	1.2857142857143
16	346182	27	1.625
16	346182	28	1.5
16	346182	29	2
16	346182	30	0.66666666666667
16	346182	31	0
16	346182	32	2.3333333333333
16	346182	33	2
16	346182	34	1.6
16	346182	35	1.6666666666667
16	346182	36	3
16	346182	37	0.66666666666667
16	346182	38	1.6666666666667
16	346182	39	1.75
16	346182	40	2
16	346182	41	2.1111111111111
16	346182	42	1.25
16	346182	43	5
16	346182	44	1.8333333333333
16	346182	45	1.8333333333333
16	346182	46	2
16	346182	47	1.8
16	346182	48	1.3333333333333
16	346182	49	1
16	346182	50	3
16	346182	51	4.75
16	346182	52	3.4
16	346182	53	0
16	346182	54	3
16	346182	55	0
16	346182	56	1.3333333333333
16	346182	57	2.3333333333333
16	346182	58	2
16	346182	59	1.6666666666667
16	346182	60	4
16	346182	61	1
16	346182	62	2
16	346182	63	1.3333333333333
16	346182	64	0.4
16	346182	65	1.8
16	346182	66	4
16	346182	67	2
16	346182	68	4
16	346182	69	1.3333333333333
16	346182	70	4
16	346182	71	3
16	346182	72	2.3333333333333
16	346182	73	4.5
16	346182	74	2
16	346182	75	2
16	346182	76	0.33333333333333
vector 17  abilene_network.client[6]  hdistance[6]  ETV
17	346182	1	0
17	346182	2	0.0097087378640777
17	346182	3	0.10344827586207
17	346182	4	0.28888888888889
17	346182	5	0.22222222222222
17	346182	6	0.39285714285714
17	346182	7	0.38461538461538
17	346182	8	0.42857142857143
17	346182	9	0.5
17	346182	10	0.58823529411765
17	346182	11	0.36842105263158
17	346182	12	0.73333333333333
17	346182	13	1.3
17	346182	14	0.6
17	346182	15	0.69230769230769
17	346182	16	1.125
17	346182	17	1.375
17	346182	18	0.6
17	346182	19	0.45454545454545
17	346182	20	0.88888888888889
17	346182	21	0.8
17	346182	22	0.9
17	346182	23	1
17	346182	24	1.0909090909091
17	346182	25	1.5555555555556
17	346182	26	1.2
17	346182	27	1.1666666666667
17	346182	28	1.1666666666667
17	346182	29	1.6666666666667
17	346182	30	1.2857142857143
17	346182	31	1.75
17	346182	32	1.6666666666667
17	346182	33	2.8
17	346182	34	1.8333333333333
17	346182	35	1.4285714285714
17	346182	36	2.5714285714286
17	346182	37	0.66666666666667
17	346182	38	2
17	346182	39	0.5
17	346182	40	2.6
17	346182	41	1.25
17	346182	42	0.25
17	346182	43	1.5
17	346182	44	1.8
17	346182	45	2.5
17	346182	46	1.5
17	346182	47	1
17	346182	48	1.5
17	346182	49	3.2
17	346182	50	1
17	346182	51	2
17	346182	52	0
17	346182	53	1
17	346182	54	3
17	346182	55	2
17	346182	56	1.5
17	346182	57	3.5
17	346182	58	1.6666666666667
17	346182	59	3.8
17	346182	60	2
17	346182	61	1.6666666666667
17	346182	62	2
17	346182	63	2.3333333333333
17	346182	64	1.3333333333333
17	346182	65	2
17	346182	66	2.6666666666667
17	346182	67	2
17	346182	68	3
17	346182	69	6
17	346182	70	3
17	346182	71	2
17	346182	72	4
17	346182	73	3
17	346182	74	2.6666666666667
17	346182	75	0.75
17	346182	76	1
vector 18  abilene_network.client[7]  hdistance[7]  ETV
18	346182	1	0.010204081632653
18	346182	2	0.14285714285714
18	346182	3	0.23214285714286
18	346182	4	0.26666666666667
18	346182	5	0.33333333333333
18	346182	6	0.39285714285714
18	346182	7	0.35714285714286
18	346182	8	0.8
18	346182	9	0.8125
18	346182	10	0.46666666666667
18	346182	11	0.36842105263158
18	346182	12	0.5
18	346182	13	0.6875
18	346182	14	0.73333333333333
18	346182	15	1.0909090909091
18	346182	16	0.8
18	346182	17	1
18	346182	18	0.81818181818182
18	346182	19	0.875
18	346182	20	0.625
18	346182	21	1.1428571428571
18	346182	22	0.5
18	346182	23	1
18	346182	24	1.1428571428571
18	346182	25	1.6363636363636
18	346182	26	0.75
18	346182	27	0.75
18	346182	28	1.75
18	346182	29	1
18	346182	30	1.25
18	346182	31	2
18	346182	32	1.1666666666667
18	346182	33	1.5
18	346182	34	0.28571428571429
18	346182	35	1.5
18	346182	36	1.75
18	346182	37	1.4
18	346182	38	2.3333333333333
18	346182	39	0.66666666666667
18	346182	40	1.5
18	346182	41	0.66666666666667
18	346182	42	1
18	346182	43	1.1666666666667
18	346182	44	0
18	346182	45	0.8
18	346182	46	1.4
18	346182	47	1.7142857142857
18	346182	48	2.6666666666667
18	346182	49	1
18	346182	50	1
18	346182	51	1
18	346182	52	1.5
18	346182	53	2.25
18	346182	54	2
18	346182	55	2
18	346182	56	0.66666666666667
18	346182	57	1.5555555555556
18	346182	58	1.5
18	346182	59	2.25
18	346182	60	2.6
18	346182	61	1
18	346182	62	0.5
18	346182	63	0
18	346182	64	2.3333333333333
18	346182	65	2
18	346182	66	1.6666666666667
18	346182	67	2.5
18	346182	68	2
18	346182	69	2
18	346182	70	2
18	346182	71	1.5
18	346182	72	3
18	346182	73	2.3333333333333
18	346182	74	1.3333333333333
18	346182	75	1.3333333333333
18	346182	76	0
vector 19  abilene_network.client[8]  hdistance[8]  ETV
19	346182	1	0.0049019607843137
19	346182	2	0.03960396039604
19	346182	3	0.20634920634921
19	346182	4	0.30555555555556
19	346182	5	0.24489795918367
19	346182	6	0.52173913043478
19	346182	7	0.42857142857143
19	346182	8	0.54166666666667
19	346182	9	0.32258064516129
19	346182	10	0.33333333333333
19	346182	11	1
19	346182	12	0.61538461538462
19	346182	13	0.52380952380952
19	346182	14	0.63636363636364
19	346182	15	0.83333333333333
19	346182	16	1
19	346182	17	0.85714285714286
19	346182	18	1.2857142857143
19	346182	19	0.5
19	346182	20	0.61538461538462
19	346182	21	0.93333333333333
19	346182	22	0.15384615384615
19	346182	23	0.75
19	346182	24	0.71428571428571
19	346182	25	0.6
19	346182	26	1.2
19	346182	27	0.75
19	346182	28	1.2857142857143
19	346182	29	1.5714285714286
19	346182	30	2.5
19	346182	31	2
19	346182	32	1.5
19	346182	33	0.25
19	346182	34	0.4
19	346182	35	0.2
19	346182	36	1.75
19	346182	37	1.5714285714286
19	346182	38	1.5
19	346182	39	1
19	346182	40	2.6
19	346182	41	1.2
19	346182	42	0.66666666666667
19	346182	43	0.57142857142857
19	346182	44	1
19	346182	45	0.75
19	346182	46	1.25
19	346182	47	1
19	346182	48	2
19	346182	49	1
19	346182	50	2
19	346182	51	2
19	346182	52	2.2
19	346182	53	0
19	346182	54	0.5
19	346182	55	2.4
19	346182	56	2
19	346182	57	1.5
19	346182	58	0.25
19	346182	59	1.3333333333333
19	346182	60	1.5
19	346182	61	2.75
19	346182	62	2.3333333333333
19	346182	63	2
19	346182	64	1
19	346182	65	1
19	346182	66	2
19	346182	67	4
19	346182	68	1
19	346182	69	2.3333333333333
19	346182	70	0.5
19	346182	71	1.5
19	346182	72	1.3333333333333
19	346182	73	2
19	346182	74	3
19	346182	75	2
19	346182	76	2.5
vector 20  abilene_network.client[9]  hdistance[9]  ETV
20	346182	1	0
20	346182	2	0.021505376344086
20	346182	3	0.0625
20	346182	4	0.23809523809524
20	346182	5	0.3030303030303
20	346182	6	0.28947368421053
20	346182	7	0.2258064516129
20	346182	8	0.47826086956522
20	346182	9	0.64705882352941
20	346182	10	0.8125
20	346182	11	0.46666666666667
20	346182	12	0.6
20	346182	13	0.88888888888889
20	346182	14	0.75
20	346182	15	0.4
20	346182	16	0.83333333333333
20	346182	17	0.78571428571429
20	346182	18	0.71428571428571
20	346182	19	1.2
20	346182	20	1.3333333333333
20	346182	21	1
20	346182	22	0.2
20	346182	23	0.9375
20	346182	24	1.3333333333333
20	346182	25	0.875
20	346182	26	1.375
20	346182	27	0.81818181818182
20	346182	28	3
20	346182	29	1.6
20	346182	30	2.4
20	346182	31	1.6666666666667
20	346182	32	2
20	346182	33	1.2857142857143
20	346182	34	1.2
20	346182	35	1.1666666666667
20	346182	36	1.1428571428571
20	346182	37	2.8
20	346182	38	2.6
20	346182	39	1.6666666666667
20	346182	40	2.4
20	346182	41	1.75
20	346182	42	1
20	346182	43	0.5
20	346182	44	1.6666666666667
20	346182	45	1.75
20	346182	46	3.2
20	346182	47	1.375
20	346182	48	1.75
20	346182	49	1.8333333333333
20	346182	50	1.5
20	346182	51	1
20	346182	52	1.6
20	346182	53	2.5
20	346182	54	0
20	346182	55	5
20	346182	56	4
20	346182	57	2.5
20	346182	58	1.5
20	346182	59	2.2
20	346182	60	1.25
20	346182	61	0
20	346182	62	2
20	346182	63	1.6666666666667
20	346182	64	2.25
20	346182	65	2
20	346182	66	1.5
20	346182	67	3
20	346182	68	0.16666666666667
20	346182	69	3
20	346182	70	2
20	346182	71	0
20	346182	72	2.5
20	346182	73	0.5
20	346182	74	4
20	346182	75	4
20	346182	76	4.6666666666667
vector 21  abilene_network.client[10]  hdistance[10]  ETV
21	346182	1	0.0053475935828877
21	346182	2	0.0098039215686274
21	346182	3	0.11320754716981
21	346182	4	0.16666666666667
21	346182	5	0.17647058823529
21	346182	6	0.09375
21	346182	7	0.33333333333333
21	346182	8	0.26086956521739
21	346182	9	0.35294117647059
21	346182	10	0.46666666666667
21	346182	11	0.26315789473684
21	346182	12	0.46153846153846
21	346182	13	0.66666666666667
21	346182	14	1
21	346182	15	0.61538461538462
21	346182	16	0.41666666666667
21	346182	17	0.46153846153846
21	346182	18	0.9
21	346182	19	1.3333333333333
21	346182	20	1.2857142857143
21	346182	21	2.4
21	346182	22	1.1428571428571
21	346182	23	1.6
21	346182	24	1.4285714285714
21	346182	25	1
21	346182	26	0.14285714285714
21	346182	27	1.5
21	346182	28	1.2857142857143
21	346182	29	0.375
21	346182	30	1
21	346182	31	0.83333333333333
21	346182	32	1
21	346182	33	0.66666666666667
21	346182	34	2
21	346182	35	1.4
21	346182	36	0.6
21	346182	37	3.6
21	346182	38	1
21	346182	39	5
21	346182	40	0.8
21	346182	41	0.66666666666667
21	346182	42	2.6
21	346182	43	0
21	346182	44	2.4285714285714
21	346182	45	2
21	346182	46	1
21	346182	47	1
21	346182	48	0.75
21	346182	49	2.1428571428571
21	346182	50	1
21	346182	51	1.5
21	346182	52	0.5
21	346182	53	4.5
21	346182	54	0.8
21	346182	55	3.5
21	346182	56	0
21	346182	57	2.2
21	346182	58	1.2
21	346182	59	1.5
21	346182	60	0
21	346182	61	4.75
21	346182	62	2.4
21	346182	63	1.6666666666667
21	346182	64	0
21	346182	65	3
21	346182	66	0.5
21	346182	67	1.3333333333333
21	346182	68	1.25
21	346182	69	0
21	346182	70	0
21	346182	71	0.8
21	346182	72	3
21	346182	73	0.5
21	346182	74	4
21	346182	75	3.8
21	346182	76	3
