version 2
run General-1-20140408-17:14:59-22544
attr D fix0.2
attr F spr
attr R lru
attr a 0.8
attr configname General
attr csize 2
attr datetime 20140408-17:14:59
attr experiment General
attr inifile omnetpp.ini
attr iterationvars "$net=simple_scenario, $rep=0, $a=0.8, $F=spr, $ttl=1000, $D=fix0.2, $R=lru, $csize=2"
attr iterationvars2 "$net=simple_scenario, $rep=0, $a=0.8, $F=spr, $ttl=1000, $D=fix0.2, $R=lru, $csize=2, $repetition=0"
attr measurement "$net=simple_scenario, $rep=0, $a=0.8, $F=spr, $ttl=1000, $D=fix0.2, $R=lru, $csize=2"
attr net simple_scenario
attr network networks.${net=simple_scenario}_network
attr processid 22544
attr rep 0
attr repetition 0
attr replication #0
attr resultdir results
attr runnumber 1
attr seedset 0
attr ttl 1000

vector 6  simple_scenario_network.node[0].content_store  hit_node[0]  ETV
6	44009	1	0
6	44009	2	0
6	44009	3	0
6	44009	4	0
6	44009	5	0
6	44009	6	0.33333333333333
6	44009	7	-nan
6	44009	8	-nan
6	44009	9	0
6	44009	10	-nan
6	44009	11	0
6	44009	12	-nan
6	44009	13	0
6	44009	14	0
6	44009	15	0
6	44009	16	-nan
6	44009	17	0
6	44009	18	-nan
6	44009	19	-nan
6	44009	20	-nan
6	44009	21	0
6	44009	22	-nan
6	44009	23	0
6	44009	24	0
6	44009	25	-nan
6	44009	26	-nan
6	44009	27	-nan
6	44009	28	-nan
6	44009	29	-nan
6	44009	30	-nan
6	44009	31	-nan
6	44009	32	-nan
6	44009	33	-nan
6	44009	34	-nan
6	44009	35	0
6	44009	36	-nan
6	44009	37	-nan
6	44009	38	-nan
6	44009	39	0
6	44009	40	-nan
6	44009	41	-nan
6	44009	42	0
6	44009	43	-nan
6	44009	44	0
6	44009	45	-nan
6	44009	46	0
6	44009	47	-nan
6	44009	48	-nan
6	44009	49	-nan
6	44009	50	-nan
6	44009	51	-nan
6	44009	52	0
6	44009	53	0
6	44009	54	-nan
6	44009	55	-nan
6	44009	56	-nan
6	44009	57	-nan
6	44009	58	0
6	44009	59	-nan
6	44009	60	0
6	44009	61	-nan
6	44009	62	-nan
6	44009	63	-nan
6	44009	64	-nan
6	44009	65	-nan
6	44009	66	-nan
6	44009	67	-nan
6	44009	68	-nan
6	44009	69	-nan
6	44009	70	0
6	44009	71	-nan
6	44009	72	-nan
6	44009	73	-nan
6	44009	74	0
6	44009	75	-nan
6	44009	76	-nan
6	44009	77	-nan
6	44009	78	-nan
6	44009	79	-nan
6	44009	80	-nan
6	44009	81	-nan
6	44009	82	0
6	44009	83	0
6	44009	84	-nan
6	44009	85	-nan
6	44009	86	-nan
6	44009	87	-nan
6	44009	88	0
6	44009	89	-nan
6	44009	90	-nan
6	44009	91	-nan
6	44009	92	-nan
6	44009	93	-nan
6	44009	94	-nan
6	44009	95	0
6	44009	96	-nan
6	44009	97	-nan
6	44009	98	-nan
6	44009	99	-nan
6	44009	100	-nan
6	44009	101	-nan
6	44009	102	-nan
6	44009	103	-nan
6	44009	104	-nan
6	44009	105	-nan
6	44009	106	-nan
6	44009	107	-nan
6	44009	108	-nan
6	44009	109	-nan
6	44009	110	-nan
6	44009	111	-nan
6	44009	112	-nan
6	44009	113	-nan
6	44009	114	0
6	44009	115	-nan
6	44009	116	-nan
6	44009	117	-nan
6	44009	118	-nan
6	44009	119	-nan
6	44009	120	0
6	44009	121	-nan
6	44009	122	-nan
6	44009	123	-nan
6	44009	124	-nan
6	44009	125	0
6	44009	126	-nan
6	44009	127	-nan
6	44009	128	-nan
6	44009	129	-nan
6	44009	130	-nan
6	44009	131	-nan
6	44009	132	-nan
6	44009	133	-nan
6	44009	134	-nan
6	44009	135	-nan
6	44009	136	-nan
6	44009	137	-nan
6	44009	138	-nan
6	44009	139	-nan
6	44009	140	-nan
6	44009	141	-nan
6	44009	142	-nan
6	44009	143	-nan
6	44009	144	-nan
6	44009	145	-nan
6	44009	146	-nan
6	44009	147	-nan
6	44009	148	-nan
6	44009	149	-nan
6	44009	150	-nan
6	44009	151	-nan
6	44009	152	-nan
6	44009	153	-nan
6	44009	154	0
6	44009	155	-nan
6	44009	156	-nan
6	44009	157	-nan
6	44009	158	-nan
6	44009	159	-nan
6	44009	160	-nan
6	44009	161	-nan
6	44009	162	-nan
6	44009	163	-nan
6	44009	164	-nan
6	44009	165	-nan
6	44009	166	-nan
6	44009	167	-nan
6	44009	168	-nan
6	44009	169	-nan
6	44009	170	-nan
6	44009	171	-nan
6	44009	172	-nan
6	44009	173	-nan
6	44009	174	-nan
6	44009	175	-nan
6	44009	176	-nan
6	44009	177	-nan
6	44009	178	-nan
6	44009	179	-nan
6	44009	180	-nan
6	44009	181	-nan
6	44009	182	-nan
6	44009	183	-nan
6	44009	184	-nan
6	44009	185	-nan
6	44009	186	-nan
6	44009	187	-nan
6	44009	188	-nan
6	44009	189	-nan
6	44009	190	-nan
6	44009	191	-nan
6	44009	192	-nan
6	44009	193	-nan
6	44009	194	-nan
6	44009	195	-nan
6	44009	196	-nan
6	44009	197	-nan
6	44009	198	0
6	44009	199	-nan
6	44009	200	-nan
6	44009	201	0
6	44009	202	-nan
6	44009	203	-nan
6	44009	204	-nan
6	44009	205	-nan
6	44009	206	-nan
6	44009	207	-nan
6	44009	208	-nan
6	44009	209	-nan
6	44009	210	-nan
6	44009	211	-nan
6	44009	212	-nan
6	44009	213	-nan
6	44009	214	0
6	44009	215	-nan
6	44009	216	0
6	44009	217	-nan
6	44009	218	-nan
6	44009	219	-nan
6	44009	220	-nan
6	44009	221	-nan
6	44009	222	-nan
6	44009	223	-nan
6	44009	224	-nan
6	44009	225	-nan
6	44009	226	-nan
6	44009	227	0
6	44009	228	-nan
6	44009	229	-nan
6	44009	230	-nan
6	44009	231	-nan
6	44009	232	-nan
6	44009	233	-nan
6	44009	234	-nan
6	44009	235	-nan
6	44009	236	-nan
6	44009	237	-nan
6	44009	238	-nan
6	44009	239	-nan
6	44009	240	-nan
6	44009	241	-nan
6	44009	242	-nan
6	44009	243	-nan
6	44009	244	-nan
6	44009	245	-nan
6	44009	246	-nan
6	44009	247	-nan
6	44009	248	-nan
6	44009	249	-nan
6	44009	250	-nan
6	44009	251	-nan
6	44009	252	-nan
6	44009	253	-nan
6	44009	254	-nan
6	44009	255	-nan
6	44009	256	-nan
6	44009	257	-nan
6	44009	258	-nan
6	44009	259	-nan
6	44009	260	-nan
6	44009	261	-nan
6	44009	262	-nan
6	44009	263	-nan
6	44009	264	-nan
6	44009	265	-nan
6	44009	266	-nan
6	44009	267	-nan
6	44009	268	-nan
6	44009	269	-nan
6	44009	270	-nan
6	44009	271	-nan
6	44009	272	-nan
6	44009	273	-nan
6	44009	274	-nan
6	44009	275	-nan
6	44009	276	-nan
6	44009	277	-nan
6	44009	278	-nan
6	44009	279	-nan
6	44009	280	-nan
6	44009	281	-nan
6	44009	282	-nan
6	44009	283	-nan
6	44009	284	-nan
6	44009	285	0
6	44009	286	-nan
6	44009	287	-nan
6	44009	288	-nan
6	44009	289	-nan
6	44009	290	-nan
6	44009	291	-nan
6	44009	292	-nan
6	44009	293	-nan
6	44009	294	-nan
6	44009	295	-nan
6	44009	296	-nan
6	44009	297	-nan
6	44009	298	-nan
6	44009	299	-nan
6	44009	300	-nan
6	44009	301	-nan
6	44009	302	-nan
6	44009	303	-nan
6	44009	304	-nan
6	44009	305	-nan
6	44009	306	-nan
6	44009	307	0
6	44009	308	-nan
6	44009	309	-nan
6	44009	310	-nan
6	44009	311	-nan
6	44009	312	-nan
6	44009	313	-nan
6	44009	314	-nan
6	44009	315	-nan
6	44009	316	-nan
6	44009	317	-nan
6	44009	318	-nan
6	44009	319	-nan
6	44009	320	-nan
6	44009	321	-nan
6	44009	322	-nan
6	44009	323	-nan
6	44009	324	-nan
6	44009	325	-nan
6	44009	326	-nan
6	44009	327	-nan
6	44009	328	0
6	44009	329	-nan
6	44009	330	-nan
6	44009	331	-nan
6	44009	332	-nan
6	44009	333	-nan
6	44009	334	-nan
6	44009	335	-nan
6	44009	336	-nan
6	44009	337	-nan
6	44009	338	-nan
6	44009	339	-nan
6	44009	340	-nan
6	44009	341	-nan
6	44009	342	-nan
6	44009	343	-nan
6	44009	344	-nan
6	44009	345	-nan
6	44009	346	-nan
6	44009	347	-nan
6	44009	348	-nan
6	44009	349	-nan
6	44009	350	-nan
6	44009	351	-nan
6	44009	352	-nan
6	44009	353	-nan
6	44009	354	-nan
6	44009	355	-nan
6	44009	356	-nan
6	44009	357	-nan
6	44009	358	-nan
6	44009	359	-nan
6	44009	360	-nan
6	44009	361	-nan
6	44009	362	-nan
6	44009	363	-nan
6	44009	364	-nan
6	44009	365	-nan
6	44009	366	-nan
6	44009	367	-nan
6	44009	368	-nan
6	44009	369	-nan
6	44009	370	-nan
6	44009	371	-nan
6	44009	372	-nan
6	44009	373	-nan
6	44009	374	0
6	44009	375	-nan
6	44009	376	-nan
6	44009	377	-nan
6	44009	378	-nan
6	44009	379	-nan
6	44009	380	-nan
6	44009	381	-nan
6	44009	382	-nan
6	44009	383	-nan
6	44009	384	-nan
6	44009	385	-nan
6	44009	386	-nan
6	44009	387	-nan
6	44009	388	-nan
6	44009	389	-nan
6	44009	390	-nan
6	44009	391	-nan
6	44009	392	-nan
6	44009	393	-nan
6	44009	394	0
6	44009	395	-nan
6	44009	396	-nan
6	44009	397	-nan
6	44009	398	-nan
6	44009	399	-nan
6	44009	400	-nan
6	44009	401	-nan
6	44009	402	-nan
6	44009	403	-nan
6	44009	404	-nan
6	44009	405	-nan
6	44009	406	-nan
6	44009	407	-nan
6	44009	408	-nan
6	44009	409	-nan
6	44009	410	-nan
6	44009	411	-nan
6	44009	412	-nan
6	44009	413	-nan
6	44009	414	-nan
6	44009	415	-nan
6	44009	416	-nan
6	44009	417	-nan
6	44009	418	-nan
6	44009	419	-nan
6	44009	420	-nan
6	44009	421	-nan
6	44009	422	-nan
6	44009	423	-nan
6	44009	424	0
6	44009	425	-nan
6	44009	426	-nan
6	44009	427	-nan
6	44009	428	-nan
6	44009	429	-nan
6	44009	430	0
6	44009	431	-nan
6	44009	432	0
6	44009	433	-nan
6	44009	434	-nan
6	44009	435	-nan
6	44009	436	-nan
6	44009	437	-nan
6	44009	438	-nan
6	44009	439	-nan
6	44009	440	-nan
6	44009	441	-nan
6	44009	442	-nan
6	44009	443	-nan
6	44009	444	-nan
6	44009	445	-nan
6	44009	446	-nan
6	44009	447	-nan
6	44009	448	-nan
6	44009	449	-nan
6	44009	450	0
6	44009	451	-nan
6	44009	452	-nan
6	44009	453	-nan
6	44009	454	-nan
6	44009	455	-nan
6	44009	456	-nan
6	44009	457	-nan
6	44009	458	-nan
6	44009	459	-nan
6	44009	460	-nan
6	44009	461	-nan
6	44009	462	-nan
6	44009	463	-nan
6	44009	464	-nan
6	44009	465	-nan
6	44009	466	-nan
6	44009	467	-nan
6	44009	468	-nan
6	44009	469	-nan
6	44009	470	-nan
6	44009	471	-nan
6	44009	472	-nan
6	44009	473	-nan
6	44009	474	-nan
6	44009	475	-nan
6	44009	476	-nan
6	44009	477	-nan
6	44009	478	-nan
6	44009	479	-nan
6	44009	480	-nan
6	44009	481	-nan
6	44009	482	-nan
6	44009	483	-nan
6	44009	484	-nan
6	44009	485	-nan
6	44009	486	-nan
6	44009	487	-nan
6	44009	488	-nan
6	44009	489	-nan
6	44009	490	-nan
6	44009	491	-nan
6	44009	492	-nan
6	44009	493	-nan
6	44009	494	-nan
6	44009	495	-nan
6	44009	496	-nan
6	44009	497	-nan
6	44009	498	-nan
6	44009	499	-nan
6	44009	500	-nan
6	44009	501	0
6	44009	502	-nan
6	44009	503	-nan
6	44009	504	-nan
6	44009	505	-nan
6	44009	506	-nan
6	44009	507	0
6	44009	508	-nan
6	44009	509	-nan
6	44009	510	-nan
6	44009	511	-nan
6	44009	512	0
6	44009	513	-nan
6	44009	514	-nan
6	44009	515	-nan
6	44009	516	-nan
6	44009	517	-nan
6	44009	518	-nan
6	44009	519	-nan
6	44009	520	-nan
6	44009	521	-nan
6	44009	522	-nan
6	44009	523	-nan
6	44009	524	-nan
6	44009	525	-nan
6	44009	526	-nan
6	44009	527	-nan
6	44009	528	-nan
6	44009	529	-nan
6	44009	530	-nan
6	44009	531	-nan
6	44009	532	-nan
6	44009	533	-nan
6	44009	534	-nan
6	44009	535	-nan
6	44009	536	-nan
6	44009	537	-nan
6	44009	538	-nan
6	44009	539	-nan
6	44009	540	-nan
6	44009	541	-nan
6	44009	542	-nan
6	44009	543	-nan
6	44009	544	-nan
6	44009	545	-nan
6	44009	546	-nan
6	44009	547	-nan
6	44009	548	-nan
6	44009	549	-nan
6	44009	550	-nan
6	44009	551	-nan
6	44009	552	-nan
6	44009	553	-nan
6	44009	554	-nan
6	44009	555	-nan
6	44009	556	-nan
6	44009	557	-nan
6	44009	558	-nan
6	44009	559	-nan
6	44009	560	-nan
6	44009	561	-nan
6	44009	562	-nan
6	44009	563	0
6	44009	564	-nan
6	44009	565	-nan
6	44009	566	-nan
6	44009	567	-nan
6	44009	568	-nan
6	44009	569	-nan
6	44009	570	-nan
6	44009	571	-nan
6	44009	572	-nan
6	44009	573	-nan
6	44009	574	-nan
6	44009	575	-nan
6	44009	576	-nan
6	44009	577	-nan
6	44009	578	-nan
6	44009	579	-nan
6	44009	580	-nan
6	44009	581	-nan
6	44009	582	-nan
6	44009	583	0
6	44009	584	-nan
6	44009	585	-nan
6	44009	586	-nan
6	44009	587	-nan
6	44009	588	-nan
6	44009	589	-nan
6	44009	590	-nan
6	44009	591	-nan
6	44009	592	-nan
6	44009	593	-nan
6	44009	594	-nan
6	44009	595	-nan
6	44009	596	-nan
6	44009	597	-nan
6	44009	598	-nan
6	44009	599	-nan
6	44009	600	-nan
6	44009	601	-nan
6	44009	602	-nan
6	44009	603	-nan
6	44009	604	-nan
vector 7  simple_scenario_network.node[1].content_store  hit_node[1]  ETV
7	44009	1	0
7	44009	2	-nan
7	44009	3	-nan
7	44009	4	0
7	44009	5	-nan
7	44009	6	-nan
7	44009	7	-nan
7	44009	8	-nan
7	44009	9	-nan
7	44009	10	-nan
7	44009	11	-nan
7	44009	12	-nan
7	44009	13	0
7	44009	14	-nan
7	44009	15	0
7	44009	16	-nan
7	44009	17	0
7	44009	18	-nan
7	44009	19	-nan
7	44009	20	-nan
7	44009	21	0
7	44009	22	-nan
7	44009	23	-nan
7	44009	24	0
7	44009	25	-nan
7	44009	26	-nan
7	44009	27	-nan
7	44009	28	-nan
7	44009	29	-nan
7	44009	30	-nan
7	44009	31	-nan
7	44009	32	-nan
7	44009	33	-nan
7	44009	34	-nan
7	44009	35	-nan
7	44009	36	-nan
7	44009	37	-nan
7	44009	38	-nan
7	44009	39	-nan
7	44009	40	-nan
7	44009	41	-nan
7	44009	42	-nan
7	44009	43	-nan
7	44009	44	-nan
7	44009	45	-nan
7	44009	46	-nan
7	44009	47	-nan
7	44009	48	-nan
7	44009	49	-nan
7	44009	50	-nan
7	44009	51	-nan
7	44009	52	-nan
7	44009	53	-nan
7	44009	54	-nan
7	44009	55	-nan
7	44009	56	-nan
7	44009	57	-nan
7	44009	58	0
7	44009	59	-nan
7	44009	60	-nan
7	44009	61	-nan
7	44009	62	-nan
7	44009	63	-nan
7	44009	64	-nan
7	44009	65	-nan
7	44009	66	-nan
7	44009	67	-nan
7	44009	68	-nan
7	44009	69	-nan
7	44009	70	0
7	44009	71	-nan
7	44009	72	-nan
7	44009	73	-nan
7	44009	74	0
7	44009	75	-nan
7	44009	76	-nan
7	44009	77	-nan
7	44009	78	-nan
7	44009	79	-nan
7	44009	80	-nan
7	44009	81	-nan
7	44009	82	-nan
7	44009	83	0
7	44009	84	-nan
7	44009	85	-nan
7	44009	86	-nan
7	44009	87	-nan
7	44009	88	-nan
7	44009	89	-nan
7	44009	90	-nan
7	44009	91	-nan
7	44009	92	-nan
7	44009	93	-nan
7	44009	94	-nan
7	44009	95	-nan
7	44009	96	-nan
7	44009	97	-nan
7	44009	98	-nan
7	44009	99	-nan
7	44009	100	-nan
7	44009	101	-nan
7	44009	102	-nan
7	44009	103	-nan
7	44009	104	-nan
7	44009	105	-nan
7	44009	106	-nan
7	44009	107	-nan
7	44009	108	-nan
7	44009	109	-nan
7	44009	110	-nan
7	44009	111	-nan
7	44009	112	-nan
7	44009	113	-nan
7	44009	114	0
7	44009	115	-nan
7	44009	116	-nan
7	44009	117	-nan
7	44009	118	-nan
7	44009	119	-nan
7	44009	120	0
7	44009	121	-nan
7	44009	122	-nan
7	44009	123	-nan
7	44009	124	-nan
7	44009	125	-nan
7	44009	126	-nan
7	44009	127	-nan
7	44009	128	-nan
7	44009	129	-nan
7	44009	130	-nan
7	44009	131	-nan
7	44009	132	-nan
7	44009	133	-nan
7	44009	134	-nan
7	44009	135	-nan
7	44009	136	-nan
7	44009	137	-nan
7	44009	138	-nan
7	44009	139	-nan
7	44009	140	-nan
7	44009	141	-nan
7	44009	142	-nan
7	44009	143	-nan
7	44009	144	-nan
7	44009	145	-nan
7	44009	146	-nan
7	44009	147	-nan
7	44009	148	-nan
7	44009	149	-nan
7	44009	150	-nan
7	44009	151	-nan
7	44009	152	-nan
7	44009	153	-nan
7	44009	154	-nan
7	44009	155	-nan
7	44009	156	-nan
7	44009	157	-nan
7	44009	158	-nan
7	44009	159	-nan
7	44009	160	-nan
7	44009	161	-nan
7	44009	162	-nan
7	44009	163	-nan
7	44009	164	-nan
7	44009	165	-nan
7	44009	166	-nan
7	44009	167	-nan
7	44009	168	-nan
7	44009	169	-nan
7	44009	170	-nan
7	44009	171	-nan
7	44009	172	-nan
7	44009	173	-nan
7	44009	174	-nan
7	44009	175	-nan
7	44009	176	-nan
7	44009	177	-nan
7	44009	178	-nan
7	44009	179	-nan
7	44009	180	-nan
7	44009	181	-nan
7	44009	182	-nan
7	44009	183	-nan
7	44009	184	-nan
7	44009	185	-nan
7	44009	186	-nan
7	44009	187	-nan
7	44009	188	-nan
7	44009	189	-nan
7	44009	190	-nan
7	44009	191	-nan
7	44009	192	-nan
7	44009	193	-nan
7	44009	194	-nan
7	44009	195	-nan
7	44009	196	-nan
7	44009	197	-nan
7	44009	198	-nan
7	44009	199	-nan
7	44009	200	-nan
7	44009	201	-nan
7	44009	202	-nan
7	44009	203	-nan
7	44009	204	-nan
7	44009	205	-nan
7	44009	206	-nan
7	44009	207	-nan
7	44009	208	-nan
7	44009	209	-nan
7	44009	210	-nan
7	44009	211	-nan
7	44009	212	-nan
7	44009	213	-nan
7	44009	214	0
7	44009	215	-nan
7	44009	216	0
7	44009	217	-nan
7	44009	218	-nan
7	44009	219	-nan
7	44009	220	-nan
7	44009	221	-nan
7	44009	222	-nan
7	44009	223	-nan
7	44009	224	-nan
7	44009	225	-nan
7	44009	226	-nan
7	44009	227	0
7	44009	228	-nan
7	44009	229	-nan
7	44009	230	-nan
7	44009	231	-nan
7	44009	232	-nan
7	44009	233	-nan
7	44009	234	-nan
7	44009	235	-nan
7	44009	236	-nan
7	44009	237	-nan
7	44009	238	-nan
7	44009	239	-nan
7	44009	240	-nan
7	44009	241	-nan
7	44009	242	-nan
7	44009	243	-nan
7	44009	244	-nan
7	44009	245	-nan
7	44009	246	-nan
7	44009	247	-nan
7	44009	248	-nan
7	44009	249	-nan
7	44009	250	-nan
7	44009	251	-nan
7	44009	252	-nan
7	44009	253	-nan
7	44009	254	-nan
7	44009	255	-nan
7	44009	256	-nan
7	44009	257	-nan
7	44009	258	-nan
7	44009	259	-nan
7	44009	260	-nan
7	44009	261	-nan
7	44009	262	-nan
7	44009	263	-nan
7	44009	264	-nan
7	44009	265	-nan
7	44009	266	-nan
7	44009	267	-nan
7	44009	268	-nan
7	44009	269	-nan
7	44009	270	-nan
7	44009	271	-nan
7	44009	272	-nan
7	44009	273	-nan
7	44009	274	-nan
7	44009	275	-nan
7	44009	276	-nan
7	44009	277	-nan
7	44009	278	-nan
7	44009	279	-nan
7	44009	280	-nan
7	44009	281	-nan
7	44009	282	-nan
7	44009	283	-nan
7	44009	284	-nan
7	44009	285	0
7	44009	286	-nan
7	44009	287	-nan
7	44009	288	-nan
7	44009	289	-nan
7	44009	290	-nan
7	44009	291	-nan
7	44009	292	-nan
7	44009	293	-nan
7	44009	294	-nan
7	44009	295	-nan
7	44009	296	-nan
7	44009	297	-nan
7	44009	298	-nan
7	44009	299	-nan
7	44009	300	-nan
7	44009	301	-nan
7	44009	302	-nan
7	44009	303	-nan
7	44009	304	-nan
7	44009	305	-nan
7	44009	306	-nan
7	44009	307	-nan
7	44009	308	-nan
7	44009	309	-nan
7	44009	310	-nan
7	44009	311	-nan
7	44009	312	-nan
7	44009	313	-nan
7	44009	314	-nan
7	44009	315	-nan
7	44009	316	-nan
7	44009	317	-nan
7	44009	318	-nan
7	44009	319	-nan
7	44009	320	-nan
7	44009	321	-nan
7	44009	322	-nan
7	44009	323	-nan
7	44009	324	-nan
7	44009	325	-nan
7	44009	326	-nan
7	44009	327	-nan
7	44009	328	-nan
7	44009	329	-nan
7	44009	330	-nan
7	44009	331	-nan
7	44009	332	-nan
7	44009	333	-nan
7	44009	334	-nan
7	44009	335	-nan
7	44009	336	-nan
7	44009	337	-nan
7	44009	338	-nan
7	44009	339	-nan
7	44009	340	-nan
7	44009	341	-nan
7	44009	342	-nan
7	44009	343	-nan
7	44009	344	-nan
7	44009	345	-nan
7	44009	346	-nan
7	44009	347	-nan
7	44009	348	-nan
7	44009	349	-nan
7	44009	350	-nan
7	44009	351	-nan
7	44009	352	-nan
7	44009	353	-nan
7	44009	354	-nan
7	44009	355	-nan
7	44009	356	-nan
7	44009	357	-nan
7	44009	358	-nan
7	44009	359	-nan
7	44009	360	-nan
7	44009	361	-nan
7	44009	362	-nan
7	44009	363	-nan
7	44009	364	-nan
7	44009	365	-nan
7	44009	366	-nan
7	44009	367	-nan
7	44009	368	-nan
7	44009	369	-nan
7	44009	370	-nan
7	44009	371	-nan
7	44009	372	-nan
7	44009	373	-nan
7	44009	374	0
7	44009	375	-nan
7	44009	376	-nan
7	44009	377	-nan
7	44009	378	-nan
7	44009	379	-nan
7	44009	380	-nan
7	44009	381	-nan
7	44009	382	-nan
7	44009	383	-nan
7	44009	384	-nan
7	44009	385	-nan
7	44009	386	-nan
7	44009	387	-nan
7	44009	388	-nan
7	44009	389	-nan
7	44009	390	-nan
7	44009	391	-nan
7	44009	392	-nan
7	44009	393	-nan
7	44009	394	-nan
7	44009	395	-nan
7	44009	396	-nan
7	44009	397	-nan
7	44009	398	-nan
7	44009	399	-nan
7	44009	400	-nan
7	44009	401	-nan
7	44009	402	-nan
7	44009	403	-nan
7	44009	404	-nan
7	44009	405	-nan
7	44009	406	-nan
7	44009	407	-nan
7	44009	408	-nan
7	44009	409	-nan
7	44009	410	-nan
7	44009	411	-nan
7	44009	412	-nan
7	44009	413	-nan
7	44009	414	-nan
7	44009	415	-nan
7	44009	416	-nan
7	44009	417	-nan
7	44009	418	-nan
7	44009	419	-nan
7	44009	420	-nan
7	44009	421	-nan
7	44009	422	-nan
7	44009	423	-nan
7	44009	424	0
7	44009	425	-nan
7	44009	426	-nan
7	44009	427	-nan
7	44009	428	-nan
7	44009	429	-nan
7	44009	430	0
7	44009	431	-nan
7	44009	432	-nan
7	44009	433	-nan
7	44009	434	-nan
7	44009	435	-nan
7	44009	436	-nan
7	44009	437	-nan
7	44009	438	-nan
7	44009	439	-nan
7	44009	440	-nan
7	44009	441	-nan
7	44009	442	-nan
7	44009	443	-nan
7	44009	444	-nan
7	44009	445	-nan
7	44009	446	-nan
7	44009	447	-nan
7	44009	448	-nan
7	44009	449	-nan
7	44009	450	0
7	44009	451	-nan
7	44009	452	-nan
7	44009	453	-nan
7	44009	454	-nan
7	44009	455	-nan
7	44009	456	-nan
7	44009	457	-nan
7	44009	458	-nan
7	44009	459	-nan
7	44009	460	-nan
7	44009	461	-nan
7	44009	462	-nan
7	44009	463	-nan
7	44009	464	-nan
7	44009	465	-nan
7	44009	466	-nan
7	44009	467	-nan
7	44009	468	-nan
7	44009	469	-nan
7	44009	470	-nan
7	44009	471	-nan
7	44009	472	-nan
7	44009	473	-nan
7	44009	474	-nan
7	44009	475	-nan
7	44009	476	-nan
7	44009	477	-nan
7	44009	478	-nan
7	44009	479	-nan
7	44009	480	-nan
7	44009	481	-nan
7	44009	482	-nan
7	44009	483	-nan
7	44009	484	-nan
7	44009	485	-nan
7	44009	486	-nan
7	44009	487	-nan
7	44009	488	-nan
7	44009	489	-nan
7	44009	490	-nan
7	44009	491	-nan
7	44009	492	-nan
7	44009	493	-nan
7	44009	494	-nan
7	44009	495	-nan
7	44009	496	-nan
7	44009	497	-nan
7	44009	498	-nan
7	44009	499	-nan
7	44009	500	-nan
7	44009	501	-nan
7	44009	502	-nan
7	44009	503	-nan
7	44009	504	-nan
7	44009	505	-nan
7	44009	506	-nan
7	44009	507	-nan
7	44009	508	-nan
7	44009	509	-nan
7	44009	510	-nan
7	44009	511	-nan
7	44009	512	0
7	44009	513	-nan
7	44009	514	-nan
7	44009	515	-nan
7	44009	516	-nan
7	44009	517	-nan
7	44009	518	-nan
7	44009	519	-nan
7	44009	520	-nan
7	44009	521	-nan
7	44009	522	-nan
7	44009	523	-nan
7	44009	524	-nan
7	44009	525	-nan
7	44009	526	-nan
7	44009	527	-nan
7	44009	528	-nan
7	44009	529	-nan
7	44009	530	-nan
7	44009	531	-nan
7	44009	532	-nan
7	44009	533	-nan
7	44009	534	-nan
7	44009	535	-nan
7	44009	536	-nan
7	44009	537	-nan
7	44009	538	-nan
7	44009	539	-nan
7	44009	540	-nan
7	44009	541	-nan
7	44009	542	-nan
7	44009	543	-nan
7	44009	544	-nan
7	44009	545	-nan
7	44009	546	-nan
7	44009	547	-nan
7	44009	548	-nan
7	44009	549	-nan
7	44009	550	-nan
7	44009	551	-nan
7	44009	552	-nan
7	44009	553	-nan
7	44009	554	-nan
7	44009	555	-nan
7	44009	556	-nan
7	44009	557	-nan
7	44009	558	-nan
7	44009	559	-nan
7	44009	560	-nan
7	44009	561	-nan
7	44009	562	-nan
7	44009	563	-nan
7	44009	564	-nan
7	44009	565	-nan
7	44009	566	-nan
7	44009	567	-nan
7	44009	568	-nan
7	44009	569	-nan
7	44009	570	-nan
7	44009	571	-nan
7	44009	572	-nan
7	44009	573	-nan
7	44009	574	-nan
7	44009	575	-nan
7	44009	576	-nan
7	44009	577	-nan
7	44009	578	-nan
7	44009	579	-nan
7	44009	580	-nan
7	44009	581	-nan
7	44009	582	-nan
7	44009	583	0
7	44009	584	-nan
7	44009	585	-nan
7	44009	586	-nan
7	44009	587	-nan
7	44009	588	-nan
7	44009	589	-nan
7	44009	590	-nan
7	44009	591	-nan
7	44009	592	-nan
7	44009	593	-nan
7	44009	594	-nan
7	44009	595	-nan
7	44009	596	-nan
7	44009	597	-nan
7	44009	598	-nan
7	44009	599	-nan
7	44009	600	-nan
7	44009	601	-nan
7	44009	602	-nan
7	44009	603	-nan
7	44009	604	-nan
vector 8  simple_scenario_network.node[2].content_store  hit_node[2]  ETV
8	44009	1	-nan
8	44009	2	0
8	44009	3	0
8	44009	4	-nan
8	44009	5	0
8	44009	6	0
8	44009	7	-nan
8	44009	8	-nan
8	44009	9	0
8	44009	10	-nan
8	44009	11	0
8	44009	12	-nan
8	44009	13	-nan
8	44009	14	0
8	44009	15	-nan
8	44009	16	-nan
8	44009	17	-nan
8	44009	18	-nan
8	44009	19	-nan
8	44009	20	-nan
8	44009	21	-nan
8	44009	22	-nan
8	44009	23	0
8	44009	24	-nan
8	44009	25	-nan
8	44009	26	-nan
8	44009	27	-nan
8	44009	28	-nan
8	44009	29	-nan
8	44009	30	-nan
8	44009	31	-nan
8	44009	32	-nan
8	44009	33	-nan
8	44009	34	-nan
8	44009	35	0
8	44009	36	-nan
8	44009	37	-nan
8	44009	38	-nan
8	44009	39	0
8	44009	40	-nan
8	44009	41	-nan
8	44009	42	0
8	44009	43	-nan
8	44009	44	0
8	44009	45	-nan
8	44009	46	0
8	44009	47	-nan
8	44009	48	-nan
8	44009	49	-nan
8	44009	50	-nan
8	44009	51	-nan
8	44009	52	0
8	44009	53	0
8	44009	54	-nan
8	44009	55	-nan
8	44009	56	-nan
8	44009	57	-nan
8	44009	58	-nan
8	44009	59	-nan
8	44009	60	0
8	44009	61	-nan
8	44009	62	-nan
8	44009	63	-nan
8	44009	64	-nan
8	44009	65	-nan
8	44009	66	-nan
8	44009	67	-nan
8	44009	68	-nan
8	44009	69	-nan
8	44009	70	-nan
8	44009	71	-nan
8	44009	72	-nan
8	44009	73	-nan
8	44009	74	-nan
8	44009	75	-nan
8	44009	76	-nan
8	44009	77	-nan
8	44009	78	-nan
8	44009	79	-nan
8	44009	80	-nan
8	44009	81	-nan
8	44009	82	0
8	44009	83	-nan
8	44009	84	-nan
8	44009	85	-nan
8	44009	86	-nan
8	44009	87	-nan
8	44009	88	0
8	44009	89	-nan
8	44009	90	-nan
8	44009	91	-nan
8	44009	92	-nan
8	44009	93	-nan
8	44009	94	-nan
8	44009	95	0.5
8	44009	96	-nan
8	44009	97	-nan
8	44009	98	-nan
8	44009	99	-nan
8	44009	100	-nan
8	44009	101	-nan
8	44009	102	-nan
8	44009	103	-nan
8	44009	104	-nan
8	44009	105	-nan
8	44009	106	-nan
8	44009	107	-nan
8	44009	108	-nan
8	44009	109	-nan
8	44009	110	-nan
8	44009	111	-nan
8	44009	112	-nan
8	44009	113	-nan
8	44009	114	-nan
8	44009	115	-nan
8	44009	116	-nan
8	44009	117	-nan
8	44009	118	-nan
8	44009	119	-nan
8	44009	120	-nan
8	44009	121	-nan
8	44009	122	-nan
8	44009	123	-nan
8	44009	124	-nan
8	44009	125	0
8	44009	126	-nan
8	44009	127	-nan
8	44009	128	-nan
8	44009	129	-nan
8	44009	130	-nan
8	44009	131	-nan
8	44009	132	-nan
8	44009	133	-nan
8	44009	134	-nan
8	44009	135	-nan
8	44009	136	-nan
8	44009	137	-nan
8	44009	138	-nan
8	44009	139	-nan
8	44009	140	-nan
8	44009	141	-nan
8	44009	142	-nan
8	44009	143	-nan
8	44009	144	-nan
8	44009	145	-nan
8	44009	146	-nan
8	44009	147	-nan
8	44009	148	-nan
8	44009	149	-nan
8	44009	150	-nan
8	44009	151	-nan
8	44009	152	-nan
8	44009	153	-nan
8	44009	154	0
8	44009	155	-nan
8	44009	156	-nan
8	44009	157	-nan
8	44009	158	-nan
8	44009	159	-nan
8	44009	160	-nan
8	44009	161	-nan
8	44009	162	-nan
8	44009	163	-nan
8	44009	164	-nan
8	44009	165	-nan
8	44009	166	-nan
8	44009	167	-nan
8	44009	168	-nan
8	44009	169	-nan
8	44009	170	-nan
8	44009	171	-nan
8	44009	172	-nan
8	44009	173	-nan
8	44009	174	-nan
8	44009	175	-nan
8	44009	176	-nan
8	44009	177	-nan
8	44009	178	-nan
8	44009	179	-nan
8	44009	180	-nan
8	44009	181	-nan
8	44009	182	-nan
8	44009	183	-nan
8	44009	184	-nan
8	44009	185	-nan
8	44009	186	-nan
8	44009	187	-nan
8	44009	188	-nan
8	44009	189	-nan
8	44009	190	-nan
8	44009	191	-nan
8	44009	192	-nan
8	44009	193	-nan
8	44009	194	-nan
8	44009	195	-nan
8	44009	196	-nan
8	44009	197	-nan
8	44009	198	0
8	44009	199	-nan
8	44009	200	-nan
8	44009	201	0
8	44009	202	-nan
8	44009	203	-nan
8	44009	204	-nan
8	44009	205	-nan
8	44009	206	-nan
8	44009	207	-nan
8	44009	208	-nan
8	44009	209	-nan
8	44009	210	-nan
8	44009	211	-nan
8	44009	212	-nan
8	44009	213	-nan
8	44009	214	-nan
8	44009	215	-nan
8	44009	216	-nan
8	44009	217	-nan
8	44009	218	-nan
8	44009	219	-nan
8	44009	220	-nan
8	44009	221	-nan
8	44009	222	-nan
8	44009	223	-nan
8	44009	224	-nan
8	44009	225	-nan
8	44009	226	-nan
8	44009	227	-nan
8	44009	228	-nan
8	44009	229	-nan
8	44009	230	-nan
8	44009	231	-nan
8	44009	232	-nan
8	44009	233	-nan
8	44009	234	-nan
8	44009	235	-nan
8	44009	236	-nan
8	44009	237	-nan
8	44009	238	-nan
8	44009	239	-nan
8	44009	240	-nan
8	44009	241	-nan
8	44009	242	-nan
8	44009	243	-nan
8	44009	244	-nan
8	44009	245	-nan
8	44009	246	-nan
8	44009	247	-nan
8	44009	248	-nan
8	44009	249	-nan
8	44009	250	-nan
8	44009	251	-nan
8	44009	252	-nan
8	44009	253	-nan
8	44009	254	-nan
8	44009	255	-nan
8	44009	256	-nan
8	44009	257	-nan
8	44009	258	-nan
8	44009	259	-nan
8	44009	260	-nan
8	44009	261	-nan
8	44009	262	-nan
8	44009	263	-nan
8	44009	264	-nan
8	44009	265	-nan
8	44009	266	-nan
8	44009	267	-nan
8	44009	268	-nan
8	44009	269	-nan
8	44009	270	-nan
8	44009	271	-nan
8	44009	272	-nan
8	44009	273	-nan
8	44009	274	-nan
8	44009	275	-nan
8	44009	276	-nan
8	44009	277	-nan
8	44009	278	-nan
8	44009	279	-nan
8	44009	280	-nan
8	44009	281	-nan
8	44009	282	-nan
8	44009	283	-nan
8	44009	284	-nan
8	44009	285	-nan
8	44009	286	-nan
8	44009	287	-nan
8	44009	288	-nan
8	44009	289	-nan
8	44009	290	-nan
8	44009	291	-nan
8	44009	292	-nan
8	44009	293	-nan
8	44009	294	-nan
8	44009	295	-nan
8	44009	296	-nan
8	44009	297	-nan
8	44009	298	-nan
8	44009	299	-nan
8	44009	300	-nan
8	44009	301	-nan
8	44009	302	-nan
8	44009	303	-nan
8	44009	304	-nan
8	44009	305	-nan
8	44009	306	-nan
8	44009	307	0
8	44009	308	-nan
8	44009	309	-nan
8	44009	310	-nan
8	44009	311	-nan
8	44009	312	-nan
8	44009	313	-nan
8	44009	314	-nan
8	44009	315	-nan
8	44009	316	-nan
8	44009	317	-nan
8	44009	318	-nan
8	44009	319	-nan
8	44009	320	-nan
8	44009	321	-nan
8	44009	322	-nan
8	44009	323	-nan
8	44009	324	-nan
8	44009	325	-nan
8	44009	326	-nan
8	44009	327	-nan
8	44009	328	0
8	44009	329	-nan
8	44009	330	-nan
8	44009	331	-nan
8	44009	332	-nan
8	44009	333	-nan
8	44009	334	-nan
8	44009	335	-nan
8	44009	336	-nan
8	44009	337	-nan
8	44009	338	-nan
8	44009	339	-nan
8	44009	340	-nan
8	44009	341	-nan
8	44009	342	-nan
8	44009	343	-nan
8	44009	344	-nan
8	44009	345	-nan
8	44009	346	-nan
8	44009	347	-nan
8	44009	348	-nan
8	44009	349	-nan
8	44009	350	-nan
8	44009	351	-nan
8	44009	352	-nan
8	44009	353	-nan
8	44009	354	-nan
8	44009	355	-nan
8	44009	356	-nan
8	44009	357	-nan
8	44009	358	-nan
8	44009	359	-nan
8	44009	360	-nan
8	44009	361	-nan
8	44009	362	-nan
8	44009	363	-nan
8	44009	364	-nan
8	44009	365	-nan
8	44009	366	-nan
8	44009	367	-nan
8	44009	368	-nan
8	44009	369	-nan
8	44009	370	-nan
8	44009	371	-nan
8	44009	372	-nan
8	44009	373	-nan
8	44009	374	-nan
8	44009	375	-nan
8	44009	376	-nan
8	44009	377	-nan
8	44009	378	-nan
8	44009	379	-nan
8	44009	380	-nan
8	44009	381	-nan
8	44009	382	-nan
8	44009	383	-nan
8	44009	384	-nan
8	44009	385	-nan
8	44009	386	-nan
8	44009	387	-nan
8	44009	388	-nan
8	44009	389	-nan
8	44009	390	-nan
8	44009	391	-nan
8	44009	392	-nan
8	44009	393	-nan
8	44009	394	0
8	44009	395	-nan
8	44009	396	-nan
8	44009	397	-nan
8	44009	398	-nan
8	44009	399	-nan
8	44009	400	-nan
8	44009	401	-nan
8	44009	402	-nan
8	44009	403	-nan
8	44009	404	-nan
8	44009	405	-nan
8	44009	406	-nan
8	44009	407	-nan
8	44009	408	-nan
8	44009	409	-nan
8	44009	410	-nan
8	44009	411	-nan
8	44009	412	-nan
8	44009	413	-nan
8	44009	414	-nan
8	44009	415	-nan
8	44009	416	-nan
8	44009	417	-nan
8	44009	418	-nan
8	44009	419	-nan
8	44009	420	-nan
8	44009	421	-nan
8	44009	422	-nan
8	44009	423	-nan
8	44009	424	-nan
8	44009	425	-nan
8	44009	426	-nan
8	44009	427	-nan
8	44009	428	-nan
8	44009	429	-nan
8	44009	430	-nan
8	44009	431	-nan
8	44009	432	0
8	44009	433	-nan
8	44009	434	-nan
8	44009	435	-nan
8	44009	436	-nan
8	44009	437	-nan
8	44009	438	-nan
8	44009	439	-nan
8	44009	440	-nan
8	44009	441	-nan
8	44009	442	-nan
8	44009	443	-nan
8	44009	444	-nan
8	44009	445	-nan
8	44009	446	-nan
8	44009	447	-nan
8	44009	448	-nan
8	44009	449	-nan
8	44009	450	-nan
8	44009	451	-nan
8	44009	452	-nan
8	44009	453	-nan
8	44009	454	-nan
8	44009	455	-nan
8	44009	456	-nan
8	44009	457	-nan
8	44009	458	-nan
8	44009	459	-nan
8	44009	460	-nan
8	44009	461	-nan
8	44009	462	-nan
8	44009	463	-nan
8	44009	464	-nan
8	44009	465	-nan
8	44009	466	-nan
8	44009	467	-nan
8	44009	468	-nan
8	44009	469	-nan
8	44009	470	-nan
8	44009	471	-nan
8	44009	472	-nan
8	44009	473	-nan
8	44009	474	-nan
8	44009	475	-nan
8	44009	476	-nan
8	44009	477	-nan
8	44009	478	-nan
8	44009	479	-nan
8	44009	480	-nan
8	44009	481	-nan
8	44009	482	-nan
8	44009	483	-nan
8	44009	484	-nan
8	44009	485	-nan
8	44009	486	-nan
8	44009	487	-nan
8	44009	488	-nan
8	44009	489	-nan
8	44009	490	-nan
8	44009	491	-nan
8	44009	492	-nan
8	44009	493	-nan
8	44009	494	-nan
8	44009	495	-nan
8	44009	496	-nan
8	44009	497	-nan
8	44009	498	-nan
8	44009	499	-nan
8	44009	500	-nan
8	44009	501	0
8	44009	502	-nan
8	44009	503	-nan
8	44009	504	-nan
8	44009	505	-nan
8	44009	506	-nan
8	44009	507	0
8	44009	508	-nan
8	44009	509	-nan
8	44009	510	-nan
8	44009	511	-nan
8	44009	512	-nan
8	44009	513	-nan
8	44009	514	-nan
8	44009	515	-nan
8	44009	516	-nan
8	44009	517	-nan
8	44009	518	-nan
8	44009	519	-nan
8	44009	520	-nan
8	44009	521	-nan
8	44009	522	-nan
8	44009	523	-nan
8	44009	524	-nan
8	44009	525	-nan
8	44009	526	-nan
8	44009	527	-nan
8	44009	528	-nan
8	44009	529	-nan
8	44009	530	-nan
8	44009	531	-nan
8	44009	532	-nan
8	44009	533	-nan
8	44009	534	-nan
8	44009	535	-nan
8	44009	536	-nan
8	44009	537	-nan
8	44009	538	-nan
8	44009	539	-nan
8	44009	540	-nan
8	44009	541	-nan
8	44009	542	-nan
8	44009	543	-nan
8	44009	544	-nan
8	44009	545	-nan
8	44009	546	-nan
8	44009	547	-nan
8	44009	548	-nan
8	44009	549	-nan
8	44009	550	-nan
8	44009	551	-nan
8	44009	552	-nan
8	44009	553	-nan
8	44009	554	-nan
8	44009	555	-nan
8	44009	556	-nan
8	44009	557	-nan
8	44009	558	-nan
8	44009	559	-nan
8	44009	560	-nan
8	44009	561	-nan
8	44009	562	-nan
8	44009	563	0
8	44009	564	-nan
8	44009	565	-nan
8	44009	566	-nan
8	44009	567	-nan
8	44009	568	-nan
8	44009	569	-nan
8	44009	570	-nan
8	44009	571	-nan
8	44009	572	-nan
8	44009	573	-nan
8	44009	574	-nan
8	44009	575	-nan
8	44009	576	-nan
8	44009	577	-nan
8	44009	578	-nan
8	44009	579	-nan
8	44009	580	-nan
8	44009	581	-nan
8	44009	582	-nan
8	44009	583	-nan
8	44009	584	-nan
8	44009	585	-nan
8	44009	586	-nan
8	44009	587	-nan
8	44009	588	-nan
8	44009	589	-nan
8	44009	590	-nan
8	44009	591	-nan
8	44009	592	-nan
8	44009	593	-nan
8	44009	594	-nan
8	44009	595	-nan
8	44009	596	-nan
8	44009	597	-nan
8	44009	598	-nan
8	44009	599	-nan
8	44009	600	-nan
8	44009	601	-nan
8	44009	602	-nan
8	44009	603	-nan
8	44009	604	-nan
vector 9  simple_scenario_network.node[3].content_store  hit_node[3]  ETV
9	44009	1	0
9	44009	2	-nan
9	44009	3	-nan
9	44009	4	0
9	44009	5	-nan
9	44009	6	-nan
9	44009	7	-nan
9	44009	8	-nan
9	44009	9	-nan
9	44009	10	-nan
9	44009	11	-nan
9	44009	12	-nan
9	44009	13	0
9	44009	14	-nan
9	44009	15	0
9	44009	16	-nan
9	44009	17	0
9	44009	18	-nan
9	44009	19	-nan
9	44009	20	-nan
9	44009	21	0
9	44009	22	-nan
9	44009	23	-nan
9	44009	24	0
9	44009	25	-nan
9	44009	26	-nan
9	44009	27	-nan
9	44009	28	-nan
9	44009	29	-nan
9	44009	30	-nan
9	44009	31	-nan
9	44009	32	-nan
9	44009	33	-nan
9	44009	34	-nan
9	44009	35	-nan
9	44009	36	-nan
9	44009	37	-nan
9	44009	38	-nan
9	44009	39	-nan
9	44009	40	-nan
9	44009	41	-nan
9	44009	42	-nan
9	44009	43	-nan
9	44009	44	-nan
9	44009	45	-nan
9	44009	46	-nan
9	44009	47	-nan
9	44009	48	-nan
9	44009	49	-nan
9	44009	50	-nan
9	44009	51	-nan
9	44009	52	-nan
9	44009	53	-nan
9	44009	54	-nan
9	44009	55	-nan
9	44009	56	-nan
9	44009	57	-nan
9	44009	58	0
9	44009	59	-nan
9	44009	60	-nan
9	44009	61	-nan
9	44009	62	-nan
9	44009	63	-nan
9	44009	64	-nan
9	44009	65	-nan
9	44009	66	-nan
9	44009	67	-nan
9	44009	68	-nan
9	44009	69	-nan
9	44009	70	0
9	44009	71	-nan
9	44009	72	-nan
9	44009	73	-nan
9	44009	74	0
9	44009	75	-nan
9	44009	76	-nan
9	44009	77	-nan
9	44009	78	-nan
9	44009	79	-nan
9	44009	80	-nan
9	44009	81	-nan
9	44009	82	-nan
9	44009	83	0
9	44009	84	-nan
9	44009	85	-nan
9	44009	86	-nan
9	44009	87	-nan
9	44009	88	-nan
9	44009	89	-nan
9	44009	90	-nan
9	44009	91	-nan
9	44009	92	-nan
9	44009	93	-nan
9	44009	94	-nan
9	44009	95	-nan
9	44009	96	-nan
9	44009	97	-nan
9	44009	98	-nan
9	44009	99	-nan
9	44009	100	-nan
9	44009	101	-nan
9	44009	102	-nan
9	44009	103	-nan
9	44009	104	-nan
9	44009	105	-nan
9	44009	106	-nan
9	44009	107	-nan
9	44009	108	-nan
9	44009	109	-nan
9	44009	110	-nan
9	44009	111	-nan
9	44009	112	-nan
9	44009	113	-nan
9	44009	114	0
9	44009	115	-nan
9	44009	116	-nan
9	44009	117	-nan
9	44009	118	-nan
9	44009	119	-nan
9	44009	120	0
9	44009	121	-nan
9	44009	122	-nan
9	44009	123	-nan
9	44009	124	-nan
9	44009	125	-nan
9	44009	126	-nan
9	44009	127	-nan
9	44009	128	-nan
9	44009	129	-nan
9	44009	130	-nan
9	44009	131	-nan
9	44009	132	-nan
9	44009	133	-nan
9	44009	134	-nan
9	44009	135	-nan
9	44009	136	-nan
9	44009	137	-nan
9	44009	138	-nan
9	44009	139	-nan
9	44009	140	-nan
9	44009	141	-nan
9	44009	142	-nan
9	44009	143	-nan
9	44009	144	-nan
9	44009	145	-nan
9	44009	146	-nan
9	44009	147	-nan
9	44009	148	-nan
9	44009	149	-nan
9	44009	150	-nan
9	44009	151	-nan
9	44009	152	-nan
9	44009	153	-nan
9	44009	154	-nan
9	44009	155	-nan
9	44009	156	-nan
9	44009	157	-nan
9	44009	158	-nan
9	44009	159	-nan
9	44009	160	-nan
9	44009	161	-nan
9	44009	162	-nan
9	44009	163	-nan
9	44009	164	-nan
9	44009	165	-nan
9	44009	166	-nan
9	44009	167	-nan
9	44009	168	-nan
9	44009	169	-nan
9	44009	170	-nan
9	44009	171	-nan
9	44009	172	-nan
9	44009	173	-nan
9	44009	174	-nan
9	44009	175	-nan
9	44009	176	-nan
9	44009	177	-nan
9	44009	178	-nan
9	44009	179	-nan
9	44009	180	-nan
9	44009	181	-nan
9	44009	182	-nan
9	44009	183	-nan
9	44009	184	-nan
9	44009	185	-nan
9	44009	186	-nan
9	44009	187	-nan
9	44009	188	-nan
9	44009	189	-nan
9	44009	190	-nan
9	44009	191	-nan
9	44009	192	-nan
9	44009	193	-nan
9	44009	194	-nan
9	44009	195	-nan
9	44009	196	-nan
9	44009	197	-nan
9	44009	198	-nan
9	44009	199	-nan
9	44009	200	-nan
9	44009	201	-nan
9	44009	202	-nan
9	44009	203	-nan
9	44009	204	-nan
9	44009	205	-nan
9	44009	206	-nan
9	44009	207	-nan
9	44009	208	-nan
9	44009	209	-nan
9	44009	210	-nan
9	44009	211	-nan
9	44009	212	-nan
9	44009	213	-nan
9	44009	214	0
9	44009	215	-nan
9	44009	216	0
9	44009	217	-nan
9	44009	218	-nan
9	44009	219	-nan
9	44009	220	-nan
9	44009	221	-nan
9	44009	222	-nan
9	44009	223	-nan
9	44009	224	-nan
9	44009	225	-nan
9	44009	226	-nan
9	44009	227	0
9	44009	228	-nan
9	44009	229	-nan
9	44009	230	-nan
9	44009	231	-nan
9	44009	232	-nan
9	44009	233	-nan
9	44009	234	-nan
9	44009	235	-nan
9	44009	236	-nan
9	44009	237	-nan
9	44009	238	-nan
9	44009	239	-nan
9	44009	240	-nan
9	44009	241	-nan
9	44009	242	-nan
9	44009	243	-nan
9	44009	244	-nan
9	44009	245	-nan
9	44009	246	-nan
9	44009	247	-nan
9	44009	248	-nan
9	44009	249	-nan
9	44009	250	-nan
9	44009	251	-nan
9	44009	252	-nan
9	44009	253	-nan
9	44009	254	-nan
9	44009	255	-nan
9	44009	256	-nan
9	44009	257	-nan
9	44009	258	-nan
9	44009	259	-nan
9	44009	260	-nan
9	44009	261	-nan
9	44009	262	-nan
9	44009	263	-nan
9	44009	264	-nan
9	44009	265	-nan
9	44009	266	-nan
9	44009	267	-nan
9	44009	268	-nan
9	44009	269	-nan
9	44009	270	-nan
9	44009	271	-nan
9	44009	272	-nan
9	44009	273	-nan
9	44009	274	-nan
9	44009	275	-nan
9	44009	276	-nan
9	44009	277	-nan
9	44009	278	-nan
9	44009	279	-nan
9	44009	280	-nan
9	44009	281	-nan
9	44009	282	-nan
9	44009	283	-nan
9	44009	284	-nan
9	44009	285	0
9	44009	286	-nan
9	44009	287	-nan
9	44009	288	-nan
9	44009	289	-nan
9	44009	290	-nan
9	44009	291	-nan
9	44009	292	-nan
9	44009	293	-nan
9	44009	294	-nan
9	44009	295	-nan
9	44009	296	-nan
9	44009	297	-nan
9	44009	298	-nan
9	44009	299	-nan
9	44009	300	-nan
9	44009	301	-nan
9	44009	302	-nan
9	44009	303	-nan
9	44009	304	-nan
9	44009	305	-nan
9	44009	306	-nan
9	44009	307	-nan
9	44009	308	-nan
9	44009	309	-nan
9	44009	310	-nan
9	44009	311	-nan
9	44009	312	-nan
9	44009	313	-nan
9	44009	314	-nan
9	44009	315	-nan
9	44009	316	-nan
9	44009	317	-nan
9	44009	318	-nan
9	44009	319	-nan
9	44009	320	-nan
9	44009	321	-nan
9	44009	322	-nan
9	44009	323	-nan
9	44009	324	-nan
9	44009	325	-nan
9	44009	326	-nan
9	44009	327	-nan
9	44009	328	-nan
9	44009	329	-nan
9	44009	330	-nan
9	44009	331	-nan
9	44009	332	-nan
9	44009	333	-nan
9	44009	334	-nan
9	44009	335	-nan
9	44009	336	-nan
9	44009	337	-nan
9	44009	338	-nan
9	44009	339	-nan
9	44009	340	-nan
9	44009	341	-nan
9	44009	342	-nan
9	44009	343	-nan
9	44009	344	-nan
9	44009	345	-nan
9	44009	346	-nan
9	44009	347	-nan
9	44009	348	-nan
9	44009	349	-nan
9	44009	350	-nan
9	44009	351	-nan
9	44009	352	-nan
9	44009	353	-nan
9	44009	354	-nan
9	44009	355	-nan
9	44009	356	-nan
9	44009	357	-nan
9	44009	358	-nan
9	44009	359	-nan
9	44009	360	-nan
9	44009	361	-nan
9	44009	362	-nan
9	44009	363	-nan
9	44009	364	-nan
9	44009	365	-nan
9	44009	366	-nan
9	44009	367	-nan
9	44009	368	-nan
9	44009	369	-nan
9	44009	370	-nan
9	44009	371	-nan
9	44009	372	-nan
9	44009	373	-nan
9	44009	374	0
9	44009	375	-nan
9	44009	376	-nan
9	44009	377	-nan
9	44009	378	-nan
9	44009	379	-nan
9	44009	380	-nan
9	44009	381	-nan
9	44009	382	-nan
9	44009	383	-nan
9	44009	384	-nan
9	44009	385	-nan
9	44009	386	-nan
9	44009	387	-nan
9	44009	388	-nan
9	44009	389	-nan
9	44009	390	-nan
9	44009	391	-nan
9	44009	392	-nan
9	44009	393	-nan
9	44009	394	-nan
9	44009	395	-nan
9	44009	396	-nan
9	44009	397	-nan
9	44009	398	-nan
9	44009	399	-nan
9	44009	400	-nan
9	44009	401	-nan
9	44009	402	-nan
9	44009	403	-nan
9	44009	404	-nan
9	44009	405	-nan
9	44009	406	-nan
9	44009	407	-nan
9	44009	408	-nan
9	44009	409	-nan
9	44009	410	-nan
9	44009	411	-nan
9	44009	412	-nan
9	44009	413	-nan
9	44009	414	-nan
9	44009	415	-nan
9	44009	416	-nan
9	44009	417	-nan
9	44009	418	-nan
9	44009	419	-nan
9	44009	420	-nan
9	44009	421	-nan
9	44009	422	-nan
9	44009	423	-nan
9	44009	424	0
9	44009	425	-nan
9	44009	426	-nan
9	44009	427	-nan
9	44009	428	-nan
9	44009	429	-nan
9	44009	430	0
9	44009	431	-nan
9	44009	432	-nan
9	44009	433	-nan
9	44009	434	-nan
9	44009	435	-nan
9	44009	436	-nan
9	44009	437	-nan
9	44009	438	-nan
9	44009	439	-nan
9	44009	440	-nan
9	44009	441	-nan
9	44009	442	-nan
9	44009	443	-nan
9	44009	444	-nan
9	44009	445	-nan
9	44009	446	-nan
9	44009	447	-nan
9	44009	448	-nan
9	44009	449	-nan
9	44009	450	0
9	44009	451	-nan
9	44009	452	-nan
9	44009	453	-nan
9	44009	454	-nan
9	44009	455	-nan
9	44009	456	-nan
9	44009	457	-nan
9	44009	458	-nan
9	44009	459	-nan
9	44009	460	-nan
9	44009	461	-nan
9	44009	462	-nan
9	44009	463	-nan
9	44009	464	-nan
9	44009	465	-nan
9	44009	466	-nan
9	44009	467	-nan
9	44009	468	-nan
9	44009	469	-nan
9	44009	470	-nan
9	44009	471	-nan
9	44009	472	-nan
9	44009	473	-nan
9	44009	474	-nan
9	44009	475	-nan
9	44009	476	-nan
9	44009	477	-nan
9	44009	478	-nan
9	44009	479	-nan
9	44009	480	-nan
9	44009	481	-nan
9	44009	482	-nan
9	44009	483	-nan
9	44009	484	-nan
9	44009	485	-nan
9	44009	486	-nan
9	44009	487	-nan
9	44009	488	-nan
9	44009	489	-nan
9	44009	490	-nan
9	44009	491	-nan
9	44009	492	-nan
9	44009	493	-nan
9	44009	494	-nan
9	44009	495	-nan
9	44009	496	-nan
9	44009	497	-nan
9	44009	498	-nan
9	44009	499	-nan
9	44009	500	-nan
9	44009	501	-nan
9	44009	502	-nan
9	44009	503	-nan
9	44009	504	-nan
9	44009	505	-nan
9	44009	506	-nan
9	44009	507	-nan
9	44009	508	-nan
9	44009	509	-nan
9	44009	510	-nan
9	44009	511	-nan
9	44009	512	0
9	44009	513	-nan
9	44009	514	-nan
9	44009	515	-nan
9	44009	516	-nan
9	44009	517	-nan
9	44009	518	-nan
9	44009	519	-nan
9	44009	520	-nan
9	44009	521	-nan
9	44009	522	-nan
9	44009	523	-nan
9	44009	524	-nan
9	44009	525	-nan
9	44009	526	-nan
9	44009	527	-nan
9	44009	528	-nan
9	44009	529	-nan
9	44009	530	-nan
9	44009	531	-nan
9	44009	532	-nan
9	44009	533	-nan
9	44009	534	-nan
9	44009	535	-nan
9	44009	536	-nan
9	44009	537	-nan
9	44009	538	-nan
9	44009	539	-nan
9	44009	540	-nan
9	44009	541	-nan
9	44009	542	-nan
9	44009	543	-nan
9	44009	544	-nan
9	44009	545	-nan
9	44009	546	-nan
9	44009	547	-nan
9	44009	548	-nan
9	44009	549	-nan
9	44009	550	-nan
9	44009	551	-nan
9	44009	552	-nan
9	44009	553	-nan
9	44009	554	-nan
9	44009	555	-nan
9	44009	556	-nan
9	44009	557	-nan
9	44009	558	-nan
9	44009	559	-nan
9	44009	560	-nan
9	44009	561	-nan
9	44009	562	-nan
9	44009	563	-nan
9	44009	564	-nan
9	44009	565	-nan
9	44009	566	-nan
9	44009	567	-nan
9	44009	568	-nan
9	44009	569	-nan
9	44009	570	-nan
9	44009	571	-nan
9	44009	572	-nan
9	44009	573	-nan
9	44009	574	-nan
9	44009	575	-nan
9	44009	576	-nan
9	44009	577	-nan
9	44009	578	-nan
9	44009	579	-nan
9	44009	580	-nan
9	44009	581	-nan
9	44009	582	-nan
9	44009	583	0
9	44009	584	-nan
9	44009	585	-nan
9	44009	586	-nan
9	44009	587	-nan
9	44009	588	-nan
9	44009	589	-nan
9	44009	590	-nan
9	44009	591	-nan
9	44009	592	-nan
9	44009	593	-nan
9	44009	594	-nan
9	44009	595	-nan
9	44009	596	-nan
9	44009	597	-nan
9	44009	598	-nan
9	44009	599	-nan
9	44009	600	-nan
9	44009	601	-nan
9	44009	602	-nan
9	44009	603	-nan
9	44009	604	-nan
vector 10  simple_scenario_network.node[4].content_store  hit_node[4]  ETV
10	44009	1	-nan
10	44009	2	0
10	44009	3	0
10	44009	4	-nan
10	44009	5	0
10	44009	6	0
10	44009	7	-nan
10	44009	8	-nan
10	44009	9	0
10	44009	10	-nan
10	44009	11	0
10	44009	12	-nan
10	44009	13	-nan
10	44009	14	0
10	44009	15	-nan
10	44009	16	-nan
10	44009	17	-nan
10	44009	18	-nan
10	44009	19	-nan
10	44009	20	-nan
10	44009	21	-nan
10	44009	22	-nan
10	44009	23	0
10	44009	24	-nan
10	44009	25	-nan
10	44009	26	-nan
10	44009	27	-nan
10	44009	28	-nan
10	44009	29	-nan
10	44009	30	-nan
10	44009	31	-nan
10	44009	32	-nan
10	44009	33	-nan
10	44009	34	-nan
10	44009	35	0
10	44009	36	-nan
10	44009	37	-nan
10	44009	38	-nan
10	44009	39	0
10	44009	40	-nan
10	44009	41	-nan
10	44009	42	0
10	44009	43	-nan
10	44009	44	0
10	44009	45	-nan
10	44009	46	0
10	44009	47	-nan
10	44009	48	-nan
10	44009	49	-nan
10	44009	50	-nan
10	44009	51	-nan
10	44009	52	0
10	44009	53	0
10	44009	54	-nan
10	44009	55	-nan
10	44009	56	-nan
10	44009	57	-nan
10	44009	58	-nan
10	44009	59	-nan
10	44009	60	0
10	44009	61	-nan
10	44009	62	-nan
10	44009	63	-nan
10	44009	64	-nan
10	44009	65	-nan
10	44009	66	-nan
10	44009	67	-nan
10	44009	68	-nan
10	44009	69	-nan
10	44009	70	-nan
10	44009	71	-nan
10	44009	72	-nan
10	44009	73	-nan
10	44009	74	-nan
10	44009	75	-nan
10	44009	76	-nan
10	44009	77	-nan
10	44009	78	-nan
10	44009	79	-nan
10	44009	80	-nan
10	44009	81	-nan
10	44009	82	0
10	44009	83	-nan
10	44009	84	-nan
10	44009	85	-nan
10	44009	86	-nan
10	44009	87	-nan
10	44009	88	0
10	44009	89	-nan
10	44009	90	-nan
10	44009	91	-nan
10	44009	92	-nan
10	44009	93	-nan
10	44009	94	-nan
10	44009	95	0
10	44009	96	-nan
10	44009	97	-nan
10	44009	98	-nan
10	44009	99	-nan
10	44009	100	-nan
10	44009	101	-nan
10	44009	102	-nan
10	44009	103	-nan
10	44009	104	-nan
10	44009	105	-nan
10	44009	106	-nan
10	44009	107	-nan
10	44009	108	-nan
10	44009	109	-nan
10	44009	110	-nan
10	44009	111	-nan
10	44009	112	-nan
10	44009	113	-nan
10	44009	114	-nan
10	44009	115	-nan
10	44009	116	-nan
10	44009	117	-nan
10	44009	118	-nan
10	44009	119	-nan
10	44009	120	-nan
10	44009	121	-nan
10	44009	122	-nan
10	44009	123	-nan
10	44009	124	-nan
10	44009	125	0
10	44009	126	-nan
10	44009	127	-nan
10	44009	128	-nan
10	44009	129	-nan
10	44009	130	-nan
10	44009	131	-nan
10	44009	132	-nan
10	44009	133	-nan
10	44009	134	-nan
10	44009	135	-nan
10	44009	136	-nan
10	44009	137	-nan
10	44009	138	-nan
10	44009	139	-nan
10	44009	140	-nan
10	44009	141	-nan
10	44009	142	-nan
10	44009	143	-nan
10	44009	144	-nan
10	44009	145	-nan
10	44009	146	-nan
10	44009	147	-nan
10	44009	148	-nan
10	44009	149	-nan
10	44009	150	-nan
10	44009	151	-nan
10	44009	152	-nan
10	44009	153	-nan
10	44009	154	0
10	44009	155	-nan
10	44009	156	-nan
10	44009	157	-nan
10	44009	158	-nan
10	44009	159	-nan
10	44009	160	-nan
10	44009	161	-nan
10	44009	162	-nan
10	44009	163	-nan
10	44009	164	-nan
10	44009	165	-nan
10	44009	166	-nan
10	44009	167	-nan
10	44009	168	-nan
10	44009	169	-nan
10	44009	170	-nan
10	44009	171	-nan
10	44009	172	-nan
10	44009	173	-nan
10	44009	174	-nan
10	44009	175	-nan
10	44009	176	-nan
10	44009	177	-nan
10	44009	178	-nan
10	44009	179	-nan
10	44009	180	-nan
10	44009	181	-nan
10	44009	182	-nan
10	44009	183	-nan
10	44009	184	-nan
10	44009	185	-nan
10	44009	186	-nan
10	44009	187	-nan
10	44009	188	-nan
10	44009	189	-nan
10	44009	190	-nan
10	44009	191	-nan
10	44009	192	-nan
10	44009	193	-nan
10	44009	194	-nan
10	44009	195	-nan
10	44009	196	-nan
10	44009	197	-nan
10	44009	198	0
10	44009	199	-nan
10	44009	200	-nan
10	44009	201	0
10	44009	202	-nan
10	44009	203	-nan
10	44009	204	-nan
10	44009	205	-nan
10	44009	206	-nan
10	44009	207	-nan
10	44009	208	-nan
10	44009	209	-nan
10	44009	210	-nan
10	44009	211	-nan
10	44009	212	-nan
10	44009	213	-nan
10	44009	214	-nan
10	44009	215	-nan
10	44009	216	-nan
10	44009	217	-nan
10	44009	218	-nan
10	44009	219	-nan
10	44009	220	-nan
10	44009	221	-nan
10	44009	222	-nan
10	44009	223	-nan
10	44009	224	-nan
10	44009	225	-nan
10	44009	226	-nan
10	44009	227	-nan
10	44009	228	-nan
10	44009	229	-nan
10	44009	230	-nan
10	44009	231	-nan
10	44009	232	-nan
10	44009	233	-nan
10	44009	234	-nan
10	44009	235	-nan
10	44009	236	-nan
10	44009	237	-nan
10	44009	238	-nan
10	44009	239	-nan
10	44009	240	-nan
10	44009	241	-nan
10	44009	242	-nan
10	44009	243	-nan
10	44009	244	-nan
10	44009	245	-nan
10	44009	246	-nan
10	44009	247	-nan
10	44009	248	-nan
10	44009	249	-nan
10	44009	250	-nan
10	44009	251	-nan
10	44009	252	-nan
10	44009	253	-nan
10	44009	254	-nan
10	44009	255	-nan
10	44009	256	-nan
10	44009	257	-nan
10	44009	258	-nan
10	44009	259	-nan
10	44009	260	-nan
10	44009	261	-nan
10	44009	262	-nan
10	44009	263	-nan
10	44009	264	-nan
10	44009	265	-nan
10	44009	266	-nan
10	44009	267	-nan
10	44009	268	-nan
10	44009	269	-nan
10	44009	270	-nan
10	44009	271	-nan
10	44009	272	-nan
10	44009	273	-nan
10	44009	274	-nan
10	44009	275	-nan
10	44009	276	-nan
10	44009	277	-nan
10	44009	278	-nan
10	44009	279	-nan
10	44009	280	-nan
10	44009	281	-nan
10	44009	282	-nan
10	44009	283	-nan
10	44009	284	-nan
10	44009	285	-nan
10	44009	286	-nan
10	44009	287	-nan
10	44009	288	-nan
10	44009	289	-nan
10	44009	290	-nan
10	44009	291	-nan
10	44009	292	-nan
10	44009	293	-nan
10	44009	294	-nan
10	44009	295	-nan
10	44009	296	-nan
10	44009	297	-nan
10	44009	298	-nan
10	44009	299	-nan
10	44009	300	-nan
10	44009	301	-nan
10	44009	302	-nan
10	44009	303	-nan
10	44009	304	-nan
10	44009	305	-nan
10	44009	306	-nan
10	44009	307	0
10	44009	308	-nan
10	44009	309	-nan
10	44009	310	-nan
10	44009	311	-nan
10	44009	312	-nan
10	44009	313	-nan
10	44009	314	-nan
10	44009	315	-nan
10	44009	316	-nan
10	44009	317	-nan
10	44009	318	-nan
10	44009	319	-nan
10	44009	320	-nan
10	44009	321	-nan
10	44009	322	-nan
10	44009	323	-nan
10	44009	324	-nan
10	44009	325	-nan
10	44009	326	-nan
10	44009	327	-nan
10	44009	328	0
10	44009	329	-nan
10	44009	330	-nan
10	44009	331	-nan
10	44009	332	-nan
10	44009	333	-nan
10	44009	334	-nan
10	44009	335	-nan
10	44009	336	-nan
10	44009	337	-nan
10	44009	338	-nan
10	44009	339	-nan
10	44009	340	-nan
10	44009	341	-nan
10	44009	342	-nan
10	44009	343	-nan
10	44009	344	-nan
10	44009	345	-nan
10	44009	346	-nan
10	44009	347	-nan
10	44009	348	-nan
10	44009	349	-nan
10	44009	350	-nan
10	44009	351	-nan
10	44009	352	-nan
10	44009	353	-nan
10	44009	354	-nan
10	44009	355	-nan
10	44009	356	-nan
10	44009	357	-nan
10	44009	358	-nan
10	44009	359	-nan
10	44009	360	-nan
10	44009	361	-nan
10	44009	362	-nan
10	44009	363	-nan
10	44009	364	-nan
10	44009	365	-nan
10	44009	366	-nan
10	44009	367	-nan
10	44009	368	-nan
10	44009	369	-nan
10	44009	370	-nan
10	44009	371	-nan
10	44009	372	-nan
10	44009	373	-nan
10	44009	374	-nan
10	44009	375	-nan
10	44009	376	-nan
10	44009	377	-nan
10	44009	378	-nan
10	44009	379	-nan
10	44009	380	-nan
10	44009	381	-nan
10	44009	382	-nan
10	44009	383	-nan
10	44009	384	-nan
10	44009	385	-nan
10	44009	386	-nan
10	44009	387	-nan
10	44009	388	-nan
10	44009	389	-nan
10	44009	390	-nan
10	44009	391	-nan
10	44009	392	-nan
10	44009	393	-nan
10	44009	394	0
10	44009	395	-nan
10	44009	396	-nan
10	44009	397	-nan
10	44009	398	-nan
10	44009	399	-nan
10	44009	400	-nan
10	44009	401	-nan
10	44009	402	-nan
10	44009	403	-nan
10	44009	404	-nan
10	44009	405	-nan
10	44009	406	-nan
10	44009	407	-nan
10	44009	408	-nan
10	44009	409	-nan
10	44009	410	-nan
10	44009	411	-nan
10	44009	412	-nan
10	44009	413	-nan
10	44009	414	-nan
10	44009	415	-nan
10	44009	416	-nan
10	44009	417	-nan
10	44009	418	-nan
10	44009	419	-nan
10	44009	420	-nan
10	44009	421	-nan
10	44009	422	-nan
10	44009	423	-nan
10	44009	424	-nan
10	44009	425	-nan
10	44009	426	-nan
10	44009	427	-nan
10	44009	428	-nan
10	44009	429	-nan
10	44009	430	-nan
10	44009	431	-nan
10	44009	432	0
10	44009	433	-nan
10	44009	434	-nan
10	44009	435	-nan
10	44009	436	-nan
10	44009	437	-nan
10	44009	438	-nan
10	44009	439	-nan
10	44009	440	-nan
10	44009	441	-nan
10	44009	442	-nan
10	44009	443	-nan
10	44009	444	-nan
10	44009	445	-nan
10	44009	446	-nan
10	44009	447	-nan
10	44009	448	-nan
10	44009	449	-nan
10	44009	450	-nan
10	44009	451	-nan
10	44009	452	-nan
10	44009	453	-nan
10	44009	454	-nan
10	44009	455	-nan
10	44009	456	-nan
10	44009	457	-nan
10	44009	458	-nan
10	44009	459	-nan
10	44009	460	-nan
10	44009	461	-nan
10	44009	462	-nan
10	44009	463	-nan
10	44009	464	-nan
10	44009	465	-nan
10	44009	466	-nan
10	44009	467	-nan
10	44009	468	-nan
10	44009	469	-nan
10	44009	470	-nan
10	44009	471	-nan
10	44009	472	-nan
10	44009	473	-nan
10	44009	474	-nan
10	44009	475	-nan
10	44009	476	-nan
10	44009	477	-nan
10	44009	478	-nan
10	44009	479	-nan
10	44009	480	-nan
10	44009	481	-nan
10	44009	482	-nan
10	44009	483	-nan
10	44009	484	-nan
10	44009	485	-nan
10	44009	486	-nan
10	44009	487	-nan
10	44009	488	-nan
10	44009	489	-nan
10	44009	490	-nan
10	44009	491	-nan
10	44009	492	-nan
10	44009	493	-nan
10	44009	494	-nan
10	44009	495	-nan
10	44009	496	-nan
10	44009	497	-nan
10	44009	498	-nan
10	44009	499	-nan
10	44009	500	-nan
10	44009	501	0
10	44009	502	-nan
10	44009	503	-nan
10	44009	504	-nan
10	44009	505	-nan
10	44009	506	-nan
10	44009	507	0
10	44009	508	-nan
10	44009	509	-nan
10	44009	510	-nan
10	44009	511	-nan
10	44009	512	-nan
10	44009	513	-nan
10	44009	514	-nan
10	44009	515	-nan
10	44009	516	-nan
10	44009	517	-nan
10	44009	518	-nan
10	44009	519	-nan
10	44009	520	-nan
10	44009	521	-nan
10	44009	522	-nan
10	44009	523	-nan
10	44009	524	-nan
10	44009	525	-nan
10	44009	526	-nan
10	44009	527	-nan
10	44009	528	-nan
10	44009	529	-nan
10	44009	530	-nan
10	44009	531	-nan
10	44009	532	-nan
10	44009	533	-nan
10	44009	534	-nan
10	44009	535	-nan
10	44009	536	-nan
10	44009	537	-nan
10	44009	538	-nan
10	44009	539	-nan
10	44009	540	-nan
10	44009	541	-nan
10	44009	542	-nan
10	44009	543	-nan
10	44009	544	-nan
10	44009	545	-nan
10	44009	546	-nan
10	44009	547	-nan
10	44009	548	-nan
10	44009	549	-nan
10	44009	550	-nan
10	44009	551	-nan
10	44009	552	-nan
10	44009	553	-nan
10	44009	554	-nan
10	44009	555	-nan
10	44009	556	-nan
10	44009	557	-nan
10	44009	558	-nan
10	44009	559	-nan
10	44009	560	-nan
10	44009	561	-nan
10	44009	562	-nan
10	44009	563	0
10	44009	564	-nan
10	44009	565	-nan
10	44009	566	-nan
10	44009	567	-nan
10	44009	568	-nan
10	44009	569	-nan
10	44009	570	-nan
10	44009	571	-nan
10	44009	572	-nan
10	44009	573	-nan
10	44009	574	-nan
10	44009	575	-nan
10	44009	576	-nan
10	44009	577	-nan
10	44009	578	-nan
10	44009	579	-nan
10	44009	580	-nan
10	44009	581	-nan
10	44009	582	-nan
10	44009	583	-nan
10	44009	584	-nan
10	44009	585	-nan
10	44009	586	-nan
10	44009	587	-nan
10	44009	588	-nan
10	44009	589	-nan
10	44009	590	-nan
10	44009	591	-nan
10	44009	592	-nan
10	44009	593	-nan
10	44009	594	-nan
10	44009	595	-nan
10	44009	596	-nan
10	44009	597	-nan
10	44009	598	-nan
10	44009	599	-nan
10	44009	600	-nan
10	44009	601	-nan
10	44009	602	-nan
10	44009	603	-nan
10	44009	604	-nan
vector 11  simple_scenario_network.client[0]  hdistance[0]  ETV
11	44009	1	2.963768115942
11	44009	2	2.9621212121212
11	44009	3	2.9519230769231
11	44009	4	3
11	44009	5	3
11	44009	6	1.9047619047619
11	44009	7	0
11	44009	8	0
11	44009	9	2.9642857142857
11	44009	10	0
11	44009	11	3
11	44009	12	0
11	44009	13	3
11	44009	14	3
11	44009	15	3
11	44009	16	0
11	44009	17	3
11	44009	18	0
11	44009	19	0
11	44009	20	0
11	44009	21	3
11	44009	22	0
11	44009	23	3
11	44009	24	2.9598393574297
11	44009	25	0
11	44009	26	0
11	44009	27	0
11	44009	28	0
11	44009	29	0
11	44009	30	0
11	44009	31	0
11	44009	32	0
11	44009	33	0
11	44009	34	0
11	44009	35	3
11	44009	36	0
11	44009	37	0
11	44009	38	0
11	44009	39	3
11	44009	40	0
11	44009	41	0
11	44009	42	3
11	44009	43	0
11	44009	44	3
11	44009	45	0
11	44009	46	3
11	44009	47	0
11	44009	48	0
11	44009	49	0
11	44009	50	0
11	44009	51	0
11	44009	52	3
11	44009	53	3
11	44009	54	0
11	44009	55	0
11	44009	56	0
11	44009	57	0
11	44009	58	3
11	44009	59	0
11	44009	60	3
11	44009	61	0
11	44009	62	0
11	44009	63	0
11	44009	64	0
11	44009	65	0
11	44009	66	0
11	44009	67	0
11	44009	68	0
11	44009	69	0
11	44009	70	2.9725274725275
11	44009	71	0
11	44009	72	0
11	44009	73	0
11	44009	74	2.9576271186441
11	44009	75	0
11	44009	76	0
11	44009	77	0
11	44009	78	0
11	44009	79	0
11	44009	80	0
11	44009	81	0
11	44009	82	0
11	44009	83	3
11	44009	84	0
11	44009	85	0
11	44009	86	0
11	44009	87	0
11	44009	88	3
11	44009	89	0
11	44009	90	0
11	44009	91	0
11	44009	92	0
11	44009	93	0
11	44009	94	0
11	44009	95	1.952380952381
11	44009	96	0
11	44009	97	0
11	44009	98	0
11	44009	99	0
11	44009	100	0
11	44009	101	0
11	44009	102	0
11	44009	103	0
11	44009	104	0
11	44009	105	0
11	44009	106	0
11	44009	107	0
11	44009	108	0
11	44009	109	0
11	44009	110	0
11	44009	111	0
11	44009	112	0
11	44009	113	0
11	44009	114	3
11	44009	115	0
11	44009	116	0
11	44009	117	0
11	44009	118	0
11	44009	119	0
11	44009	120	3
11	44009	121	0
11	44009	122	0
11	44009	123	0
11	44009	124	0
11	44009	125	3
11	44009	126	0
11	44009	127	0
11	44009	128	0
11	44009	129	0
11	44009	130	0
11	44009	131	0
11	44009	132	0
11	44009	133	0
11	44009	134	0
11	44009	135	0
11	44009	136	0
11	44009	137	0
11	44009	138	0
11	44009	139	0
11	44009	140	0
11	44009	141	0
11	44009	142	0
11	44009	143	0
11	44009	144	0
11	44009	145	0
11	44009	146	0
11	44009	147	0
11	44009	148	0
11	44009	149	0
11	44009	150	0
11	44009	151	0
11	44009	152	0
11	44009	153	0
11	44009	154	3
11	44009	155	0
11	44009	156	0
11	44009	157	0
11	44009	158	0
11	44009	159	0
11	44009	160	0
11	44009	161	0
11	44009	162	0
11	44009	163	0
11	44009	164	0
11	44009	165	0
11	44009	166	0
11	44009	167	0
11	44009	168	0
11	44009	169	0
11	44009	170	0
11	44009	171	0
11	44009	172	0
11	44009	173	0
11	44009	174	0
11	44009	175	0
11	44009	176	0
11	44009	177	0
11	44009	178	0
11	44009	179	0
11	44009	180	0
11	44009	181	0
11	44009	182	0
11	44009	183	0
11	44009	184	0
11	44009	185	0
11	44009	186	0
11	44009	187	0
11	44009	188	0
11	44009	189	0
11	44009	190	0
11	44009	191	0
11	44009	192	0
11	44009	193	0
11	44009	194	0
11	44009	195	0
11	44009	196	0
11	44009	197	0
11	44009	198	3
11	44009	199	0
11	44009	200	0
11	44009	201	3
11	44009	202	0
11	44009	203	0
11	44009	204	0
11	44009	205	0
11	44009	206	0
11	44009	207	0
11	44009	208	0
11	44009	209	0
11	44009	210	0
11	44009	211	0
11	44009	212	0
11	44009	213	0
11	44009	214	3
11	44009	215	0
11	44009	216	2.9626865671642
11	44009	217	0
11	44009	218	0
11	44009	219	0
11	44009	220	0
11	44009	221	0
11	44009	222	0
11	44009	223	0
11	44009	224	0
11	44009	225	0
11	44009	226	0
11	44009	227	3
11	44009	228	0
11	44009	229	0
11	44009	230	0
11	44009	231	0
11	44009	232	0
11	44009	233	0
11	44009	234	0
11	44009	235	0
11	44009	236	0
11	44009	237	0
11	44009	238	0
11	44009	239	0
11	44009	240	0
11	44009	241	0
11	44009	242	0
11	44009	243	0
11	44009	244	0
11	44009	245	0
11	44009	246	0
11	44009	247	0
11	44009	248	0
11	44009	249	0
11	44009	250	0
11	44009	251	0
11	44009	252	0
11	44009	253	0
11	44009	254	0
11	44009	255	0
11	44009	256	0
11	44009	257	0
11	44009	258	0
11	44009	259	0
11	44009	260	0
11	44009	261	0
11	44009	262	0
11	44009	263	0
11	44009	264	0
11	44009	265	0
11	44009	266	0
11	44009	267	0
11	44009	268	0
11	44009	269	0
11	44009	270	0
11	44009	271	0
11	44009	272	0
11	44009	273	0
11	44009	274	0
11	44009	275	0
11	44009	276	0
11	44009	277	0
11	44009	278	0
11	44009	279	0
11	44009	280	0
11	44009	281	0
11	44009	282	0
11	44009	283	0
11	44009	284	0
11	44009	285	3
11	44009	286	0
11	44009	287	0
11	44009	288	0
11	44009	289	0
11	44009	290	0
11	44009	291	0
11	44009	292	0
11	44009	293	0
11	44009	294	0
11	44009	295	0
11	44009	296	0
11	44009	297	0
11	44009	298	0
11	44009	299	0
11	44009	300	0
11	44009	301	0
11	44009	302	0
11	44009	303	0
11	44009	304	0
11	44009	305	0
11	44009	306	0
11	44009	307	3
11	44009	308	0
11	44009	309	0
11	44009	310	0
11	44009	311	0
11	44009	312	0
11	44009	313	0
11	44009	314	0
11	44009	315	0
11	44009	316	0
11	44009	317	0
11	44009	318	0
11	44009	319	0
11	44009	320	0
11	44009	321	0
11	44009	322	0
11	44009	323	0
11	44009	324	0
11	44009	325	0
11	44009	326	0
11	44009	327	0
11	44009	328	3
11	44009	329	0
11	44009	330	0
11	44009	331	0
11	44009	332	0
11	44009	333	0
11	44009	334	0
11	44009	335	0
11	44009	336	0
11	44009	337	0
11	44009	338	0
11	44009	339	0
11	44009	340	0
11	44009	341	0
11	44009	342	0
11	44009	343	0
11	44009	344	0
11	44009	345	0
11	44009	346	0
11	44009	347	0
11	44009	348	0
11	44009	349	0
11	44009	350	0
11	44009	351	0
11	44009	352	0
11	44009	353	0
11	44009	354	0
11	44009	355	0
11	44009	356	0
11	44009	357	0
11	44009	358	0
11	44009	359	0
11	44009	360	0
11	44009	361	0
11	44009	362	0
11	44009	363	0
11	44009	364	0
11	44009	365	0
11	44009	366	0
11	44009	367	0
11	44009	368	0
11	44009	369	0
11	44009	370	0
11	44009	371	0
11	44009	372	0
11	44009	373	0
11	44009	374	3
11	44009	375	0
11	44009	376	0
11	44009	377	0
11	44009	378	0
11	44009	379	0
11	44009	380	0
11	44009	381	0
11	44009	382	0
11	44009	383	0
11	44009	384	0
11	44009	385	0
11	44009	386	0
11	44009	387	0
11	44009	388	0
11	44009	389	0
11	44009	390	0
11	44009	391	0
11	44009	392	0
11	44009	393	0
11	44009	394	3
11	44009	395	0
11	44009	396	0
11	44009	397	0
11	44009	398	0
11	44009	399	0
11	44009	400	0
11	44009	401	0
11	44009	402	0
11	44009	403	0
11	44009	404	0
11	44009	405	0
11	44009	406	0
11	44009	407	0
11	44009	408	0
11	44009	409	0
11	44009	410	0
11	44009	411	0
11	44009	412	0
11	44009	413	0
11	44009	414	0
11	44009	415	0
11	44009	416	0
11	44009	417	0
11	44009	418	0
11	44009	419	0
11	44009	420	0
11	44009	421	0
11	44009	422	0
11	44009	423	0
11	44009	424	3
11	44009	425	0
11	44009	426	0
11	44009	427	0
11	44009	428	0
11	44009	429	0
11	44009	430	3
11	44009	431	0
11	44009	432	3
11	44009	433	0
11	44009	434	0
11	44009	435	0
11	44009	436	0
11	44009	437	0
11	44009	438	0
11	44009	439	0
11	44009	440	0
11	44009	441	0
11	44009	442	0
11	44009	443	0
11	44009	444	0
11	44009	445	0
11	44009	446	0
11	44009	447	0
11	44009	448	0
11	44009	449	0
11	44009	450	3
11	44009	451	0
11	44009	452	0
11	44009	453	0
11	44009	454	0
11	44009	455	0
11	44009	456	0
11	44009	457	0
11	44009	458	0
11	44009	459	0
11	44009	460	0
11	44009	461	0
11	44009	462	0
11	44009	463	0
11	44009	464	0
11	44009	465	0
11	44009	466	0
11	44009	467	0
11	44009	468	0
11	44009	469	0
11	44009	470	0
11	44009	471	0
11	44009	472	0
11	44009	473	0
11	44009	474	0
11	44009	475	0
11	44009	476	0
11	44009	477	0
11	44009	478	0
11	44009	479	0
11	44009	480	0
11	44009	481	0
11	44009	482	0
11	44009	483	0
11	44009	484	0
11	44009	485	0
11	44009	486	0
11	44009	487	0
11	44009	488	0
11	44009	489	0
11	44009	490	0
11	44009	491	0
11	44009	492	0
11	44009	493	0
11	44009	494	0
11	44009	495	0
11	44009	496	0
11	44009	497	0
11	44009	498	0
11	44009	499	0
11	44009	500	0
11	44009	501	3
11	44009	502	0
11	44009	503	0
11	44009	504	0
11	44009	505	0
11	44009	506	0
11	44009	507	3
11	44009	508	0
11	44009	509	0
11	44009	510	0
11	44009	511	0
11	44009	512	3
11	44009	513	0
11	44009	514	0
11	44009	515	0
11	44009	516	0
11	44009	517	0
11	44009	518	0
11	44009	519	0
11	44009	520	0
11	44009	521	0
11	44009	522	0
11	44009	523	0
11	44009	524	0
11	44009	525	0
11	44009	526	0
11	44009	527	0
11	44009	528	0
11	44009	529	0
11	44009	530	0
11	44009	531	0
11	44009	532	0
11	44009	533	0
11	44009	534	0
11	44009	535	0
11	44009	536	0
11	44009	537	0
11	44009	538	0
11	44009	539	0
11	44009	540	0
11	44009	541	0
11	44009	542	0
11	44009	543	0
11	44009	544	0
11	44009	545	0
11	44009	546	0
11	44009	547	0
11	44009	548	0
11	44009	549	0
11	44009	550	0
11	44009	551	0
11	44009	552	0
11	44009	553	0
11	44009	554	0
11	44009	555	0
11	44009	556	0
11	44009	557	0
11	44009	558	0
11	44009	559	0
11	44009	560	0
11	44009	561	0
11	44009	562	0
11	44009	563	3
11	44009	564	0
11	44009	565	0
11	44009	566	0
11	44009	567	0
11	44009	568	0
11	44009	569	0
11	44009	570	0
11	44009	571	0
11	44009	572	0
11	44009	573	0
11	44009	574	0
11	44009	575	0
11	44009	576	0
11	44009	577	0
11	44009	578	0
11	44009	579	0
11	44009	580	0
11	44009	581	0
11	44009	582	0
11	44009	583	3
11	44009	584	0
11	44009	585	0
11	44009	586	0
11	44009	587	0
11	44009	588	0
11	44009	589	0
11	44009	590	0
11	44009	591	0
11	44009	592	0
11	44009	593	0
11	44009	594	0
11	44009	595	0
11	44009	596	0
11	44009	597	0
11	44009	598	0
11	44009	599	0
11	44009	600	0
11	44009	601	0
11	44009	602	0
11	44009	603	0
11	44009	604	0
