version 2
run General-16-20150311-18:59:41-28971
attr D lce
attr F spr
attr R lru
attr a 0.9
attr configname General
attr datetime 20150311-18:59:41
attr experiment General
attr inifile omnetpp.ini
attr iterationvars "$net=abilene, $rep=0, $a=0.9, $F=spr, $ttl=1000, $D=lce, $R=lru"
attr iterationvars2 "$net=abilene, $rep=0, $a=0.9, $F=spr, $ttl=1000, $D=lce, $R=lru, $repetition=0"
attr measurement "$net=abilene, $rep=0, $a=0.9, $F=spr, $ttl=1000, $D=lce, $R=lru"
attr net abilene
attr network networks.${net=abilene}_network
attr processid 28971
attr rep 0
attr repetition 0
attr replication #0
attr resultdir results
attr runnumber 16
attr seedset 0
attr ttl 1000

vector 0  abilene_network.node[0].content_store  hit_node[0]  ETV
0	387153	1	1
0	387153	2	0.94642857142857
0	387153	3	0.97872340425532
0	387153	4	0.94285714285714
0	387153	5	0.9
0	387153	6	0.66666666666667
0	387153	7	0.86666666666667
0	387153	8	0.4
0	387153	9	0.3
0	387153	10	0.68421052631579
0	387153	11	0.75
0	387153	12	0.84210526315789
0	387153	13	0.625
0	387153	14	0.58333333333333
0	387153	15	0.2
0	387153	16	0.6
0	387153	17	0
0	387153	18	0.66666666666667
0	387153	19	0.625
0	387153	20	0.25
0	387153	21	0.6
0	387153	22	0.6
0	387153	23	0.2
0	387153	24	0.25
0	387153	25	0.2
0	387153	26	0.6
0	387153	27	0.2
0	387153	28	0.42857142857143
0	387153	29	0.33333333333333
0	387153	30	0
0	387153	31	0
0	387153	32	0
0	387153	33	0.2
0	387153	34	0
0	387153	35	0
0	387153	36	0
0	387153	37	0.16666666666667
0	387153	38	0
0	387153	39	0
0	387153	40	0.2
0	387153	41	0
0	387153	42	0
0	387153	43	-nan
0	387153	44	0
0	387153	45	0.33333333333333
0	387153	46	0
0	387153	47	0
0	387153	48	0.5
0	387153	49	0
0	387153	50	0
0	387153	51	0
0	387153	52	0
0	387153	53	0
0	387153	54	0
0	387153	55	0
0	387153	56	0.25
0	387153	57	0.57142857142857
0	387153	58	0.4
0	387153	59	0
0	387153	60	0
0	387153	61	-nan
0	387153	62	0
0	387153	63	0.4
0	387153	64	0
0	387153	65	0
0	387153	66	0
0	387153	67	0.33333333333333
0	387153	68	0
0	387153	69	0
0	387153	70	0
0	387153	71	0
0	387153	72	0
0	387153	73	0.2
0	387153	74	0.28571428571429
0	387153	75	0.5
0	387153	76	0
0	387153	77	0.25
0	387153	78	0
0	387153	79	0
0	387153	80	0
0	387153	81	0
0	387153	82	0
0	387153	83	0.5
0	387153	84	0
0	387153	85	0
0	387153	86	0
0	387153	87	0
0	387153	88	0
0	387153	89	0
0	387153	90	0
0	387153	91	0
0	387153	92	0
0	387153	93	0
0	387153	94	0.33333333333333
0	387153	95	0.2
0	387153	96	0.33333333333333
0	387153	97	0
0	387153	98	0.5
0	387153	99	0
0	387153	100	0
0	387153	101	0
0	387153	102	0
0	387153	103	0
0	387153	104	0
0	387153	105	0
0	387153	106	0
0	387153	107	0.33333333333333
0	387153	108	0
0	387153	109	0.5
0	387153	110	0.66666666666667
0	387153	111	0.25
0	387153	112	0
0	387153	113	0
0	387153	114	-nan
0	387153	115	0
0	387153	116	0
0	387153	117	0
0	387153	118	0
0	387153	119	0
0	387153	120	0
0	387153	121	0
0	387153	122	0
0	387153	123	0
0	387153	124	0.33333333333333
0	387153	125	0
0	387153	126	-nan
0	387153	127	0
0	387153	128	0
0	387153	129	0
0	387153	130	0
0	387153	131	0
0	387153	132	0
0	387153	133	0
0	387153	134	0
0	387153	135	0
0	387153	136	0
0	387153	137	-nan
0	387153	138	-nan
0	387153	139	-nan
0	387153	140	0
0	387153	141	0.5
0	387153	142	-nan
0	387153	143	0
0	387153	144	-nan
0	387153	145	-nan
0	387153	146	-nan
0	387153	147	0
0	387153	148	0
0	387153	149	0
0	387153	150	0.5
0	387153	151	0
0	387153	152	-nan
0	387153	153	0
0	387153	154	-nan
0	387153	155	0
0	387153	156	0
0	387153	157	0
0	387153	158	0
0	387153	159	-nan
0	387153	160	0
0	387153	161	0
0	387153	162	-nan
0	387153	163	0
0	387153	164	-nan
0	387153	165	0
0	387153	166	0.5
0	387153	167	0
0	387153	168	0
0	387153	169	0.5
0	387153	170	0
0	387153	171	0
0	387153	172	0
0	387153	173	0
0	387153	174	0
0	387153	175	0
0	387153	176	0
0	387153	177	-nan
0	387153	178	0
0	387153	179	0
0	387153	180	0
0	387153	181	0
0	387153	182	0
0	387153	183	0
0	387153	184	0
0	387153	185	0
0	387153	186	-nan
0	387153	187	0
0	387153	188	0.25
0	387153	189	-nan
0	387153	190	-nan
0	387153	191	-nan
0	387153	192	0
0	387153	193	0
0	387153	194	0
0	387153	195	-nan
0	387153	196	-nan
0	387153	197	0
0	387153	198	-nan
0	387153	199	0
0	387153	200	0
0	387153	201	0
0	387153	202	0
0	387153	203	0
0	387153	204	-nan
0	387153	205	0
0	387153	206	0
0	387153	207	0
0	387153	208	0
0	387153	209	0
0	387153	210	0
0	387153	211	0
0	387153	212	-nan
0	387153	213	0
0	387153	214	-nan
0	387153	215	0.5
0	387153	216	-nan
0	387153	217	-nan
0	387153	218	0
0	387153	219	0
0	387153	220	0
0	387153	221	-nan
0	387153	222	0
0	387153	223	0
0	387153	224	-nan
0	387153	225	-nan
0	387153	226	0
0	387153	227	-nan
0	387153	228	0
0	387153	229	-nan
0	387153	230	-nan
0	387153	231	-nan
0	387153	232	0
0	387153	233	0
0	387153	234	-nan
0	387153	235	0
0	387153	236	0
0	387153	237	0
0	387153	238	0
vector 1  abilene_network.node[1].content_store  hit_node[1]  ETV
1	387153	1	0.95454545454545
1	387153	2	0.8375
1	387153	3	0.71111111111111
1	387153	4	0.69767441860465
1	387153	5	0.48648648648649
1	387153	6	0.54054054054054
1	387153	7	0.44
1	387153	8	0.44827586206897
1	387153	9	0.40625
1	387153	10	0.57692307692308
1	387153	11	0.59375
1	387153	12	0.40740740740741
1	387153	13	0.33333333333333
1	387153	14	0.43478260869565
1	387153	15	0.3
1	387153	16	0.47058823529412
1	387153	17	0.26666666666667
1	387153	18	0.31578947368421
1	387153	19	0.33333333333333
1	387153	20	0.2
1	387153	21	0.3125
1	387153	22	0.36363636363636
1	387153	23	0.083333333333333
1	387153	24	0.21428571428571
1	387153	25	0.38461538461538
1	387153	26	0.26666666666667
1	387153	27	0.52631578947368
1	387153	28	0.071428571428571
1	387153	29	0.33333333333333
1	387153	30	0.28571428571429
1	387153	31	0.35714285714286
1	387153	32	0.25
1	387153	33	0.30769230769231
1	387153	34	0
1	387153	35	0.25
1	387153	36	0
1	387153	37	0.15384615384615
1	387153	38	0.27777777777778
1	387153	39	0.125
1	387153	40	0.2
1	387153	41	0.33333333333333
1	387153	42	0.28571428571429
1	387153	43	0.2
1	387153	44	0.18181818181818
1	387153	45	0.16666666666667
1	387153	46	0.45454545454545
1	387153	47	0.27272727272727
1	387153	48	0
1	387153	49	0.1
1	387153	50	0.125
1	387153	51	0
1	387153	52	0.2
1	387153	53	0.11111111111111
1	387153	54	0.25
1	387153	55	0
1	387153	56	0.22222222222222
1	387153	57	0
1	387153	58	0
1	387153	59	0
1	387153	60	0.5
1	387153	61	0.14285714285714
1	387153	62	0
1	387153	63	0
1	387153	64	0
1	387153	65	0
1	387153	66	0
1	387153	67	0.22222222222222
1	387153	68	0.2
1	387153	69	0
1	387153	70	0
1	387153	71	0.3
1	387153	72	0.125
1	387153	73	0
1	387153	74	0.1
1	387153	75	0
1	387153	76	0.16666666666667
1	387153	77	0.25
1	387153	78	0.2
1	387153	79	0
1	387153	80	0.25
1	387153	81	0.33333333333333
1	387153	82	0
1	387153	83	0.16666666666667
1	387153	84	0.2
1	387153	85	0
1	387153	86	0.14285714285714
1	387153	87	0.25
1	387153	88	0.125
1	387153	89	0
1	387153	90	0
1	387153	91	0
1	387153	92	0
1	387153	93	0
1	387153	94	0
1	387153	95	0
1	387153	96	0.125
1	387153	97	0.25
1	387153	98	0.16666666666667
1	387153	99	0.1
1	387153	100	0.2
1	387153	101	0
1	387153	102	0
1	387153	103	0
1	387153	104	0
1	387153	105	0
1	387153	106	0
1	387153	107	0.2
1	387153	108	0.25
1	387153	109	0
1	387153	110	0
1	387153	111	0.125
1	387153	112	0
1	387153	113	0
1	387153	114	0
1	387153	115	0.25
1	387153	116	0
1	387153	117	0
1	387153	118	0.14285714285714
1	387153	119	0
1	387153	120	0
1	387153	121	0.33333333333333
1	387153	122	0.2
1	387153	123	0
1	387153	124	0
1	387153	125	0
1	387153	126	0
1	387153	127	0
1	387153	128	0
1	387153	129	0
1	387153	130	0
1	387153	131	0.16666666666667
1	387153	132	0.25
1	387153	133	0.16666666666667
1	387153	134	0.33333333333333
1	387153	135	0.14285714285714
1	387153	136	0
1	387153	137	0
1	387153	138	0
1	387153	139	0.33333333333333
1	387153	140	0
1	387153	141	0.14285714285714
1	387153	142	0.25
1	387153	143	0
1	387153	144	0
1	387153	145	0
1	387153	146	0
1	387153	147	0
1	387153	148	0.25
1	387153	149	0
1	387153	150	0.16666666666667
1	387153	151	0
1	387153	152	0
1	387153	153	0
1	387153	154	0
1	387153	155	0
1	387153	156	0
1	387153	157	0
1	387153	158	0
1	387153	159	0
1	387153	160	0
1	387153	161	0
1	387153	162	0.5
1	387153	163	0.2
1	387153	164	0
1	387153	165	0.25
1	387153	166	0
1	387153	167	0
1	387153	168	0
1	387153	169	0
1	387153	170	0
1	387153	171	0.28571428571429
1	387153	172	0
1	387153	173	0
1	387153	174	0
1	387153	175	0
1	387153	176	0
1	387153	177	0.33333333333333
1	387153	178	0
1	387153	179	0.16666666666667
1	387153	180	0.33333333333333
1	387153	181	0
1	387153	182	0
1	387153	183	0.25
1	387153	184	0.25
1	387153	185	0
1	387153	186	0
1	387153	187	0
1	387153	188	0
1	387153	189	0
1	387153	190	0
1	387153	191	0
1	387153	192	0
1	387153	193	0
1	387153	194	0
1	387153	195	0
1	387153	196	0
1	387153	197	0.33333333333333
1	387153	198	0
1	387153	199	0
1	387153	200	0
1	387153	201	0
1	387153	202	0
1	387153	203	0
1	387153	204	0
1	387153	205	0
1	387153	206	0
1	387153	207	0
1	387153	208	0
1	387153	209	0
1	387153	210	0
1	387153	211	0
1	387153	212	0.33333333333333
1	387153	213	0
1	387153	214	-nan
1	387153	215	0
1	387153	216	-nan
1	387153	217	-nan
1	387153	218	0
1	387153	219	0
1	387153	220	0
1	387153	221	0
1	387153	222	0
1	387153	223	0
1	387153	224	0
1	387153	225	0
1	387153	226	0.22222222222222
1	387153	227	0
1	387153	228	0
1	387153	229	0
1	387153	230	0
1	387153	231	0
1	387153	232	0.25
1	387153	233	0
1	387153	234	-nan
1	387153	235	0
1	387153	236	0
1	387153	237	0.16666666666667
1	387153	238	0.2
vector 2  abilene_network.node[2].content_store  hit_node[2]  ETV
2	387153	1	0.8740157480315
2	387153	2	0.77027027027027
2	387153	3	0.58064516129032
2	387153	4	0.48717948717949
2	387153	5	0.44736842105263
2	387153	6	0.45945945945946
2	387153	7	0.51282051282051
2	387153	8	0.42857142857143
2	387153	9	0.33333333333333
2	387153	10	0.4
2	387153	11	0.28
2	387153	12	0.29032258064516
2	387153	13	0.21739130434783
2	387153	14	0.25
2	387153	15	0.2
2	387153	16	0.071428571428571
2	387153	17	0.28571428571429
2	387153	18	0.27272727272727
2	387153	19	0.15789473684211
2	387153	20	0.16666666666667
2	387153	21	0.21052631578947
2	387153	22	0.11764705882353
2	387153	23	0.17647058823529
2	387153	24	0.0625
2	387153	25	0.25
2	387153	26	0.125
2	387153	27	0.22222222222222
2	387153	28	0.15
2	387153	29	0.1
2	387153	30	0.1875
2	387153	31	0
2	387153	32	0.11764705882353
2	387153	33	0
2	387153	34	0.066666666666667
2	387153	35	0.1
2	387153	36	0.14285714285714
2	387153	37	0.066666666666667
2	387153	38	0.15789473684211
2	387153	39	0
2	387153	40	0.26315789473684
2	387153	41	0.090909090909091
2	387153	42	0.2
2	387153	43	0.2
2	387153	44	0.15384615384615
2	387153	45	0
2	387153	46	0
2	387153	47	0.18181818181818
2	387153	48	0
2	387153	49	0.083333333333333
2	387153	50	0.18181818181818
2	387153	51	0.16666666666667
2	387153	52	0.076923076923077
2	387153	53	0
2	387153	54	0
2	387153	55	0.16666666666667
2	387153	56	0
2	387153	57	0
2	387153	58	0.090909090909091
2	387153	59	0.11111111111111
2	387153	60	0
2	387153	61	0.125
2	387153	62	0
2	387153	63	0
2	387153	64	0
2	387153	65	0
2	387153	66	0.25
2	387153	67	0.1
2	387153	68	0.14285714285714
2	387153	69	0
2	387153	70	0
2	387153	71	0.071428571428571
2	387153	72	0
2	387153	73	0
2	387153	74	0
2	387153	75	0.14285714285714
2	387153	76	0
2	387153	77	0.17647058823529
2	387153	78	0
2	387153	79	0
2	387153	80	0
2	387153	81	0
2	387153	82	0.14285714285714
2	387153	83	0
2	387153	84	0
2	387153	85	0.083333333333333
2	387153	86	0
2	387153	87	0
2	387153	88	0.11111111111111
2	387153	89	0
2	387153	90	0.125
2	387153	91	0
2	387153	92	0
2	387153	93	0
2	387153	94	0.14285714285714
2	387153	95	0.125
2	387153	96	0
2	387153	97	0
2	387153	98	0.28571428571429
2	387153	99	0.1
2	387153	100	0
2	387153	101	0.2
2	387153	102	0
2	387153	103	0
2	387153	104	0.28571428571429
2	387153	105	0
2	387153	106	0
2	387153	107	0
2	387153	108	0.2
2	387153	109	0.1
2	387153	110	0
2	387153	111	0
2	387153	112	0
2	387153	113	0.16666666666667
2	387153	114	0
2	387153	115	0
2	387153	116	0.25
2	387153	117	0.2
2	387153	118	0
2	387153	119	0
2	387153	120	0.28571428571429
2	387153	121	0
2	387153	122	0
2	387153	123	0
2	387153	124	0
2	387153	125	0
2	387153	126	0.2
2	387153	127	0
2	387153	128	0.25
2	387153	129	0
2	387153	130	0.25
2	387153	131	0
2	387153	132	0
2	387153	133	0
2	387153	134	0
2	387153	135	0.125
2	387153	136	0
2	387153	137	0
2	387153	138	0
2	387153	139	0
2	387153	140	0.16666666666667
2	387153	141	0
2	387153	142	0
2	387153	143	0
2	387153	144	0
2	387153	145	0
2	387153	146	0
2	387153	147	0
2	387153	148	0
2	387153	149	0
2	387153	150	0
2	387153	151	0
2	387153	152	0
2	387153	153	0
2	387153	154	0.16666666666667
2	387153	155	0.16666666666667
2	387153	156	0
2	387153	157	0
2	387153	158	0
2	387153	159	0
2	387153	160	0.16666666666667
2	387153	161	0.14285714285714
2	387153	162	0
2	387153	163	0.2
2	387153	164	0
2	387153	165	0
2	387153	166	0
2	387153	167	0
2	387153	168	0
2	387153	169	0
2	387153	170	0
2	387153	171	0
2	387153	172	0.14285714285714
2	387153	173	0
2	387153	174	0
2	387153	175	0
2	387153	176	0
2	387153	177	0
2	387153	178	0
2	387153	179	0
2	387153	180	0
2	387153	181	0.33333333333333
2	387153	182	0
2	387153	183	0.16666666666667
2	387153	184	0.25
2	387153	185	0
2	387153	186	0
2	387153	187	0
2	387153	188	0
2	387153	189	0
2	387153	190	0
2	387153	191	0
2	387153	192	0
2	387153	193	0
2	387153	194	0
2	387153	195	0
2	387153	196	0
2	387153	197	0
2	387153	198	0
2	387153	199	0
2	387153	200	0
2	387153	201	0
2	387153	202	0
2	387153	203	0
2	387153	204	0
2	387153	205	0.125
2	387153	206	0
2	387153	207	0
2	387153	208	0
2	387153	209	0
2	387153	210	0
2	387153	211	0
2	387153	212	0
2	387153	213	0
2	387153	214	-nan
2	387153	215	0
2	387153	216	0
2	387153	217	-nan
2	387153	218	0
2	387153	219	0
2	387153	220	0
2	387153	221	0
2	387153	222	0
2	387153	223	0.2
2	387153	224	0
2	387153	225	0
2	387153	226	0
2	387153	227	0
2	387153	228	0
2	387153	229	0
2	387153	230	0
2	387153	231	0
2	387153	232	0
2	387153	233	0
2	387153	234	0
2	387153	235	0
2	387153	236	0
2	387153	237	0
2	387153	238	0
vector 3  abilene_network.node[3].content_store  hit_node[3]  ETV
3	387153	1	0.8843537414966
3	387153	2	0.65
3	387153	3	0.546875
3	387153	4	0.48076923076923
3	387153	5	0.34042553191489
3	387153	6	0.38888888888889
3	387153	7	0.43243243243243
3	387153	8	0.32258064516129
3	387153	9	0.30555555555556
3	387153	10	0.25806451612903
3	387153	11	0.23333333333333
3	387153	12	0.35714285714286
3	387153	13	0.30555555555556
3	387153	14	0.44444444444444
3	387153	15	0.23076923076923
3	387153	16	0.21739130434783
3	387153	17	0.055555555555556
3	387153	18	0.25
3	387153	19	0.19230769230769
3	387153	20	0.22727272727273
3	387153	21	0.15
3	387153	22	0.2
3	387153	23	0.19047619047619
3	387153	24	0.1304347826087
3	387153	25	0.083333333333333
3	387153	26	0.14285714285714
3	387153	27	0.090909090909091
3	387153	28	0.090909090909091
3	387153	29	0.0625
3	387153	30	0
3	387153	31	0.066666666666667
3	387153	32	0.11111111111111
3	387153	33	0.14285714285714
3	387153	34	0.2
3	387153	35	0.071428571428571
3	387153	36	0.13333333333333
3	387153	37	0.055555555555556
3	387153	38	0.10526315789474
3	387153	39	0.071428571428571
3	387153	40	0
3	387153	41	0
3	387153	42	0.090909090909091
3	387153	43	0.11111111111111
3	387153	44	0
3	387153	45	0
3	387153	46	0
3	387153	47	0.083333333333333
3	387153	48	0.083333333333333
3	387153	49	0
3	387153	50	0
3	387153	51	0
3	387153	52	0.095238095238095
3	387153	53	0.125
3	387153	54	0
3	387153	55	0
3	387153	56	0.090909090909091
3	387153	57	0.11111111111111
3	387153	58	0.083333333333333
3	387153	59	0.18181818181818
3	387153	60	0
3	387153	61	0
3	387153	62	0.058823529411765
3	387153	63	0
3	387153	64	0
3	387153	65	0.125
3	387153	66	0
3	387153	67	0.076923076923077
3	387153	68	0
3	387153	69	0.076923076923077
3	387153	70	0.1
3	387153	71	0
3	387153	72	0
3	387153	73	0.076923076923077
3	387153	74	0.071428571428571
3	387153	75	0
3	387153	76	0
3	387153	77	0.0625
3	387153	78	0
3	387153	79	0.11111111111111
3	387153	80	0
3	387153	81	0
3	387153	82	0.125
3	387153	83	0.090909090909091
3	387153	84	0.125
3	387153	85	0.0625
3	387153	86	0.11111111111111
3	387153	87	0
3	387153	88	0
3	387153	89	0
3	387153	90	0.1
3	387153	91	0
3	387153	92	0.33333333333333
3	387153	93	0.16666666666667
3	387153	94	0.125
3	387153	95	0.083333333333333
3	387153	96	0
3	387153	97	0
3	387153	98	0
3	387153	99	0
3	387153	100	0.083333333333333
3	387153	101	0
3	387153	102	0
3	387153	103	0.1
3	387153	104	0.14285714285714
3	387153	105	0
3	387153	106	0
3	387153	107	0.16666666666667
3	387153	108	0
3	387153	109	0.1
3	387153	110	0
3	387153	111	0.22222222222222
3	387153	112	0
3	387153	113	0
3	387153	114	0
3	387153	115	0
3	387153	116	0
3	387153	117	0
3	387153	118	0
3	387153	119	0
3	387153	120	0.16666666666667
3	387153	121	0
3	387153	122	0
3	387153	123	0
3	387153	124	0
3	387153	125	0
3	387153	126	0
3	387153	127	0
3	387153	128	0
3	387153	129	0
3	387153	130	0
3	387153	131	0.11111111111111
3	387153	132	0
3	387153	133	0.11111111111111
3	387153	134	0
3	387153	135	0
3	387153	136	0
3	387153	137	0
3	387153	138	0
3	387153	139	0
3	387153	140	0
3	387153	141	0
3	387153	142	0
3	387153	143	0
3	387153	144	0
3	387153	145	0.2
3	387153	146	0
3	387153	147	0
3	387153	148	0
3	387153	149	0
3	387153	150	0
3	387153	151	0.28571428571429
3	387153	152	0.125
3	387153	153	0
3	387153	154	0
3	387153	155	0
3	387153	156	0
3	387153	157	0
3	387153	158	0.16666666666667
3	387153	159	0
3	387153	160	0
3	387153	161	0
3	387153	162	0
3	387153	163	0
3	387153	164	0
3	387153	165	0
3	387153	166	0
3	387153	167	0
3	387153	168	0
3	387153	169	0
3	387153	170	0
3	387153	171	0
3	387153	172	0
3	387153	173	0
3	387153	174	0
3	387153	175	0.14285714285714
3	387153	176	0
3	387153	177	0
3	387153	178	0
3	387153	179	0
3	387153	180	0
3	387153	181	0
3	387153	182	0.2
3	387153	183	0
3	387153	184	0
3	387153	185	0
3	387153	186	0.2
3	387153	187	0.14285714285714
3	387153	188	0
3	387153	189	0
3	387153	190	0
3	387153	191	0
3	387153	192	0
3	387153	193	0
3	387153	194	0
3	387153	195	0
3	387153	196	0
3	387153	197	0
3	387153	198	0
3	387153	199	0
3	387153	200	0
3	387153	201	0.16666666666667
3	387153	202	0
3	387153	203	0
3	387153	204	0
3	387153	205	0
3	387153	206	0
3	387153	207	0
3	387153	208	0
3	387153	209	0
3	387153	210	0
3	387153	211	0
3	387153	212	0
3	387153	213	0
3	387153	214	-nan
3	387153	215	0.5
3	387153	216	0
3	387153	217	0
3	387153	218	0.2
3	387153	219	0
3	387153	220	0
3	387153	221	0
3	387153	222	0
3	387153	223	0
3	387153	224	0
3	387153	225	0
3	387153	226	0.125
3	387153	227	0
3	387153	228	0
3	387153	229	0
3	387153	230	0
3	387153	231	0
3	387153	232	0
3	387153	233	0
3	387153	234	0
3	387153	235	0
3	387153	236	0
3	387153	237	0
3	387153	238	0
vector 4  abilene_network.node[4].content_store  hit_node[4]  ETV
4	387153	1	0.84137931034483
4	387153	2	0.5
4	387153	3	0.60759493670886
4	387153	4	0.58064516129032
4	387153	5	0.2962962962963
4	387153	6	0.4
4	387153	7	0.26470588235294
4	387153	8	0.325
4	387153	9	0.275
4	387153	10	0.14705882352941
4	387153	11	0.2
4	387153	12	0.18918918918919
4	387153	13	0.34883720930233
4	387153	14	0.045454545454545
4	387153	15	0.083333333333333
4	387153	16	0.11111111111111
4	387153	17	0.095238095238095
4	387153	18	0.32
4	387153	19	0.11538461538462
4	387153	20	0.22222222222222
4	387153	21	0.23333333333333
4	387153	22	0.090909090909091
4	387153	23	0.08
4	387153	24	0.3030303030303
4	387153	25	0.066666666666667
4	387153	26	0.11538461538462
4	387153	27	0.083333333333333
4	387153	28	0.22222222222222
4	387153	29	0.1
4	387153	30	0.14285714285714
4	387153	31	0.11764705882353
4	387153	32	0
4	387153	33	0.11764705882353
4	387153	34	0.18181818181818
4	387153	35	0.058823529411765
4	387153	36	0
4	387153	37	0.10526315789474
4	387153	38	0.052631578947368
4	387153	39	0.0625
4	387153	40	0.055555555555556
4	387153	41	0.0625
4	387153	42	0
4	387153	43	0.14285714285714
4	387153	44	0.055555555555556
4	387153	45	0
4	387153	46	0
4	387153	47	0.125
4	387153	48	0.071428571428571
4	387153	49	0
4	387153	50	0.083333333333333
4	387153	51	0.058823529411765
4	387153	52	0
4	387153	53	0.11764705882353
4	387153	54	0.0625
4	387153	55	0.066666666666667
4	387153	56	0.071428571428571
4	387153	57	0.055555555555556
4	387153	58	0.076923076923077
4	387153	59	0
4	387153	60	0.076923076923077
4	387153	61	0
4	387153	62	0.052631578947368
4	387153	63	0
4	387153	64	0
4	387153	65	0
4	387153	66	0
4	387153	67	0.071428571428571
4	387153	68	0.1875
4	387153	69	0.066666666666667
4	387153	70	0.083333333333333
4	387153	71	0.2
4	387153	72	0.1
4	387153	73	0.13333333333333
4	387153	74	0
4	387153	75	0
4	387153	76	0
4	387153	77	0
4	387153	78	0
4	387153	79	0.11111111111111
4	387153	80	0
4	387153	81	0
4	387153	82	0
4	387153	83	0
4	387153	84	0
4	387153	85	0
4	387153	86	0
4	387153	87	0.11111111111111
4	387153	88	0
4	387153	89	0
4	387153	90	0
4	387153	91	0
4	387153	92	0.16666666666667
4	387153	93	0
4	387153	94	0
4	387153	95	0
4	387153	96	0
4	387153	97	0
4	387153	98	0
4	387153	99	0.090909090909091
4	387153	100	0
4	387153	101	0
4	387153	102	0
4	387153	103	0
4	387153	104	0
4	387153	105	0
4	387153	106	0
4	387153	107	0
4	387153	108	0
4	387153	109	0.076923076923077
4	387153	110	0
4	387153	111	0
4	387153	112	0
4	387153	113	0
4	387153	114	0
4	387153	115	0
4	387153	116	0
4	387153	117	0
4	387153	118	0
4	387153	119	0
4	387153	120	0
4	387153	121	0.11111111111111
4	387153	122	0
4	387153	123	0
4	387153	124	0
4	387153	125	0
4	387153	126	0
4	387153	127	0
4	387153	128	0
4	387153	129	0
4	387153	130	0
4	387153	131	0.11111111111111
4	387153	132	0
4	387153	133	0
4	387153	134	0
4	387153	135	0
4	387153	136	0
4	387153	137	0
4	387153	138	0
4	387153	139	0.14285714285714
4	387153	140	0.11111111111111
4	387153	141	0
4	387153	142	0
4	387153	143	0
4	387153	144	0.083333333333333
4	387153	145	0
4	387153	146	0
4	387153	147	0
4	387153	148	0
4	387153	149	0
4	387153	150	0
4	387153	151	0
4	387153	152	0
4	387153	153	0
4	387153	154	0
4	387153	155	0.11111111111111
4	387153	156	0
4	387153	157	0
4	387153	158	0
4	387153	159	0
4	387153	160	0
4	387153	161	0
4	387153	162	0
4	387153	163	0
4	387153	164	0
4	387153	165	0
4	387153	166	0.11111111111111
4	387153	167	0
4	387153	168	0
4	387153	169	0
4	387153	170	0
4	387153	171	0
4	387153	172	0
4	387153	173	0
4	387153	174	0
4	387153	175	0
4	387153	176	0
4	387153	177	0.16666666666667
4	387153	178	0
4	387153	179	0
4	387153	180	0
4	387153	181	0
4	387153	182	0
4	387153	183	0
4	387153	184	0
4	387153	185	0
4	387153	186	0
4	387153	187	0
4	387153	188	0
4	387153	189	0
4	387153	190	0
4	387153	191	0
4	387153	192	0
4	387153	193	0
4	387153	194	0.11111111111111
4	387153	195	0
4	387153	196	0
4	387153	197	0
4	387153	198	0
4	387153	199	0
4	387153	200	0
4	387153	201	0
4	387153	202	0
4	387153	203	0
4	387153	204	0
4	387153	205	0
4	387153	206	0
4	387153	207	0
4	387153	208	0.125
4	387153	209	0
4	387153	210	0
4	387153	211	0
4	387153	212	0
4	387153	213	0
4	387153	214	-nan
4	387153	215	0
4	387153	216	0
4	387153	217	0
4	387153	218	0
4	387153	219	0
4	387153	220	0
4	387153	221	0
4	387153	222	0
4	387153	223	0
4	387153	224	0
4	387153	225	0
4	387153	226	0
4	387153	227	0
4	387153	228	0
4	387153	229	0
4	387153	230	0
4	387153	231	0
4	387153	232	0
4	387153	233	0
4	387153	234	0
4	387153	235	0
4	387153	236	0.14285714285714
4	387153	237	0
4	387153	238	0
vector 5  abilene_network.node[5].content_store  hit_node[5]  ETV
5	387153	1	0.67763157894737
5	387153	2	0.54237288135593
5	387153	3	0.36904761904762
5	387153	4	0.34090909090909
5	387153	5	0.41573033707865
5	387153	6	0.36486486486486
5	387153	7	0.33333333333333
5	387153	8	0.31818181818182
5	387153	9	0.34328358208955
5	387153	10	0.28333333333333
5	387153	11	0.32727272727273
5	387153	12	0.265625
5	387153	13	0.25
5	387153	14	0.18367346938776
5	387153	15	0.17391304347826
5	387153	16	0.22
5	387153	17	0.16666666666667
5	387153	18	0.19565217391304
5	387153	19	0.18181818181818
5	387153	20	0.12820512820513
5	387153	21	0.16666666666667
5	387153	22	0.18918918918919
5	387153	23	0.14893617021277
5	387153	24	0.22448979591837
5	387153	25	0.11764705882353
5	387153	26	0.23913043478261
5	387153	27	0.16279069767442
5	387153	28	0.21951219512195
5	387153	29	0.10810810810811
5	387153	30	0.22222222222222
5	387153	31	0.060606060606061
5	387153	32	0.17948717948718
5	387153	33	0.20588235294118
5	387153	34	0.19444444444444
5	387153	35	0.14705882352941
5	387153	36	0.19444444444444
5	387153	37	0.17142857142857
5	387153	38	0.13888888888889
5	387153	39	0.11764705882353
5	387153	40	0.09375
5	387153	41	0.0625
5	387153	42	0.16666666666667
5	387153	43	0.090909090909091
5	387153	44	0.076923076923077
5	387153	45	0.10344827586207
5	387153	46	0.1304347826087
5	387153	47	0.11538461538462
5	387153	48	0.066666666666667
5	387153	49	0.14285714285714
5	387153	50	0.09375
5	387153	51	0.16
5	387153	52	0.21212121212121
5	387153	53	0.076923076923077
5	387153	54	0.19354838709677
5	387153	55	0.17857142857143
5	387153	56	0.25925925925926
5	387153	57	0.12903225806452
5	387153	58	0.074074074074074
5	387153	59	0.19047619047619
5	387153	60	0.10526315789474
5	387153	61	0.068965517241379
5	387153	62	0.15625
5	387153	63	0.10714285714286
5	387153	64	0.11764705882353
5	387153	65	0.21428571428571
5	387153	66	0.16666666666667
5	387153	67	0.10344827586207
5	387153	68	0.14814814814815
5	387153	69	0
5	387153	70	0.04
5	387153	71	0.18518518518519
5	387153	72	0
5	387153	73	0.08
5	387153	74	0.11538461538462
5	387153	75	0
5	387153	76	0.0625
5	387153	77	0.041666666666667
5	387153	78	0
5	387153	79	0.16666666666667
5	387153	80	0.11764705882353
5	387153	81	0.125
5	387153	82	0.08695652173913
5	387153	83	0
5	387153	84	0.17647058823529
5	387153	85	0.20833333333333
5	387153	86	0.047619047619048
5	387153	87	0.055555555555556
5	387153	88	0.05
5	387153	89	0.047619047619048
5	387153	90	0.05
5	387153	91	0.125
5	387153	92	0
5	387153	93	0.0625
5	387153	94	0.095238095238095
5	387153	95	0.11764705882353
5	387153	96	0.058823529411765
5	387153	97	0
5	387153	98	0.071428571428571
5	387153	99	0
5	387153	100	0.052631578947368
5	387153	101	0
5	387153	102	0.18181818181818
5	387153	103	0.15789473684211
5	387153	104	0.28571428571429
5	387153	105	0.071428571428571
5	387153	106	0
5	387153	107	0.066666666666667
5	387153	108	0.0625
5	387153	109	0.052631578947368
5	387153	110	0.16666666666667
5	387153	111	0
5	387153	112	0
5	387153	113	0.083333333333333
5	387153	114	0
5	387153	115	0
5	387153	116	0
5	387153	117	0.05
5	387153	118	0.0625
5	387153	119	0.045454545454545
5	387153	120	0.071428571428571
5	387153	121	0.21428571428571
5	387153	122	0.0625
5	387153	123	0.058823529411765
5	387153	124	0.16666666666667
5	387153	125	0
5	387153	126	0.11764705882353
5	387153	127	0
5	387153	128	0.125
5	387153	129	0.21428571428571
5	387153	130	0
5	387153	131	0.066666666666667
5	387153	132	0
5	387153	133	0.071428571428571
5	387153	134	0
5	387153	135	0
5	387153	136	0.071428571428571
5	387153	137	0
5	387153	138	0
5	387153	139	0.13333333333333
5	387153	140	0.076923076923077
5	387153	141	0
5	387153	142	0.14285714285714
5	387153	143	0
5	387153	144	0.055555555555556
5	387153	145	0.1
5	387153	146	0
5	387153	147	0
5	387153	148	0.0625
5	387153	149	0
5	387153	150	0.058823529411765
5	387153	151	0.090909090909091
5	387153	152	0
5	387153	153	0
5	387153	154	0
5	387153	155	0.071428571428571
5	387153	156	0
5	387153	157	0.076923076923077
5	387153	158	0.11111111111111
5	387153	159	0.090909090909091
5	387153	160	0.083333333333333
5	387153	161	0.14285714285714
5	387153	162	0
5	387153	163	0.083333333333333
5	387153	164	0
5	387153	165	0
5	387153	166	0
5	387153	167	0
5	387153	168	0.076923076923077
5	387153	169	0
5	387153	170	0
5	387153	171	0
5	387153	172	0.066666666666667
5	387153	173	0
5	387153	174	0
5	387153	175	0
5	387153	176	0
5	387153	177	0
5	387153	178	0.076923076923077
5	387153	179	0
5	387153	180	0
5	387153	181	0
5	387153	182	0
5	387153	183	0.13333333333333
5	387153	184	0
5	387153	185	0
5	387153	186	0
5	387153	187	0
5	387153	188	0
5	387153	189	0
5	387153	190	0.083333333333333
5	387153	191	0.11111111111111
5	387153	192	0.083333333333333
5	387153	193	0.090909090909091
5	387153	194	0.14285714285714
5	387153	195	0.2
5	387153	196	0.11111111111111
5	387153	197	0
5	387153	198	0
5	387153	199	0
5	387153	200	0
5	387153	201	0.071428571428571
5	387153	202	0.083333333333333
5	387153	203	0
5	387153	204	0.090909090909091
5	387153	205	0.083333333333333
5	387153	206	0
5	387153	207	0.28571428571429
5	387153	208	0
5	387153	209	0
5	387153	210	0
5	387153	211	0
5	387153	212	0
5	387153	213	0
5	387153	214	0
5	387153	215	0.11111111111111
5	387153	216	0
5	387153	217	0
5	387153	218	0.071428571428571
5	387153	219	0
5	387153	220	0
5	387153	221	0
5	387153	222	0
5	387153	223	0
5	387153	224	0
5	387153	225	0
5	387153	226	0.0625
5	387153	227	0
5	387153	228	0.1
5	387153	229	0.083333333333333
5	387153	230	0
5	387153	231	0.11111111111111
5	387153	232	0
5	387153	233	0
5	387153	234	0
5	387153	235	0
5	387153	236	0.125
5	387153	237	0
5	387153	238	0
vector 6  abilene_network.node[6].content_store  hit_node[6]  ETV
6	387153	1	0.90076335877863
6	387153	2	0.76315789473684
6	387153	3	0.64814814814815
6	387153	4	0.58
6	387153	5	0.32352941176471
6	387153	6	0.59183673469388
6	387153	7	0.45
6	387153	8	0.42105263157895
6	387153	9	0.2962962962963
6	387153	10	0.38235294117647
6	387153	11	0.39130434782609
6	387153	12	0.16666666666667
6	387153	13	0.17391304347826
6	387153	14	0.19047619047619
6	387153	15	0.23076923076923
6	387153	16	0.2962962962963
6	387153	17	0.18181818181818
6	387153	18	0.125
6	387153	19	0.19047619047619
6	387153	20	0.25
6	387153	21	0.17647058823529
6	387153	22	0.14285714285714
6	387153	23	0.125
6	387153	24	0.1
6	387153	25	0.23809523809524
6	387153	26	0.055555555555556
6	387153	27	0.0625
6	387153	28	0.11111111111111
6	387153	29	0.3
6	387153	30	0.14285714285714
6	387153	31	0.125
6	387153	32	0
6	387153	33	0.071428571428571
6	387153	34	0.21428571428571
6	387153	35	0.125
6	387153	36	0
6	387153	37	0
6	387153	38	0.076923076923077
6	387153	39	0.071428571428571
6	387153	40	0.11111111111111
6	387153	41	0.066666666666667
6	387153	42	0
6	387153	43	0.17647058823529
6	387153	44	0.1
6	387153	45	0.13333333333333
6	387153	46	0.23076923076923
6	387153	47	0.25
6	387153	48	0.076923076923077
6	387153	49	0
6	387153	50	0.27272727272727
6	387153	51	0.125
6	387153	52	0.14285714285714
6	387153	53	0
6	387153	54	0.076923076923077
6	387153	55	0
6	387153	56	0.11111111111111
6	387153	57	0
6	387153	58	0
6	387153	59	0
6	387153	60	0
6	387153	61	0
6	387153	62	0
6	387153	63	0
6	387153	64	0.18181818181818
6	387153	65	0
6	387153	66	0.15384615384615
6	387153	67	0.090909090909091
6	387153	68	0
6	387153	69	0.25
6	387153	70	0
6	387153	71	0.071428571428571
6	387153	72	0.090909090909091
6	387153	73	0.076923076923077
6	387153	74	0.18181818181818
6	387153	75	0.125
6	387153	76	0
6	387153	77	0
6	387153	78	0
6	387153	79	0
6	387153	80	0
6	387153	81	0
6	387153	82	0
6	387153	83	0
6	387153	84	0
6	387153	85	0
6	387153	86	0
6	387153	87	0
6	387153	88	0.11111111111111
6	387153	89	0.125
6	387153	90	0.22222222222222
6	387153	91	0.090909090909091
6	387153	92	0
6	387153	93	0
6	387153	94	0.1
6	387153	95	0.2
6	387153	96	0
6	387153	97	0.16666666666667
6	387153	98	0.16666666666667
6	387153	99	0.2
6	387153	100	0.14285714285714
6	387153	101	0.2
6	387153	102	0
6	387153	103	0
6	387153	104	0
6	387153	105	0.14285714285714
6	387153	106	0
6	387153	107	0
6	387153	108	0
6	387153	109	0
6	387153	110	0
6	387153	111	0
6	387153	112	0
6	387153	113	0
6	387153	114	0
6	387153	115	0.2
6	387153	116	0
6	387153	117	0
6	387153	118	0
6	387153	119	0
6	387153	120	0
6	387153	121	0
6	387153	122	0
6	387153	123	0
6	387153	124	0.16666666666667
6	387153	125	0.2
6	387153	126	0
6	387153	127	0
6	387153	128	0
6	387153	129	0
6	387153	130	0
6	387153	131	0
6	387153	132	0
6	387153	133	0
6	387153	134	0.14285714285714
6	387153	135	0
6	387153	136	0.22222222222222
6	387153	137	0
6	387153	138	0
6	387153	139	0.11111111111111
6	387153	140	0
6	387153	141	0.18181818181818
6	387153	142	0
6	387153	143	0.16666666666667
6	387153	144	0
6	387153	145	0
6	387153	146	0
6	387153	147	0
6	387153	148	0
6	387153	149	0
6	387153	150	0
6	387153	151	0
6	387153	152	0
6	387153	153	0
6	387153	154	0
6	387153	155	0
6	387153	156	0
6	387153	157	0.16666666666667
6	387153	158	0
6	387153	159	0
6	387153	160	0
6	387153	161	0
6	387153	162	0
6	387153	163	0
6	387153	164	0
6	387153	165	0
6	387153	166	0
6	387153	167	0.4
6	387153	168	0
6	387153	169	0
6	387153	170	0.16666666666667
6	387153	171	0.2
6	387153	172	0
6	387153	173	0
6	387153	174	0
6	387153	175	0
6	387153	176	0
6	387153	177	0
6	387153	178	0.2
6	387153	179	0
6	387153	180	0
6	387153	181	0
6	387153	182	0
6	387153	183	0
6	387153	184	0
6	387153	185	0
6	387153	186	0
6	387153	187	0
6	387153	188	0
6	387153	189	0
6	387153	190	0
6	387153	191	0
6	387153	192	0
6	387153	193	0
6	387153	194	0
6	387153	195	0
6	387153	196	0
6	387153	197	0.16666666666667
6	387153	198	0.16666666666667
6	387153	199	0
6	387153	200	0.14285714285714
6	387153	201	0.14285714285714
6	387153	202	0.2
6	387153	203	0
6	387153	204	0
6	387153	205	0
6	387153	206	0.25
6	387153	207	0
6	387153	208	0
6	387153	209	0
6	387153	210	0
6	387153	211	0
6	387153	212	0
6	387153	213	0
6	387153	214	0
6	387153	215	0
6	387153	216	0
6	387153	217	0
6	387153	218	0
6	387153	219	0
6	387153	220	-nan
6	387153	221	0
6	387153	222	0
6	387153	223	0
6	387153	224	0
6	387153	225	0.2
6	387153	226	0
6	387153	227	0
6	387153	228	0
6	387153	229	0
6	387153	230	0
6	387153	231	0
6	387153	232	0
6	387153	233	0.33333333333333
6	387153	234	-nan
6	387153	235	0
6	387153	236	0
6	387153	237	0
6	387153	238	-nan
vector 7  abilene_network.node[7].content_store  hit_node[7]  ETV
7	387153	1	0.91089108910891
7	387153	2	0.78787878787879
7	387153	3	0.73214285714286
7	387153	4	0.57777777777778
7	387153	5	0.60526315789474
7	387153	6	0.48648648648649
7	387153	7	0.41379310344828
7	387153	8	0.30769230769231
7	387153	9	0.36
7	387153	10	0.46666666666667
7	387153	11	0.46153846153846
7	387153	12	0.37037037037037
7	387153	13	0.1875
7	387153	14	0.28571428571429
7	387153	15	0.36363636363636
7	387153	16	0.35
7	387153	17	0.11764705882353
7	387153	18	0.10526315789474
7	387153	19	0.13333333333333
7	387153	20	0.35294117647059
7	387153	21	0.13333333333333
7	387153	22	0.1
7	387153	23	0.31578947368421
7	387153	24	0.125
7	387153	25	0.076923076923077
7	387153	26	0.26315789473684
7	387153	27	0.16666666666667
7	387153	28	0.35714285714286
7	387153	29	0.41666666666667
7	387153	30	0.16666666666667
7	387153	31	0.375
7	387153	32	0.16666666666667
7	387153	33	0.125
7	387153	34	0.090909090909091
7	387153	35	0.083333333333333
7	387153	36	0.16666666666667
7	387153	37	0
7	387153	38	0
7	387153	39	0.22222222222222
7	387153	40	0.16666666666667
7	387153	41	0.25
7	387153	42	0
7	387153	43	0.25
7	387153	44	0.22222222222222
7	387153	45	0.11111111111111
7	387153	46	0.125
7	387153	47	0.25
7	387153	48	0.083333333333333
7	387153	49	0.125
7	387153	50	0.066666666666667
7	387153	51	0.25
7	387153	52	0
7	387153	53	0.14285714285714
7	387153	54	0.18181818181818
7	387153	55	0.11111111111111
7	387153	56	0
7	387153	57	0
7	387153	58	0.2
7	387153	59	0.14285714285714
7	387153	60	0
7	387153	61	0
7	387153	62	0.2
7	387153	63	0
7	387153	64	0
7	387153	65	0
7	387153	66	0
7	387153	67	0
7	387153	68	0
7	387153	69	0.16666666666667
7	387153	70	0.125
7	387153	71	0
7	387153	72	0
7	387153	73	0.090909090909091
7	387153	74	0
7	387153	75	0
7	387153	76	0
7	387153	77	0
7	387153	78	0
7	387153	79	0
7	387153	80	0
7	387153	81	0.28571428571429
7	387153	82	0
7	387153	83	0
7	387153	84	0
7	387153	85	0
7	387153	86	0
7	387153	87	0
7	387153	88	0.14285714285714
7	387153	89	0
7	387153	90	0
7	387153	91	0
7	387153	92	0
7	387153	93	0.25
7	387153	94	0
7	387153	95	0
7	387153	96	0
7	387153	97	0
7	387153	98	0
7	387153	99	0
7	387153	100	0
7	387153	101	0.25
7	387153	102	0
7	387153	103	0.16666666666667
7	387153	104	0
7	387153	105	0
7	387153	106	0.28571428571429
7	387153	107	0.2
7	387153	108	0
7	387153	109	0
7	387153	110	0
7	387153	111	0
7	387153	112	0
7	387153	113	0
7	387153	114	0
7	387153	115	0
7	387153	116	0.33333333333333
7	387153	117	0
7	387153	118	0
7	387153	119	0
7	387153	120	0
7	387153	121	0.2
7	387153	122	0.28571428571429
7	387153	123	0
7	387153	124	0.25
7	387153	125	0
7	387153	126	0
7	387153	127	0.2
7	387153	128	0
7	387153	129	0
7	387153	130	0
7	387153	131	0
7	387153	132	0
7	387153	133	0
7	387153	134	0
7	387153	135	0
7	387153	136	0.2
7	387153	137	0
7	387153	138	0
7	387153	139	0.11111111111111
7	387153	140	0
7	387153	141	0.125
7	387153	142	0
7	387153	143	0
7	387153	144	0
7	387153	145	0
7	387153	146	0
7	387153	147	-nan
7	387153	148	0
7	387153	149	0
7	387153	150	0
7	387153	151	0.33333333333333
7	387153	152	0
7	387153	153	0.4
7	387153	154	0
7	387153	155	0
7	387153	156	0
7	387153	157	0.2
7	387153	158	0
7	387153	159	0.2
7	387153	160	0
7	387153	161	0
7	387153	162	0.33333333333333
7	387153	163	0
7	387153	164	0
7	387153	165	0
7	387153	166	0
7	387153	167	0
7	387153	168	0
7	387153	169	0
7	387153	170	0.16666666666667
7	387153	171	0
7	387153	172	0
7	387153	173	0
7	387153	174	0
7	387153	175	0
7	387153	176	0
7	387153	177	0
7	387153	178	0
7	387153	179	0
7	387153	180	0
7	387153	181	0
7	387153	182	0
7	387153	183	0
7	387153	184	0
7	387153	185	0
7	387153	186	0
7	387153	187	0.25
7	387153	188	0
7	387153	189	0
7	387153	190	0
7	387153	191	0
7	387153	192	0
7	387153	193	0.2
7	387153	194	0
7	387153	195	0.16666666666667
7	387153	196	0
7	387153	197	0
7	387153	198	0.2
7	387153	199	0
7	387153	200	0
7	387153	201	0
7	387153	202	0
7	387153	203	0.2
7	387153	204	0
7	387153	205	0.33333333333333
7	387153	206	0
7	387153	207	0
7	387153	208	0.33333333333333
7	387153	209	-nan
7	387153	210	0
7	387153	211	-nan
7	387153	212	-nan
7	387153	213	0
7	387153	214	0
7	387153	215	0
7	387153	216	0
7	387153	217	0
7	387153	218	0
7	387153	219	0
7	387153	220	-nan
7	387153	221	0
7	387153	222	0
7	387153	223	0
7	387153	224	0
7	387153	225	0
7	387153	226	0
7	387153	227	0.2
7	387153	228	0
7	387153	229	0
7	387153	230	0
7	387153	231	0
7	387153	232	0
7	387153	233	0
7	387153	234	-nan
7	387153	235	0
7	387153	236	0
7	387153	237	0.2
7	387153	238	-nan
vector 8  abilene_network.node[8].content_store  hit_node[8]  ETV
8	387153	1	0.98275862068966
8	387153	2	0.93846153846154
8	387153	3	0.82978723404255
8	387153	4	0.725
8	387153	5	0.5
8	387153	6	0.51851851851852
8	387153	7	0.35294117647059
8	387153	8	0.33333333333333
8	387153	9	0.48
8	387153	10	0.47826086956522
8	387153	11	0.61904761904762
8	387153	12	0.61904761904762
8	387153	13	0.375
8	387153	14	0.13333333333333
8	387153	15	0.35714285714286
8	387153	16	0.21428571428571
8	387153	17	0.47058823529412
8	387153	18	0.38461538461538
8	387153	19	0.4
8	387153	20	0.25
8	387153	21	0.18181818181818
8	387153	22	0.33333333333333
8	387153	23	0.46153846153846
8	387153	24	0.33333333333333
8	387153	25	0.33333333333333
8	387153	26	0.27272727272727
8	387153	27	0.36363636363636
8	387153	28	0.3
8	387153	29	0.33333333333333
8	387153	30	0.25
8	387153	31	0.125
8	387153	32	0.18181818181818
8	387153	33	0.28571428571429
8	387153	34	0.38461538461538
8	387153	35	0.125
8	387153	36	0.53846153846154
8	387153	37	0.25
8	387153	38	0.33333333333333
8	387153	39	0.375
8	387153	40	0.2
8	387153	41	0.33333333333333
8	387153	42	0
8	387153	43	0
8	387153	44	0.25
8	387153	45	0
8	387153	46	0.25
8	387153	47	0.2
8	387153	48	0.25
8	387153	49	0
8	387153	50	0
8	387153	51	0
8	387153	52	0.2
8	387153	53	0
8	387153	54	0
8	387153	55	0
8	387153	56	0
8	387153	57	0.28571428571429
8	387153	58	0
8	387153	59	0.25
8	387153	60	0
8	387153	61	0.14285714285714
8	387153	62	0
8	387153	63	0
8	387153	64	0.2
8	387153	65	0.4
8	387153	66	0
8	387153	67	0.16666666666667
8	387153	68	0
8	387153	69	0
8	387153	70	0.28571428571429
8	387153	71	0
8	387153	72	0.2
8	387153	73	0
8	387153	74	0
8	387153	75	0
8	387153	76	0.33333333333333
8	387153	77	0.25
8	387153	78	0
8	387153	79	0.16666666666667
8	387153	80	0
8	387153	81	0.2
8	387153	82	0.5
8	387153	83	0
8	387153	84	0
8	387153	85	0.25
8	387153	86	0
8	387153	87	0.2
8	387153	88	0
8	387153	89	0.2
8	387153	90	0
8	387153	91	0.16666666666667
8	387153	92	0
8	387153	93	0.4
8	387153	94	0
8	387153	95	0
8	387153	96	0
8	387153	97	0
8	387153	98	0
8	387153	99	0
8	387153	100	0
8	387153	101	0
8	387153	102	0
8	387153	103	0
8	387153	104	0
8	387153	105	0
8	387153	106	0.2
8	387153	107	0
8	387153	108	0
8	387153	109	0
8	387153	110	0
8	387153	111	0
8	387153	112	0
8	387153	113	0
8	387153	114	0
8	387153	115	0
8	387153	116	0
8	387153	117	0
8	387153	118	0
8	387153	119	0
8	387153	120	0
8	387153	121	0
8	387153	122	0
8	387153	123	0
8	387153	124	0
8	387153	125	0
8	387153	126	0.28571428571429
8	387153	127	0
8	387153	128	0.33333333333333
8	387153	129	0
8	387153	130	0
8	387153	131	0
8	387153	132	0
8	387153	133	0
8	387153	134	0.2
8	387153	135	0
8	387153	136	0
8	387153	137	0
8	387153	138	0
8	387153	139	0
8	387153	140	0
8	387153	141	0
8	387153	142	0
8	387153	143	0
8	387153	144	0
8	387153	145	0
8	387153	146	0
8	387153	147	-nan
8	387153	148	0
8	387153	149	-nan
8	387153	150	0
8	387153	151	-nan
8	387153	152	0
8	387153	153	0
8	387153	154	0
8	387153	155	0
8	387153	156	0
8	387153	157	0
8	387153	158	0
8	387153	159	0
8	387153	160	0
8	387153	161	0
8	387153	162	0
8	387153	163	0
8	387153	164	0.25
8	387153	165	0
8	387153	166	0
8	387153	167	0
8	387153	168	0.66666666666667
8	387153	169	-nan
8	387153	170	0.16666666666667
8	387153	171	0
8	387153	172	0
8	387153	173	0
8	387153	174	0
8	387153	175	-nan
8	387153	176	0
8	387153	177	0
8	387153	178	0
8	387153	179	0
8	387153	180	0.33333333333333
8	387153	181	-nan
8	387153	182	0.25
8	387153	183	0
8	387153	184	0
8	387153	185	0
8	387153	186	0
8	387153	187	0
8	387153	188	0
8	387153	189	0
8	387153	190	0
8	387153	191	0.25
8	387153	192	0
8	387153	193	0
8	387153	194	0
8	387153	195	0
8	387153	196	0
8	387153	197	0
8	387153	198	0.33333333333333
8	387153	199	0
8	387153	200	0
8	387153	201	0
8	387153	202	0
8	387153	203	0
8	387153	204	0
8	387153	205	0
8	387153	206	0.33333333333333
8	387153	207	0
8	387153	208	0
8	387153	209	-nan
8	387153	210	0
8	387153	211	-nan
8	387153	212	-nan
8	387153	213	0
8	387153	214	0
8	387153	215	-nan
8	387153	216	0
8	387153	217	0
8	387153	218	0
8	387153	219	0
8	387153	220	-nan
8	387153	221	0
8	387153	222	0
8	387153	223	0
8	387153	224	0
8	387153	225	0
8	387153	226	0
8	387153	227	0
8	387153	228	0
8	387153	229	0
8	387153	230	-nan
8	387153	231	0
8	387153	232	0
8	387153	233	0
8	387153	234	-nan
8	387153	235	0
8	387153	236	0
8	387153	237	0
8	387153	238	-nan
vector 9  abilene_network.node[9].content_store  hit_node[9]  ETV
9	387153	1	1
9	387153	2	1
9	387153	3	0.93617021276596
9	387153	4	0.73076923076923
9	387153	5	0.80769230769231
9	387153	6	0.8
9	387153	7	0.625
9	387153	8	0.8
9	387153	9	0.66666666666667
9	387153	10	0.41666666666667
9	387153	11	0.41666666666667
9	387153	12	0.53333333333333
9	387153	13	0.46153846153846
9	387153	14	0.27272727272727
9	387153	15	0.61538461538462
9	387153	16	0.54545454545455
9	387153	17	0.58333333333333
9	387153	18	0.5
9	387153	19	0.2
9	387153	20	0.5
9	387153	21	0.25
9	387153	22	0.4
9	387153	23	0.5
9	387153	24	0.25
9	387153	25	0.25
9	387153	26	0
9	387153	27	0.33333333333333
9	387153	28	0.375
9	387153	29	0
9	387153	30	0
9	387153	31	0
9	387153	32	0.375
9	387153	33	1
9	387153	34	0.36363636363636
9	387153	35	0.66666666666667
9	387153	36	0.2
9	387153	37	0.2
9	387153	38	0
9	387153	39	0.33333333333333
9	387153	40	-nan
9	387153	41	0.22222222222222
9	387153	42	0.42857142857143
9	387153	43	0.25
9	387153	44	0.33333333333333
9	387153	45	0
9	387153	46	0
9	387153	47	0.4
9	387153	48	0
9	387153	49	0.66666666666667
9	387153	50	0.25
9	387153	51	0
9	387153	52	0
9	387153	53	0
9	387153	54	0.25
9	387153	55	0.5
9	387153	56	0
9	387153	57	0.5
9	387153	58	0
9	387153	59	0
9	387153	60	0.33333333333333
9	387153	61	0.2
9	387153	62	0
9	387153	63	0
9	387153	64	0
9	387153	65	0
9	387153	66	0
9	387153	67	0.625
9	387153	68	0
9	387153	69	0
9	387153	70	0.16666666666667
9	387153	71	0.2
9	387153	72	0
9	387153	73	0.5
9	387153	74	0
9	387153	75	0
9	387153	76	0
9	387153	77	0
9	387153	78	-nan
9	387153	79	0.16666666666667
9	387153	80	0
9	387153	81	0
9	387153	82	0
9	387153	83	-nan
9	387153	84	0.5
9	387153	85	0
9	387153	86	0
9	387153	87	0.25
9	387153	88	0
9	387153	89	0
9	387153	90	0
9	387153	91	0
9	387153	92	0.33333333333333
9	387153	93	0
9	387153	94	0
9	387153	95	-nan
9	387153	96	0
9	387153	97	-nan
9	387153	98	0
9	387153	99	0.33333333333333
9	387153	100	0
9	387153	101	0
9	387153	102	-nan
9	387153	103	0
9	387153	104	0
9	387153	105	-nan
9	387153	106	0
9	387153	107	0
9	387153	108	0
9	387153	109	-nan
9	387153	110	0
9	387153	111	0
9	387153	112	0
9	387153	113	-nan
9	387153	114	0
9	387153	115	0
9	387153	116	0
9	387153	117	0
9	387153	118	0
9	387153	119	0
9	387153	120	0
9	387153	121	0.5
9	387153	122	0.33333333333333
9	387153	123	0
9	387153	124	0
9	387153	125	0
9	387153	126	0
9	387153	127	-nan
9	387153	128	0
9	387153	129	0
9	387153	130	-nan
9	387153	131	0
9	387153	132	0
9	387153	133	0
9	387153	134	0.5
9	387153	135	0
9	387153	136	0
9	387153	137	0.33333333333333
9	387153	138	0
9	387153	139	0
9	387153	140	0
9	387153	141	0
9	387153	142	0.66666666666667
9	387153	143	0
9	387153	144	0
9	387153	145	0
9	387153	146	0
9	387153	147	-nan
9	387153	148	0
9	387153	149	-nan
9	387153	150	-nan
9	387153	151	-nan
9	387153	152	0
9	387153	153	0
9	387153	154	0
9	387153	155	-nan
9	387153	156	-nan
9	387153	157	0
9	387153	158	-nan
9	387153	159	0
9	387153	160	0
9	387153	161	0.5
9	387153	162	0
9	387153	163	0.33333333333333
9	387153	164	0.33333333333333
9	387153	165	-nan
9	387153	166	0
9	387153	167	-nan
9	387153	168	0
9	387153	169	-nan
9	387153	170	-nan
9	387153	171	0
9	387153	172	-nan
9	387153	173	0
9	387153	174	0
9	387153	175	-nan
9	387153	176	-nan
9	387153	177	0
9	387153	178	0
9	387153	179	-nan
9	387153	180	0
9	387153	181	-nan
9	387153	182	0.25
9	387153	183	0
9	387153	184	0
9	387153	185	0
9	387153	186	0
9	387153	187	0
9	387153	188	0
9	387153	189	-nan
9	387153	190	0
9	387153	191	0.33333333333333
9	387153	192	-nan
9	387153	193	0
9	387153	194	0
9	387153	195	0
9	387153	196	0
9	387153	197	0
9	387153	198	0
9	387153	199	-nan
9	387153	200	0
9	387153	201	0
9	387153	202	0
9	387153	203	0
9	387153	204	0
9	387153	205	-nan
9	387153	206	0
9	387153	207	0
9	387153	208	0
9	387153	209	-nan
9	387153	210	0
9	387153	211	-nan
9	387153	212	-nan
9	387153	213	0
9	387153	214	0
9	387153	215	-nan
9	387153	216	0
9	387153	217	-nan
9	387153	218	0
9	387153	219	-nan
9	387153	220	-nan
9	387153	221	0
9	387153	222	-nan
9	387153	223	0
9	387153	224	0
9	387153	225	0
9	387153	226	0
9	387153	227	0
9	387153	228	-nan
9	387153	229	-nan
9	387153	230	-nan
9	387153	231	0
9	387153	232	0
9	387153	233	-nan
9	387153	234	-nan
9	387153	235	0
9	387153	236	0
9	387153	237	0
9	387153	238	-nan
vector 10  abilene_network.node[10].content_store  hit_node[10]  ETV
10	387153	1	0.99099099099099
10	387153	2	1
10	387153	3	0.95555555555556
10	387153	4	0.83333333333333
10	387153	5	0.8
10	387153	6	0.73913043478261
10	387153	7	0.77272727272727
10	387153	8	0.64705882352941
10	387153	9	0.78260869565217
10	387153	10	0.66666666666667
10	387153	11	0.71428571428571
10	387153	12	0.61538461538462
10	387153	13	0.66666666666667
10	387153	14	0.72222222222222
10	387153	15	0.45454545454545
10	387153	16	0
10	387153	17	0.55555555555556
10	387153	18	0.33333333333333
10	387153	19	0.33333333333333
10	387153	20	0
10	387153	21	0.28571428571429
10	387153	22	0.14285714285714
10	387153	23	0.375
10	387153	24	0.63636363636364
10	387153	25	0.4
10	387153	26	0.16666666666667
10	387153	27	0.28571428571429
10	387153	28	0.28571428571429
10	387153	29	0.5
10	387153	30	0.375
10	387153	31	0.42857142857143
10	387153	32	0
10	387153	33	0.5
10	387153	34	0.5
10	387153	35	0
10	387153	36	0
10	387153	37	0
10	387153	38	0.14285714285714
10	387153	39	0.5
10	387153	40	0.16666666666667
10	387153	41	0
10	387153	42	0
10	387153	43	0.25
10	387153	44	-nan
10	387153	45	0.4
10	387153	46	0
10	387153	47	0.2
10	387153	48	0
10	387153	49	0
10	387153	50	0.2
10	387153	51	0
10	387153	52	0.2
10	387153	53	0.2
10	387153	54	0
10	387153	55	0
10	387153	56	0.33333333333333
10	387153	57	0
10	387153	58	0.33333333333333
10	387153	59	0
10	387153	60	-nan
10	387153	61	0.25
10	387153	62	0.5
10	387153	63	0
10	387153	64	0
10	387153	65	0.5
10	387153	66	0
10	387153	67	0
10	387153	68	-nan
10	387153	69	0.33333333333333
10	387153	70	-nan
10	387153	71	0.2
10	387153	72	0.25
10	387153	73	-nan
10	387153	74	0
10	387153	75	0
10	387153	76	0
10	387153	77	0.2
10	387153	78	0
10	387153	79	0
10	387153	80	0.33333333333333
10	387153	81	-nan
10	387153	82	0.5
10	387153	83	0
10	387153	84	0
10	387153	85	0
10	387153	86	0.5
10	387153	87	0
10	387153	88	0
10	387153	89	-nan
10	387153	90	0
10	387153	91	0
10	387153	92	0
10	387153	93	0
10	387153	94	-nan
10	387153	95	-nan
10	387153	96	0
10	387153	97	0
10	387153	98	0
10	387153	99	-nan
10	387153	100	0
10	387153	101	0.4
10	387153	102	0
10	387153	103	0
10	387153	104	-nan
10	387153	105	0
10	387153	106	0
10	387153	107	0.33333333333333
10	387153	108	0.33333333333333
10	387153	109	0
10	387153	110	0.33333333333333
10	387153	111	0
10	387153	112	0.5
10	387153	113	0
10	387153	114	0
10	387153	115	0
10	387153	116	0
10	387153	117	0
10	387153	118	0.2
10	387153	119	0
10	387153	120	0
10	387153	121	0
10	387153	122	0
10	387153	123	-nan
10	387153	124	0
10	387153	125	-nan
10	387153	126	0
10	387153	127	-nan
10	387153	128	0.33333333333333
10	387153	129	-nan
10	387153	130	-nan
10	387153	131	0.33333333333333
10	387153	132	0
10	387153	133	0
10	387153	134	-nan
10	387153	135	0
10	387153	136	0
10	387153	137	-nan
10	387153	138	0
10	387153	139	0
10	387153	140	0
10	387153	141	0
10	387153	142	-nan
10	387153	143	0
10	387153	144	0
10	387153	145	-nan
10	387153	146	-nan
10	387153	147	-nan
10	387153	148	0
10	387153	149	-nan
10	387153	150	0
10	387153	151	0
10	387153	152	0
10	387153	153	0
10	387153	154	0
10	387153	155	0
10	387153	156	-nan
10	387153	157	0
10	387153	158	0
10	387153	159	-nan
10	387153	160	0
10	387153	161	0
10	387153	162	0
10	387153	163	0
10	387153	164	0
10	387153	165	0.6
10	387153	166	-nan
10	387153	167	0
10	387153	168	0
10	387153	169	-nan
10	387153	170	-nan
10	387153	171	0
10	387153	172	-nan
10	387153	173	0
10	387153	174	-nan
10	387153	175	0
10	387153	176	0
10	387153	177	0
10	387153	178	-nan
10	387153	179	0
10	387153	180	-nan
10	387153	181	0
10	387153	182	-nan
10	387153	183	0
10	387153	184	0
10	387153	185	-nan
10	387153	186	0
10	387153	187	0
10	387153	188	0
10	387153	189	0
10	387153	190	0
10	387153	191	-nan
10	387153	192	-nan
10	387153	193	0
10	387153	194	0
10	387153	195	-nan
10	387153	196	-nan
10	387153	197	0
10	387153	198	0
10	387153	199	-nan
10	387153	200	0
10	387153	201	-nan
10	387153	202	-nan
10	387153	203	0
10	387153	204	0
10	387153	205	0
10	387153	206	0
10	387153	207	-nan
10	387153	208	0
10	387153	209	0
10	387153	210	-nan
10	387153	211	0
10	387153	212	0
10	387153	213	0
10	387153	214	-nan
10	387153	215	0
10	387153	216	-nan
10	387153	217	-nan
10	387153	218	0
10	387153	219	-nan
10	387153	220	-nan
10	387153	221	0
10	387153	222	-nan
10	387153	223	0
10	387153	224	0.25
10	387153	225	0
10	387153	226	0
10	387153	227	0
10	387153	228	0
10	387153	229	0
10	387153	230	-nan
10	387153	231	0
10	387153	232	0
10	387153	233	-nan
10	387153	234	-nan
10	387153	235	-nan
10	387153	236	0
10	387153	237	0
10	387153	238	0
vector 11  abilene_network.client[0]  hdistance[0]  ETV
11	387153	1	0
11	387153	2	0.053571428571429
11	387153	3	0.021276595744681
11	387153	4	0.11428571428571
11	387153	5	0.23333333333333
11	387153	6	0.72222222222222
11	387153	7	0.36666666666667
11	387153	8	1.3
11	387153	9	1.4
11	387153	10	0.89473684210526
11	387153	11	0.65
11	387153	12	0.26315789473684
11	387153	13	1.375
11	387153	14	0.75
11	387153	15	2.2
11	387153	16	1.9
11	387153	17	3
11	387153	18	1.3333333333333
11	387153	19	1.5
11	387153	20	4
11	387153	21	1.5
11	387153	22	2.3333333333333
11	387153	23	4.2
11	387153	24	2.75
11	387153	25	4.8
11	387153	26	1.8
11	387153	27	2.2
11	387153	28	2
11	387153	29	3.1666666666667
11	387153	30	5
11	387153	31	6
11	387153	32	4.3333333333333
11	387153	33	4.6
11	387153	34	5.3333333333333
11	387153	35	4.75
11	387153	36	6
11	387153	37	4
11	387153	38	2.75
11	387153	39	5.5
11	387153	40	3.8
11	387153	41	2.25
11	387153	42	1
11	387153	43	0
11	387153	44	6
11	387153	45	4
11	387153	46	3.5
11	387153	47	3.5
11	387153	48	2.25
11	387153	49	6
11	387153	50	4.3333333333333
11	387153	51	6
11	387153	52	6
11	387153	53	5.6666666666667
11	387153	54	3.5
11	387153	55	6
11	387153	56	4.5
11	387153	57	2.5714285714286
11	387153	58	2.6
11	387153	59	4.25
11	387153	60	1
11	387153	61	0
11	387153	62	5.6666666666667
11	387153	63	3.6
11	387153	64	6
11	387153	65	6
11	387153	66	6
11	387153	67	4
11	387153	68	5.3333333333333
11	387153	69	6
11	387153	70	6
11	387153	71	3.6666666666667
11	387153	72	6
11	387153	73	4.8
11	387153	74	4.1428571428571
11	387153	75	3
11	387153	76	6
11	387153	77	4.5
11	387153	78	6
11	387153	79	3
11	387153	80	6
11	387153	81	3.5
11	387153	82	6
11	387153	83	3
11	387153	84	5.5
11	387153	85	2
11	387153	86	5.25
11	387153	87	6
11	387153	88	5.6666666666667
11	387153	89	6
11	387153	90	6
11	387153	91	6
11	387153	92	6
11	387153	93	6
11	387153	94	4
11	387153	95	4
11	387153	96	4
11	387153	97	6
11	387153	98	3
11	387153	99	6
11	387153	100	6
11	387153	101	6
11	387153	102	6
11	387153	103	6
11	387153	104	6
11	387153	105	6
11	387153	106	6
11	387153	107	2.3333333333333
11	387153	108	6
11	387153	109	3
11	387153	110	2
11	387153	111	4.5
11	387153	112	6
11	387153	113	6
11	387153	114	0
11	387153	115	3.5
11	387153	116	6
11	387153	117	6
11	387153	118	3.5
11	387153	119	6
11	387153	120	3
11	387153	121	1
11	387153	122	1
11	387153	123	6
11	387153	124	4
11	387153	125	6
11	387153	126	0
11	387153	127	6
11	387153	128	6
11	387153	129	5
11	387153	130	4
11	387153	131	5.3333333333333
11	387153	132	6
11	387153	133	6
11	387153	134	6
11	387153	135	3.5
11	387153	136	6
11	387153	137	0
11	387153	138	0
11	387153	139	0
11	387153	140	6
11	387153	141	3
11	387153	142	0
11	387153	143	6
11	387153	144	0
11	387153	145	0
11	387153	146	0
11	387153	147	6
11	387153	148	1
11	387153	149	6
11	387153	150	3
11	387153	151	6
11	387153	152	0
11	387153	153	6
11	387153	154	0
11	387153	155	6
11	387153	156	6
11	387153	157	6
11	387153	158	6
11	387153	159	0
11	387153	160	6
11	387153	161	6
11	387153	162	0
11	387153	163	4.6666666666667
11	387153	164	0
11	387153	165	1
11	387153	166	3
11	387153	167	6
11	387153	168	6
11	387153	169	3
11	387153	170	6
11	387153	171	6
11	387153	172	6
11	387153	173	6
11	387153	174	6
11	387153	175	6
11	387153	176	6
11	387153	177	0
11	387153	178	6
11	387153	179	6
11	387153	180	3.5
11	387153	181	2
11	387153	182	6
11	387153	183	6
11	387153	184	6
11	387153	185	6
11	387153	186	0
11	387153	187	3
11	387153	188	4.5
11	387153	189	0
11	387153	190	0
11	387153	191	0
11	387153	192	6
11	387153	193	6
11	387153	194	6
11	387153	195	0
11	387153	196	0
11	387153	197	6
11	387153	198	0
11	387153	199	6
11	387153	200	6
11	387153	201	6
11	387153	202	6
11	387153	203	6
11	387153	204	0
11	387153	205	6
11	387153	206	6
11	387153	207	5
11	387153	208	6
11	387153	209	6
11	387153	210	6
11	387153	211	6
11	387153	212	0
11	387153	213	6
11	387153	214	0
11	387153	215	1.5
11	387153	216	0
11	387153	217	0
11	387153	218	6
11	387153	219	6
11	387153	220	6
11	387153	221	0
11	387153	222	6
11	387153	223	6
11	387153	224	0
11	387153	225	0
11	387153	226	6
11	387153	227	0
11	387153	228	6
11	387153	229	0
11	387153	230	0
11	387153	231	0
11	387153	232	4.3333333333333
11	387153	233	6
11	387153	234	0
11	387153	235	6
11	387153	236	6
11	387153	237	6
11	387153	238	3.5
vector 12  abilene_network.client[1]  hdistance[1]  ETV
12	387153	1	0.064220183486239
12	387153	2	0.32467532467532
12	387153	3	0.54761904761905
12	387153	4	0.80555555555556
12	387153	5	1.448275862069
12	387153	6	1.16
12	387153	7	1.25
12	387153	8	2.2941176470588
12	387153	9	1.8
12	387153	10	1.375
12	387153	11	1.5217391304348
12	387153	12	2.1052631578947
12	387153	13	2.2
12	387153	14	2.2307692307692
12	387153	15	2.2
12	387153	16	2.6666666666667
12	387153	17	2.3333333333333
12	387153	18	1.9090909090909
12	387153	19	1.5
12	387153	20	2.8888888888889
12	387153	21	2
12	387153	22	1.5
12	387153	23	2
12	387153	24	3.1428571428571
12	387153	25	1.8333333333333
12	387153	26	3
12	387153	27	0.6
12	387153	28	4.4
12	387153	29	5
12	387153	30	2.25
12	387153	31	2.5
12	387153	32	5
12	387153	33	2.5714285714286
12	387153	34	4.8
12	387153	35	3.5714285714286
12	387153	36	4.75
12	387153	37	3
12	387153	38	2.625
12	387153	39	3.3333333333333
12	387153	40	2.6666666666667
12	387153	41	3.5
12	387153	42	5
12	387153	43	2.5
12	387153	44	3.3333333333333
12	387153	45	5
12	387153	46	2.8
12	387153	47	4
12	387153	48	5
12	387153	49	3.75
12	387153	50	5
12	387153	51	1
12	387153	52	2.5
12	387153	53	5
12	387153	54	2.5
12	387153	55	3.6666666666667
12	387153	56	3.75
12	387153	57	4.8571428571429
12	387153	58	5
12	387153	59	5
12	387153	60	5
12	387153	61	3.5
12	387153	62	4.8333333333333
12	387153	63	0
12	387153	64	5
12	387153	65	5
12	387153	66	5
12	387153	67	3.2
12	387153	68	1.5
12	387153	69	5
12	387153	70	4.6666666666667
12	387153	71	3.3333333333333
12	387153	72	2.6666666666667
12	387153	73	4.5
12	387153	74	5
12	387153	75	3.6666666666667
12	387153	76	3.3333333333333
12	387153	77	2.5
12	387153	78	5
12	387153	79	4.5
12	387153	80	0
12	387153	81	5
12	387153	82	5
12	387153	83	5
12	387153	84	0
12	387153	85	5
12	387153	86	2.5
12	387153	87	5
12	387153	88	2
12	387153	89	5
12	387153	90	5
12	387153	91	4.3333333333333
12	387153	92	0
12	387153	93	5
12	387153	94	4
12	387153	95	5
12	387153	96	4.5
12	387153	97	0
12	387153	98	3
12	387153	99	3.7142857142857
12	387153	100	2.4
12	387153	101	5
12	387153	102	0
12	387153	103	4
12	387153	104	3.6666666666667
12	387153	105	0
12	387153	106	5
12	387153	107	5
12	387153	108	0
12	387153	109	5
12	387153	110	5
12	387153	111	5
12	387153	112	5
12	387153	113	5
12	387153	114	5
12	387153	115	0
12	387153	116	5
12	387153	117	5
12	387153	118	5
12	387153	119	5
12	387153	120	5
12	387153	121	0
12	387153	122	4
12	387153	123	5
12	387153	124	5
12	387153	125	5
12	387153	126	5
12	387153	127	5
12	387153	128	0
12	387153	129	0
12	387153	130	5
12	387153	131	0
12	387153	132	3
12	387153	133	4.6666666666667
12	387153	134	2.5
12	387153	135	5
12	387153	136	5
12	387153	137	5
12	387153	138	5
12	387153	139	5
12	387153	140	1
12	387153	141	5
12	387153	142	3.75
12	387153	143	5
12	387153	144	0
12	387153	145	5
12	387153	146	5
12	387153	147	5
12	387153	148	5
12	387153	149	0
12	387153	150	5
12	387153	151	5
12	387153	152	5
12	387153	153	5
12	387153	154	5
12	387153	155	5
12	387153	156	5
12	387153	157	0
12	387153	158	5
12	387153	159	5
12	387153	160	0
12	387153	161	5
12	387153	162	2.5
12	387153	163	0
12	387153	164	5
12	387153	165	5
12	387153	166	5
12	387153	167	5
12	387153	168	0
12	387153	169	0
12	387153	170	0
12	387153	171	1.6666666666667
12	387153	172	5
12	387153	173	0
12	387153	174	0
12	387153	175	0
12	387153	176	0
12	387153	177	5
12	387153	178	5
12	387153	179	5
12	387153	180	5
12	387153	181	0
12	387153	182	0
12	387153	183	0
12	387153	184	2.5
12	387153	185	0
12	387153	186	0
12	387153	187	5
12	387153	188	0
12	387153	189	5
12	387153	190	0
12	387153	191	5
12	387153	192	4.6666666666667
12	387153	193	0
12	387153	194	5
12	387153	195	5
12	387153	196	5
12	387153	197	5
12	387153	198	0
12	387153	199	5
12	387153	200	0
12	387153	201	0
12	387153	202	5
12	387153	203	5
12	387153	204	5
12	387153	205	5
12	387153	206	5
12	387153	207	5
12	387153	208	0
12	387153	209	0
12	387153	210	5
12	387153	211	0
12	387153	212	2.5
12	387153	213	5
12	387153	214	0
12	387153	215	0
12	387153	216	0
12	387153	217	0
12	387153	218	5
12	387153	219	0
12	387153	220	0
12	387153	221	0
12	387153	222	5
12	387153	223	5
12	387153	224	5
12	387153	225	0
12	387153	226	3.75
12	387153	227	5
12	387153	228	5
12	387153	229	5
12	387153	230	5
12	387153	231	0
12	387153	232	0
12	387153	233	0
12	387153	234	0
12	387153	235	5
12	387153	236	0
12	387153	237	2.5
12	387153	238	5
vector 13  abilene_network.client[2]  hdistance[2]  ETV
13	387153	1	0.12295081967213
13	387153	2	0.32786885245902
13	387153	3	0.77551020408163
13	387153	4	1.1538461538462
13	387153	5	0.94736842105263
13	387153	6	1.25
13	387153	7	1.04
13	387153	8	1.3684210526316
13	387153	9	1.9285714285714
13	387153	10	1.6315789473684
13	387153	11	2.25
13	387153	12	1.7333333333333
13	387153	13	1.8181818181818
13	387153	14	1.4285714285714
13	387153	15	2.8333333333333
13	387153	16	1.8
13	387153	17	2.1
13	387153	18	2.7777777777778
13	387153	19	2.4285714285714
13	387153	20	2.5
13	387153	21	3.25
13	387153	22	2.6666666666667
13	387153	23	2.3333333333333
13	387153	24	2.8
13	387153	25	2
13	387153	26	2.4
13	387153	27	2.7777777777778
13	387153	28	3.4285714285714
13	387153	29	1.5
13	387153	30	1.6666666666667
13	387153	31	4
13	387153	32	3.375
13	387153	33	0
13	387153	34	2.8
13	387153	35	1
13	387153	36	2.1666666666667
13	387153	37	2
13	387153	38	1.6666666666667
13	387153	39	4
13	387153	40	2.2857142857143
13	387153	41	3.3333333333333
13	387153	42	3.2
13	387153	43	2.7142857142857
13	387153	44	1.75
13	387153	45	3.75
13	387153	46	4
13	387153	47	1.3333333333333
13	387153	48	2
13	387153	49	2.6666666666667
13	387153	50	4
13	387153	51	3.375
13	387153	52	3.2
13	387153	53	4
13	387153	54	2.5
13	387153	55	2.6
13	387153	56	4
13	387153	57	4
13	387153	58	4
13	387153	59	3.5
13	387153	60	4
13	387153	61	2
13	387153	62	1
13	387153	63	4
13	387153	64	4
13	387153	65	4
13	387153	66	1.3333333333333
13	387153	67	4
13	387153	68	2.6666666666667
13	387153	69	3.5
13	387153	70	4
13	387153	71	3.7142857142857
13	387153	72	0
13	387153	73	2.6666666666667
13	387153	74	4
13	387153	75	4
13	387153	76	3.8333333333333
13	387153	77	2.5
13	387153	78	4
13	387153	79	3.5
13	387153	80	0
13	387153	81	3.6666666666667
13	387153	82	4
13	387153	83	4
13	387153	84	4
13	387153	85	3.75
13	387153	86	4
13	387153	87	0
13	387153	88	4
13	387153	89	0
13	387153	90	2
13	387153	91	0
13	387153	92	4
13	387153	93	0
13	387153	94	2
13	387153	95	2
13	387153	96	4
13	387153	97	0
13	387153	98	4
13	387153	99	4
13	387153	100	0
13	387153	101	3
13	387153	102	4
13	387153	103	4
13	387153	104	2
13	387153	105	4
13	387153	106	0
13	387153	107	4
13	387153	108	2
13	387153	109	3
13	387153	110	3
13	387153	111	0
13	387153	112	0
13	387153	113	2.3333333333333
13	387153	114	4
13	387153	115	4
13	387153	116	3
13	387153	117	0
13	387153	118	4
13	387153	119	4
13	387153	120	1.3333333333333
13	387153	121	3
13	387153	122	0
13	387153	123	4
13	387153	124	0
13	387153	125	4
13	387153	126	2
13	387153	127	4
13	387153	128	0
13	387153	129	0
13	387153	130	4
13	387153	131	4
13	387153	132	4
13	387153	133	0
13	387153	134	0
13	387153	135	2
13	387153	136	4
13	387153	137	0
13	387153	138	4
13	387153	139	4
13	387153	140	3
13	387153	141	0
13	387153	142	4
13	387153	143	4
13	387153	144	4
13	387153	145	4
13	387153	146	0
13	387153	147	4
13	387153	148	4
13	387153	149	0
13	387153	150	4
13	387153	151	1
13	387153	152	2.5
13	387153	153	4
13	387153	154	4
13	387153	155	0
13	387153	156	4
13	387153	157	4
13	387153	158	4
13	387153	159	0
13	387153	160	4
13	387153	161	2.6666666666667
13	387153	162	0
13	387153	163	4
13	387153	164	4
13	387153	165	0
13	387153	166	4
13	387153	167	0
13	387153	168	0
13	387153	169	4
13	387153	170	0
13	387153	171	4
13	387153	172	2.6666666666667
13	387153	173	0
13	387153	174	0
13	387153	175	4
13	387153	176	0
13	387153	177	0
13	387153	178	4
13	387153	179	4
13	387153	180	4
13	387153	181	4
13	387153	182	4
13	387153	183	3.6666666666667
13	387153	184	0
13	387153	185	4
13	387153	186	4
13	387153	187	4
13	387153	188	0
13	387153	189	0
13	387153	190	4
13	387153	191	0
13	387153	192	4
13	387153	193	4
13	387153	194	3.3333333333333
13	387153	195	0
13	387153	196	4
13	387153	197	4
13	387153	198	4
13	387153	199	4
13	387153	200	4
13	387153	201	0
13	387153	202	4
13	387153	203	0
13	387153	204	4
13	387153	205	2.6666666666667
13	387153	206	4
13	387153	207	0
13	387153	208	3.3333333333333
13	387153	209	4
13	387153	210	4
13	387153	211	0
13	387153	212	0
13	387153	213	0
13	387153	214	0
13	387153	215	0
13	387153	216	4
13	387153	217	0
13	387153	218	2.5
13	387153	219	4
13	387153	220	4
13	387153	221	4
13	387153	222	0
13	387153	223	0
13	387153	224	0
13	387153	225	4
13	387153	226	0
13	387153	227	4
13	387153	228	4
13	387153	229	0
13	387153	230	0
13	387153	231	4
13	387153	232	0
13	387153	233	4
13	387153	234	4
13	387153	235	4
13	387153	236	4
13	387153	237	4
13	387153	238	4
vector 14  abilene_network.client[3]  hdistance[3]  ETV
14	387153	1	0.16793893129771
14	387153	2	0.65079365079365
14	387153	3	0.63157894736842
14	387153	4	0.8125
14	387153	5	1.3846153846154
14	387153	6	1.125
14	387153	7	1.1666666666667
14	387153	8	0.81818181818182
14	387153	9	0.92857142857143
14	387153	10	1.4615384615385
14	387153	11	1.3333333333333
14	387153	12	1.25
14	387153	13	1.6666666666667
14	387153	14	1.25
14	387153	15	2.2
14	387153	16	1.9
14	387153	17	3
14	387153	18	1
14	387153	19	2.2
14	387153	20	1.4285714285714
14	387153	21	1.8
14	387153	22	1.6
14	387153	23	1.2857142857143
14	387153	24	2.375
14	387153	25	2
14	387153	26	1.8571428571429
14	387153	27	2.875
14	387153	28	1.6
14	387153	29	2.5714285714286
14	387153	30	3
14	387153	31	0
14	387153	32	2
14	387153	33	2.6
14	387153	34	1
14	387153	35	3
14	387153	36	2
14	387153	37	2.5
14	387153	38	3
14	387153	39	2.25
14	387153	40	3
14	387153	41	3
14	387153	42	1.6666666666667
14	387153	43	2
14	387153	44	3
14	387153	45	3
14	387153	46	3
14	387153	47	1.3333333333333
14	387153	48	3
14	387153	49	3
14	387153	50	1
14	387153	51	3
14	387153	52	2.6666666666667
14	387153	53	1.4
14	387153	54	3
14	387153	55	3
14	387153	56	1.3333333333333
14	387153	57	1.5
14	387153	58	1.5
14	387153	59	2.6666666666667
14	387153	60	3
14	387153	61	3
14	387153	62	2.5
14	387153	63	2.75
14	387153	64	0
14	387153	65	1.6666666666667
14	387153	66	3
14	387153	67	2.25
14	387153	68	2
14	387153	69	2
14	387153	70	1.5
14	387153	71	0
14	387153	72	3
14	387153	73	3
14	387153	74	2
14	387153	75	3
14	387153	76	3
14	387153	77	1.5
14	387153	78	3
14	387153	79	3
14	387153	80	0
14	387153	81	3
14	387153	82	3
14	387153	83	2.25
14	387153	84	1.6666666666667
14	387153	85	2.4
14	387153	86	3
14	387153	87	3
14	387153	88	3
14	387153	89	3
14	387153	90	2
14	387153	91	3
14	387153	92	0
14	387153	93	3
14	387153	94	3
14	387153	95	2.8
14	387153	96	3
14	387153	97	3
14	387153	98	2
14	387153	99	0
14	387153	100	2.75
14	387153	101	3
14	387153	102	3
14	387153	103	2
14	387153	104	1
14	387153	105	0
14	387153	106	3
14	387153	107	3
14	387153	108	3
14	387153	109	3
14	387153	110	0
14	387153	111	1.5
14	387153	112	0
14	387153	113	0
14	387153	114	3
14	387153	115	3
14	387153	116	0
14	387153	117	3
14	387153	118	3
14	387153	119	3
14	387153	120	3
14	387153	121	3
14	387153	122	3
14	387153	123	3
14	387153	124	3
14	387153	125	3
14	387153	126	3
14	387153	127	3
14	387153	128	2.8
14	387153	129	3
14	387153	130	3
14	387153	131	1.5
14	387153	132	3
14	387153	133	2.25
14	387153	134	3
14	387153	135	0
14	387153	136	0
14	387153	137	0
14	387153	138	3
14	387153	139	2.5
14	387153	140	0
14	387153	141	0
14	387153	142	0
14	387153	143	3
14	387153	144	3
14	387153	145	1.5
14	387153	146	0
14	387153	147	0
14	387153	148	3
14	387153	149	3
14	387153	150	3
14	387153	151	0
14	387153	152	3
14	387153	153	0
14	387153	154	3
14	387153	155	3
14	387153	156	3
14	387153	157	3
14	387153	158	1.5
14	387153	159	3
14	387153	160	3
14	387153	161	2
14	387153	162	3
14	387153	163	3
14	387153	164	3
14	387153	165	3
14	387153	166	3
14	387153	167	0
14	387153	168	3
14	387153	169	0
14	387153	170	0
14	387153	171	3
14	387153	172	0
14	387153	173	3
14	387153	174	0
14	387153	175	0
14	387153	176	3
14	387153	177	3
14	387153	178	3
14	387153	179	3
14	387153	180	0
14	387153	181	0
14	387153	182	0
14	387153	183	3
14	387153	184	0
14	387153	185	3
14	387153	186	3
14	387153	187	3
14	387153	188	3
14	387153	189	0
14	387153	190	2.5
14	387153	191	0
14	387153	192	0
14	387153	193	0
14	387153	194	3
14	387153	195	0
14	387153	196	0
14	387153	197	0
14	387153	198	3
14	387153	199	3
14	387153	200	3
14	387153	201	2.25
14	387153	202	0
14	387153	203	3
14	387153	204	3
14	387153	205	2
14	387153	206	0
14	387153	207	0
14	387153	208	3
14	387153	209	3
14	387153	210	3
14	387153	211	0
14	387153	212	0
14	387153	213	0
14	387153	214	0
14	387153	215	1.5
14	387153	216	0
14	387153	217	3
14	387153	218	2.25
14	387153	219	3
14	387153	220	0
14	387153	221	3
14	387153	222	3
14	387153	223	3
14	387153	224	0
14	387153	225	3
14	387153	226	0
14	387153	227	0
14	387153	228	0
14	387153	229	3
14	387153	230	0
14	387153	231	0
14	387153	232	0
14	387153	233	0
14	387153	234	0
14	387153	235	3
14	387153	236	1
14	387153	237	3
14	387153	238	3
vector 15  abilene_network.client[4]  hdistance[4]  ETV
15	387153	1	0.1953125
15	387153	2	0.65789473684211
15	387153	3	0.7
15	387153	4	0.51428571428571
15	387153	5	1.0869565217391
15	387153	6	0.89285714285714
15	387153	7	1.0769230769231
15	387153	8	0.89473684210526
15	387153	9	1.2666666666667
15	387153	10	1.2727272727273
15	387153	11	1.25
15	387153	12	1
15	387153	13	0.94444444444444
15	387153	14	1.8571428571429
15	387153	15	1.25
15	387153	16	1.5555555555556
15	387153	17	1.5
15	387153	18	0.28571428571429
15	387153	19	1.4
15	387153	20	1.4
15	387153	21	1.0769230769231
15	387153	22	1.3333333333333
15	387153	23	2
15	387153	24	1
15	387153	25	1.5
15	387153	26	1.125
15	387153	27	1
15	387153	28	1
15	387153	29	1
15	387153	30	1.5
15	387153	31	0.66666666666667
15	387153	32	1.5
15	387153	33	1.2
15	387153	34	1
15	387153	35	1.25
15	387153	36	1.5
15	387153	37	2
15	387153	38	2
15	387153	39	2
15	387153	40	1
15	387153	41	2
15	387153	42	2
15	387153	43	1.2
15	387153	44	1.5
15	387153	45	2
15	387153	46	1
15	387153	47	1.6
15	387153	48	2
15	387153	49	2
15	387153	50	2
15	387153	51	1.6
15	387153	52	2
15	387153	53	2
15	387153	54	2
15	387153	55	1.6666666666667
15	387153	56	2
15	387153	57	2
15	387153	58	1
15	387153	59	0
15	387153	60	1.3333333333333
15	387153	61	2
15	387153	62	2
15	387153	63	2
15	387153	64	2
15	387153	65	2
15	387153	66	1.6666666666667
15	387153	67	1
15	387153	68	2
15	387153	69	2
15	387153	70	1.6666666666667
15	387153	71	1
15	387153	72	2
15	387153	73	1.3333333333333
15	387153	74	2
15	387153	75	2
15	387153	76	0
15	387153	77	2
15	387153	78	2
15	387153	79	0
15	387153	80	2
15	387153	81	2
15	387153	82	2
15	387153	83	2
15	387153	84	2
15	387153	85	2
15	387153	86	2
15	387153	87	1.6
15	387153	88	2
15	387153	89	2
15	387153	90	2
15	387153	91	2
15	387153	92	1
15	387153	93	2
15	387153	94	2
15	387153	95	0
15	387153	96	2
15	387153	97	2
15	387153	98	2
15	387153	99	1
15	387153	100	2
15	387153	101	2
15	387153	102	2
15	387153	103	0
15	387153	104	1.5
15	387153	105	2
15	387153	106	0
15	387153	107	2
15	387153	108	2
15	387153	109	2
15	387153	110	1.5
15	387153	111	2
15	387153	112	0
15	387153	113	2
15	387153	114	0
15	387153	115	2
15	387153	116	2
15	387153	117	2
15	387153	118	2
15	387153	119	1.6666666666667
15	387153	120	2
15	387153	121	1.6666666666667
15	387153	122	2
15	387153	123	2
15	387153	124	1.5
15	387153	125	2
15	387153	126	2
15	387153	127	2
15	387153	128	2
15	387153	129	1.6666666666667
15	387153	130	2
15	387153	131	2
15	387153	132	2
15	387153	133	0
15	387153	134	2
15	387153	135	2
15	387153	136	0
15	387153	137	0
15	387153	138	0
15	387153	139	0
15	387153	140	1.5
15	387153	141	2
15	387153	142	2
15	387153	143	2
15	387153	144	1.4
15	387153	145	2
15	387153	146	2
15	387153	147	2
15	387153	148	0
15	387153	149	2
15	387153	150	2
15	387153	151	2
15	387153	152	2
15	387153	153	2
15	387153	154	2
15	387153	155	2
15	387153	156	2
15	387153	157	0
15	387153	158	0
15	387153	159	2
15	387153	160	2
15	387153	161	2
15	387153	162	0
15	387153	163	2
15	387153	164	2
15	387153	165	2
15	387153	166	0
15	387153	167	0
15	387153	168	0
15	387153	169	2
15	387153	170	2
15	387153	171	2
15	387153	172	2
15	387153	173	2
15	387153	174	2
15	387153	175	0
15	387153	176	0
15	387153	177	1.3333333333333
15	387153	178	0
15	387153	179	2
15	387153	180	0
15	387153	181	2
15	387153	182	2
15	387153	183	2
15	387153	184	2
15	387153	185	2
15	387153	186	2
15	387153	187	2
15	387153	188	2
15	387153	189	2
15	387153	190	2
15	387153	191	2
15	387153	192	2
15	387153	193	0
15	387153	194	1.5
15	387153	195	2
15	387153	196	2
15	387153	197	2
15	387153	198	2
15	387153	199	0
15	387153	200	0
15	387153	201	2
15	387153	202	2
15	387153	203	0
15	387153	204	0
15	387153	205	0
15	387153	206	0
15	387153	207	0
15	387153	208	2
15	387153	209	0
15	387153	210	2
15	387153	211	2
15	387153	212	2
15	387153	213	2
15	387153	214	0
15	387153	215	2
15	387153	216	2
15	387153	217	2
15	387153	218	0
15	387153	219	2
15	387153	220	0
15	387153	221	2
15	387153	222	0
15	387153	223	2
15	387153	224	2
15	387153	225	0
15	387153	226	2
15	387153	227	2
15	387153	228	0
15	387153	229	1
15	387153	230	2
15	387153	231	0
15	387153	232	2
15	387153	233	2
15	387153	234	0
15	387153	235	2
15	387153	236	1.5
15	387153	237	2
15	387153	238	2
vector 16  abilene_network.client[5]  hdistance[5]  ETV
16	387153	1	0.31034482758621
16	387153	2	0.43283582089552
16	387153	3	0.52941176470588
16	387153	4	0.68292682926829
16	387153	5	0.46428571428571
16	387153	6	0.54166666666667
16	387153	7	0.59090909090909
16	387153	8	0.58823529411765
16	387153	9	0.68421052631579
16	387153	10	0.7
16	387153	11	0.69230769230769
16	387153	12	0.5
16	387153	13	0.69230769230769
16	387153	14	0.90909090909091
16	387153	15	0.75
16	387153	16	0.57142857142857
16	387153	17	0.8
16	387153	18	0.75
16	387153	19	0.5
16	387153	20	1
16	387153	21	0.8
16	387153	22	1
16	387153	23	0.7
16	387153	24	0.5
16	387153	25	1
16	387153	26	0.83333333333333
16	387153	27	0.83333333333333
16	387153	28	0.5
16	387153	29	0.8
16	387153	30	0.66666666666667
16	387153	31	1
16	387153	32	0.71428571428571
16	387153	33	0.83333333333333
16	387153	34	0.71428571428571
16	387153	35	0.5
16	387153	36	0.5
16	387153	37	0.85714285714286
16	387153	38	1
16	387153	39	0.83333333333333
16	387153	40	0.85714285714286
16	387153	41	1
16	387153	42	0.75
16	387153	43	1
16	387153	44	0
16	387153	45	1
16	387153	46	1
16	387153	47	1
16	387153	48	1
16	387153	49	0.5
16	387153	50	0.4
16	387153	51	0.5
16	387153	52	0.71428571428571
16	387153	53	0.5
16	387153	54	0
16	387153	55	0.5
16	387153	56	0.16666666666667
16	387153	57	0.8
16	387153	58	1
16	387153	59	1
16	387153	60	1
16	387153	61	0.8
16	387153	62	1
16	387153	63	0.85714285714286
16	387153	64	0
16	387153	65	1
16	387153	66	1
16	387153	67	0.83333333333333
16	387153	68	0.66666666666667
16	387153	69	1
16	387153	70	1
16	387153	71	0.5
16	387153	72	1
16	387153	73	0
16	387153	74	1
16	387153	75	1
16	387153	76	0
16	387153	77	1
16	387153	78	0
16	387153	79	0
16	387153	80	0.75
16	387153	81	0.5
16	387153	82	1
16	387153	83	1
16	387153	84	1
16	387153	85	0
16	387153	86	1
16	387153	87	1
16	387153	88	1
16	387153	89	1
16	387153	90	1
16	387153	91	1
16	387153	92	1
16	387153	93	0.8
16	387153	94	1
16	387153	95	1
16	387153	96	1
16	387153	97	1
16	387153	98	1
16	387153	99	1
16	387153	100	1
16	387153	101	1
16	387153	102	0.66666666666667
16	387153	103	0.75
16	387153	104	0.33333333333333
16	387153	105	0.66666666666667
16	387153	106	1
16	387153	107	0
16	387153	108	1
16	387153	109	1
16	387153	110	1
16	387153	111	1
16	387153	112	1
16	387153	113	1
16	387153	114	1
16	387153	115	1
16	387153	116	0
16	387153	117	1
16	387153	118	0.66666666666667
16	387153	119	1
16	387153	120	1
16	387153	121	0
16	387153	122	1
16	387153	123	1
16	387153	124	0.8
16	387153	125	0
16	387153	126	1
16	387153	127	1
16	387153	128	1
16	387153	129	1
16	387153	130	1
16	387153	131	1
16	387153	132	1
16	387153	133	1
16	387153	134	0
16	387153	135	1
16	387153	136	1
16	387153	137	1
16	387153	138	0
16	387153	139	1
16	387153	140	1
16	387153	141	1
16	387153	142	0.5
16	387153	143	1
16	387153	144	1
16	387153	145	0
16	387153	146	0
16	387153	147	0
16	387153	148	0.66666666666667
16	387153	149	1
16	387153	150	0.75
16	387153	151	1
16	387153	152	1
16	387153	153	0
16	387153	154	0
16	387153	155	0
16	387153	156	0
16	387153	157	1
16	387153	158	0
16	387153	159	1
16	387153	160	1
16	387153	161	1
16	387153	162	0
16	387153	163	1
16	387153	164	0
16	387153	165	1
16	387153	166	0
16	387153	167	0
16	387153	168	0
16	387153	169	1
16	387153	170	1
16	387153	171	1
16	387153	172	1
16	387153	173	1
16	387153	174	1
16	387153	175	1
16	387153	176	0
16	387153	177	1
16	387153	178	1
16	387153	179	1
16	387153	180	1
16	387153	181	1
16	387153	182	1
16	387153	183	0
16	387153	184	0
16	387153	185	1
16	387153	186	1
16	387153	187	1
16	387153	188	0
16	387153	189	1
16	387153	190	1
16	387153	191	0.66666666666667
16	387153	192	1
16	387153	193	0
16	387153	194	1
16	387153	195	0
16	387153	196	0
16	387153	197	1
16	387153	198	1
16	387153	199	1
16	387153	200	1
16	387153	201	0.5
16	387153	202	0
16	387153	203	0
16	387153	204	1
16	387153	205	1
16	387153	206	1
16	387153	207	1
16	387153	208	1
16	387153	209	0
16	387153	210	0
16	387153	211	0
16	387153	212	0
16	387153	213	1
16	387153	214	0
16	387153	215	1
16	387153	216	1
16	387153	217	1
16	387153	218	0.66666666666667
16	387153	219	0
16	387153	220	1
16	387153	221	1
16	387153	222	0
16	387153	223	1
16	387153	224	0
16	387153	225	0
16	387153	226	1
16	387153	227	1
16	387153	228	0
16	387153	229	1
16	387153	230	0
16	387153	231	0
16	387153	232	0
16	387153	233	1
16	387153	234	1
16	387153	235	0
16	387153	236	0
16	387153	237	1
16	387153	238	0
vector 17  abilene_network.client[6]  hdistance[6]  ETV
17	387153	1	0.11475409836066
17	387153	2	0.25806451612903
17	387153	3	0.48717948717949
17	387153	4	0.54838709677419
17	387153	5	0.94736842105263
17	387153	6	0.5
17	387153	7	0.78260869565217
17	387153	8	0.9
17	387153	9	0.72727272727273
17	387153	10	1.0555555555556
17	387153	11	0.55555555555556
17	387153	12	1
17	387153	13	1.2
17	387153	14	1.3333333333333
17	387153	15	1.1666666666667
17	387153	16	0.85714285714286
17	387153	17	0.85714285714286
17	387153	18	1.5714285714286
17	387153	19	1.625
17	387153	20	1
17	387153	21	1.5
17	387153	22	1.6
17	387153	23	0.66666666666667
17	387153	24	1.5
17	387153	25	1.3333333333333
17	387153	26	1.25
17	387153	27	1.5
17	387153	28	1.4444444444444
17	387153	29	1.1538461538462
17	387153	30	1.75
17	387153	31	1.6666666666667
17	387153	32	1.75
17	387153	33	2
17	387153	34	1
17	387153	35	2
17	387153	36	1.8
17	387153	37	1.3333333333333
17	387153	38	2
17	387153	39	1.4285714285714
17	387153	40	1.25
17	387153	41	2
17	387153	42	2
17	387153	43	1
17	387153	44	2
17	387153	45	1.7142857142857
17	387153	46	1.6666666666667
17	387153	47	1
17	387153	48	2
17	387153	49	2
17	387153	50	1.5
17	387153	51	1
17	387153	52	1.3333333333333
17	387153	53	2
17	387153	54	1.5
17	387153	55	2
17	387153	56	1.75
17	387153	57	2
17	387153	58	2
17	387153	59	1.75
17	387153	60	2
17	387153	61	2
17	387153	62	1.6666666666667
17	387153	63	1.5
17	387153	64	1
17	387153	65	2
17	387153	66	1.1428571428571
17	387153	67	1
17	387153	68	1.5
17	387153	69	2
17	387153	70	2
17	387153	71	1.6
17	387153	72	1.5
17	387153	73	1.6666666666667
17	387153	74	1.25
17	387153	75	1.5
17	387153	76	2
17	387153	77	2
17	387153	78	2
17	387153	79	2
17	387153	80	2
17	387153	81	2
17	387153	82	1.5
17	387153	83	2
17	387153	84	2
17	387153	85	2
17	387153	86	2
17	387153	87	2
17	387153	88	1.3333333333333
17	387153	89	1.3333333333333
17	387153	90	1.3333333333333
17	387153	91	1.5
17	387153	92	2
17	387153	93	0
17	387153	94	1
17	387153	95	2
17	387153	96	0
17	387153	97	2
17	387153	98	2
17	387153	99	2
17	387153	100	2
17	387153	101	1
17	387153	102	0
17	387153	103	2
17	387153	104	0
17	387153	105	1
17	387153	106	2
17	387153	107	2
17	387153	108	1.5
17	387153	109	0
17	387153	110	2
17	387153	111	2
17	387153	112	0
17	387153	113	2
17	387153	114	0
17	387153	115	2
17	387153	116	0
17	387153	117	2
17	387153	118	2
17	387153	119	2
17	387153	120	2
17	387153	121	1.5
17	387153	122	2
17	387153	123	2
17	387153	124	1.3333333333333
17	387153	125	1
17	387153	126	2
17	387153	127	2
17	387153	128	2
17	387153	129	2
17	387153	130	2
17	387153	131	2
17	387153	132	2
17	387153	133	2
17	387153	134	2
17	387153	135	0
17	387153	136	1.8
17	387153	137	2
17	387153	138	2
17	387153	139	2
17	387153	140	0
17	387153	141	1
17	387153	142	1.5
17	387153	143	1.3333333333333
17	387153	144	2
17	387153	145	2
17	387153	146	0
17	387153	147	2
17	387153	148	2
17	387153	149	0
17	387153	150	2
17	387153	151	2
17	387153	152	2
17	387153	153	0
17	387153	154	0
17	387153	155	2
17	387153	156	0
17	387153	157	1
17	387153	158	2
17	387153	159	1
17	387153	160	0
17	387153	161	2
17	387153	162	2
17	387153	163	0
17	387153	164	0
17	387153	165	2
17	387153	166	0
17	387153	167	1
17	387153	168	2
17	387153	169	0
17	387153	170	0
17	387153	171	1
17	387153	172	1.5
17	387153	173	2
17	387153	174	2
17	387153	175	2
17	387153	176	0
17	387153	177	0
17	387153	178	1.75
17	387153	179	0
17	387153	180	2
17	387153	181	2
17	387153	182	0
17	387153	183	0
17	387153	184	0
17	387153	185	2
17	387153	186	2
17	387153	187	2
17	387153	188	2
17	387153	189	2
17	387153	190	0
17	387153	191	0
17	387153	192	0
17	387153	193	2
17	387153	194	0
17	387153	195	1
17	387153	196	1
17	387153	197	1.3333333333333
17	387153	198	1
17	387153	199	2
17	387153	200	2
17	387153	201	2
17	387153	202	1
17	387153	203	2
17	387153	204	2
17	387153	205	0
17	387153	206	1
17	387153	207	0
17	387153	208	2
17	387153	209	2
17	387153	210	0
17	387153	211	2
17	387153	212	2
17	387153	213	0
17	387153	214	0
17	387153	215	2
17	387153	216	0
17	387153	217	2
17	387153	218	0
17	387153	219	0
17	387153	220	0
17	387153	221	0
17	387153	222	0
17	387153	223	2
17	387153	224	0
17	387153	225	1
17	387153	226	1.6666666666667
17	387153	227	2
17	387153	228	2
17	387153	229	2
17	387153	230	0
17	387153	231	2
17	387153	232	2
17	387153	233	1
17	387153	234	0
17	387153	235	2
17	387153	236	0
17	387153	237	0
17	387153	238	0
vector 18  abilene_network.client[7]  hdistance[7]  ETV
18	387153	1	0.13131313131313
18	387153	2	0.30645161290323
18	387153	3	0.47916666666667
18	387153	4	0.82352941176471
18	387153	5	1
18	387153	6	0.875
18	387153	7	1.0555555555556
18	387153	8	1.375
18	387153	9	1.5833333333333
18	387153	10	0.94444444444444
18	387153	11	1
18	387153	12	1.6842105263158
18	387153	13	2.3333333333333
18	387153	14	1.875
18	387153	15	1.2307692307692
18	387153	16	2.1111111111111
18	387153	17	2.25
18	387153	18	2.2727272727273
18	387153	19	1.6666666666667
18	387153	20	1.4545454545455
18	387153	21	2.1666666666667
18	387153	22	2
18	387153	23	1.6666666666667
18	387153	24	2.125
18	387153	25	2.5714285714286
18	387153	26	1.5454545454545
18	387153	27	2.4
18	387153	28	1.5714285714286
18	387153	29	1.5
18	387153	30	2.1666666666667
18	387153	31	1.8888888888889
18	387153	32	1.6666666666667
18	387153	33	1.6666666666667
18	387153	34	2.3333333333333
18	387153	35	2.4
18	387153	36	2
18	387153	37	3
18	387153	38	2.5
18	387153	39	1.25
18	387153	40	1.5
18	387153	41	2
18	387153	42	3
18	387153	43	1.9
18	387153	44	0.33333333333333
18	387153	45	2
18	387153	46	2
18	387153	47	1.25
18	387153	48	2.4444444444444
18	387153	49	2
18	387153	50	2.4285714285714
18	387153	51	1.25
18	387153	52	0
18	387153	53	2
18	387153	54	2.4
18	387153	55	3
18	387153	56	3
18	387153	57	2.5
18	387153	58	2
18	387153	59	3
18	387153	60	2
18	387153	61	3
18	387153	62	1.5
18	387153	63	0
18	387153	64	3
18	387153	65	0
18	387153	66	3
18	387153	67	3
18	387153	68	2.75
18	387153	69	1.3333333333333
18	387153	70	3
18	387153	71	2.75
18	387153	72	3
18	387153	73	2.25
18	387153	74	3
18	387153	75	3
18	387153	76	0
18	387153	77	3
18	387153	78	3
18	387153	79	3
18	387153	80	3
18	387153	81	1
18	387153	82	2.5
18	387153	83	3
18	387153	84	3
18	387153	85	2.75
18	387153	86	3
18	387153	87	2.5
18	387153	88	2.25
18	387153	89	2
18	387153	90	3
18	387153	91	3
18	387153	92	0
18	387153	93	3
18	387153	94	2.5
18	387153	95	3
18	387153	96	3
18	387153	97	1
18	387153	98	0
18	387153	99	1
18	387153	100	2
18	387153	101	0
18	387153	102	0
18	387153	103	2
18	387153	104	3
18	387153	105	3
18	387153	106	2
18	387153	107	2
18	387153	108	3
18	387153	109	2.5
18	387153	110	3
18	387153	111	3
18	387153	112	0
18	387153	113	3
18	387153	114	3
18	387153	115	1
18	387153	116	0
18	387153	117	3
18	387153	118	0
18	387153	119	3
18	387153	120	3
18	387153	121	3
18	387153	122	2
18	387153	123	3
18	387153	124	0
18	387153	125	3
18	387153	126	3
18	387153	127	0
18	387153	128	0
18	387153	129	3
18	387153	130	0
18	387153	131	3
18	387153	132	0
18	387153	133	0
18	387153	134	3
18	387153	135	3
18	387153	136	1
18	387153	137	0
18	387153	138	0
18	387153	139	3
18	387153	140	3
18	387153	141	3
18	387153	142	0
18	387153	143	3
18	387153	144	0
18	387153	145	0
18	387153	146	3
18	387153	147	0
18	387153	148	0
18	387153	149	3
18	387153	150	3
18	387153	151	1.6666666666667
18	387153	152	3
18	387153	153	2
18	387153	154	3
18	387153	155	2.5
18	387153	156	3
18	387153	157	1.5
18	387153	158	3
18	387153	159	3
18	387153	160	3
18	387153	161	0
18	387153	162	3
18	387153	163	3
18	387153	164	0
18	387153	165	0
18	387153	166	3
18	387153	167	3
18	387153	168	2
18	387153	169	3
18	387153	170	3
18	387153	171	0
18	387153	172	3
18	387153	173	0
18	387153	174	0
18	387153	175	3
18	387153	176	0
18	387153	177	3
18	387153	178	3
18	387153	179	3
18	387153	180	0
18	387153	181	3
18	387153	182	3
18	387153	183	2.5
18	387153	184	3
18	387153	185	3
18	387153	186	0
18	387153	187	3
18	387153	188	0
18	387153	189	3
18	387153	190	3
18	387153	191	3
18	387153	192	3
18	387153	193	1.6666666666667
18	387153	194	2.5
18	387153	195	3
18	387153	196	3
18	387153	197	3
18	387153	198	2
18	387153	199	3
18	387153	200	1
18	387153	201	2.5
18	387153	202	0
18	387153	203	3
18	387153	204	2.5
18	387153	205	1.5
18	387153	206	0
18	387153	207	3
18	387153	208	0
18	387153	209	0
18	387153	210	0
18	387153	211	0
18	387153	212	0
18	387153	213	3
18	387153	214	3
18	387153	215	3
18	387153	216	0
18	387153	217	0
18	387153	218	0
18	387153	219	3
18	387153	220	0
18	387153	221	3
18	387153	222	0
18	387153	223	0
18	387153	224	0
18	387153	225	3
18	387153	226	3
18	387153	227	2
18	387153	228	3
18	387153	229	3
18	387153	230	3
18	387153	231	3
18	387153	232	0
18	387153	233	0
18	387153	234	0
18	387153	235	0
18	387153	236	3
18	387153	237	3
18	387153	238	0
vector 19  abilene_network.client[8]  hdistance[8]  ETV
19	387153	1	0.017241379310345
19	387153	2	0.092307692307692
19	387153	3	0.29545454545455
19	387153	4	0.45454545454545
19	387153	5	0.9047619047619
19	387153	6	1
19	387153	7	1.3636363636364
19	387153	8	1.9090909090909
19	387153	9	1.3157894736842
19	387153	10	1.1875
19	387153	11	1
19	387153	12	0.35714285714286
19	387153	13	1.3333333333333
19	387153	14	2.4285714285714
19	387153	15	1.6666666666667
19	387153	16	1.7777777777778
19	387153	17	1.4166666666667
19	387153	18	1.8888888888889
19	387153	19	1.5454545454545
19	387153	20	1.5
19	387153	21	2.625
19	387153	22	2.1666666666667
19	387153	23	1.2
19	387153	24	2.5555555555556
19	387153	25	2
19	387153	26	2.2
19	387153	27	2.6
19	387153	28	1.2
19	387153	29	1.25
19	387153	30	2.2
19	387153	31	2
19	387153	32	2.8333333333333
19	387153	33	2.4285714285714
19	387153	34	2
19	387153	35	3.1428571428571
19	387153	36	1.6666666666667
19	387153	37	2
19	387153	38	2.3333333333333
19	387153	39	2.6666666666667
19	387153	40	3.2
19	387153	41	1
19	387153	42	0
19	387153	43	4
19	387153	44	2.5
19	387153	45	3
19	387153	46	2.5714285714286
19	387153	47	2
19	387153	48	3.5
19	387153	49	3.25
19	387153	50	3
19	387153	51	4
19	387153	52	2.3333333333333
19	387153	53	4
19	387153	54	3
19	387153	55	4
19	387153	56	3
19	387153	57	2
19	387153	58	4
19	387153	59	3
19	387153	60	0
19	387153	61	4
19	387153	62	4
19	387153	63	4
19	387153	64	3
19	387153	65	1.5
19	387153	66	0
19	387153	67	2.6666666666667
19	387153	68	4
19	387153	69	0
19	387153	70	0
19	387153	71	4
19	387153	72	4
19	387153	73	3.5
19	387153	74	2
19	387153	75	4
19	387153	76	4
19	387153	77	2.3333333333333
19	387153	78	4
19	387153	79	0
19	387153	80	3.5
19	387153	81	3
19	387153	82	0
19	387153	83	4
19	387153	84	4
19	387153	85	3
19	387153	86	3.75
19	387153	87	2
19	387153	88	4
19	387153	89	3
19	387153	90	3
19	387153	91	2
19	387153	92	0
19	387153	93	2
19	387153	94	3.75
19	387153	95	2
19	387153	96	4
19	387153	97	4
19	387153	98	3.5
19	387153	99	0
19	387153	100	4
19	387153	101	4
19	387153	102	4
19	387153	103	0
19	387153	104	4
19	387153	105	4
19	387153	106	2.6666666666667
19	387153	107	4
19	387153	108	4
19	387153	109	4
19	387153	110	3
19	387153	111	4
19	387153	112	4
19	387153	113	4
19	387153	114	4
19	387153	115	4
19	387153	116	0
19	387153	117	0
19	387153	118	0
19	387153	119	4
19	387153	120	4
19	387153	121	4
19	387153	122	4
19	387153	123	4
19	387153	124	4
19	387153	125	3.5
19	387153	126	3.2
19	387153	127	4
19	387153	128	2
19	387153	129	4
19	387153	130	4
19	387153	131	0
19	387153	132	0
19	387153	133	0
19	387153	134	3
19	387153	135	4
19	387153	136	2.3333333333333
19	387153	137	4
19	387153	138	4
19	387153	139	3.3333333333333
19	387153	140	4
19	387153	141	4
19	387153	142	4
19	387153	143	0
19	387153	144	4
19	387153	145	0
19	387153	146	4
19	387153	147	0
19	387153	148	4
19	387153	149	0
19	387153	150	4
19	387153	151	0
19	387153	152	0
19	387153	153	1
19	387153	154	0
19	387153	155	4
19	387153	156	4
19	387153	157	0
19	387153	158	3.5
19	387153	159	3
19	387153	160	3.5
19	387153	161	4
19	387153	162	4
19	387153	163	0
19	387153	164	4
19	387153	165	4
19	387153	166	0
19	387153	167	3
19	387153	168	2
19	387153	169	0
19	387153	170	2.8333333333333
19	387153	171	4
19	387153	172	4
19	387153	173	0
19	387153	174	4
19	387153	175	0
19	387153	176	4
19	387153	177	0
19	387153	178	3.3333333333333
19	387153	179	4
19	387153	180	4
19	387153	181	0
19	387153	182	4
19	387153	183	4
19	387153	184	4
19	387153	185	4
19	387153	186	0
19	387153	187	4
19	387153	188	0
19	387153	189	4
19	387153	190	4
19	387153	191	2
19	387153	192	4
19	387153	193	4
19	387153	194	4
19	387153	195	4
19	387153	196	0
19	387153	197	4
19	387153	198	2
19	387153	199	4
19	387153	200	4
19	387153	201	0
19	387153	202	4
19	387153	203	4
19	387153	204	0
19	387153	205	4
19	387153	206	4
19	387153	207	3.5
19	387153	208	4
19	387153	209	0
19	387153	210	4
19	387153	211	0
19	387153	212	0
19	387153	213	4
19	387153	214	0
19	387153	215	0
19	387153	216	4
19	387153	217	4
19	387153	218	4
19	387153	219	4
19	387153	220	0
19	387153	221	0
19	387153	222	4
19	387153	223	0
19	387153	224	4
19	387153	225	4
19	387153	226	4
19	387153	227	4
19	387153	228	3
19	387153	229	4
19	387153	230	0
19	387153	231	4
19	387153	232	0
19	387153	233	4
19	387153	234	0
19	387153	235	4
19	387153	236	0
19	387153	237	2.5
19	387153	238	0
vector 20  abilene_network.client[9]  hdistance[9]  ETV
20	387153	1	0
20	387153	2	0
20	387153	3	0.063829787234043
20	387153	4	0.34615384615385
20	387153	5	0.34615384615385
20	387153	6	0.4
20	387153	7	1.25
20	387153	8	0.4
20	387153	9	0.83333333333333
20	387153	10	1.25
20	387153	11	1.25
20	387153	12	1.6666666666667
20	387153	13	1.8461538461538
20	387153	14	2.1818181818182
20	387153	15	1.5384615384615
20	387153	16	1.2727272727273
20	387153	17	1.5833333333333
20	387153	18	1.625
20	387153	19	3.6
20	387153	20	2
20	387153	21	2.5
20	387153	22	2.2
20	387153	23	2.3333333333333
20	387153	24	1.5
20	387153	25	1.75
20	387153	26	4.3333333333333
20	387153	27	1.7777777777778
20	387153	28	2.625
20	387153	29	4
20	387153	30	3.3333333333333
20	387153	31	3
20	387153	32	2.625
20	387153	33	0
20	387153	34	2
20	387153	35	0.33333333333333
20	387153	36	2.4
20	387153	37	4
20	387153	38	3
20	387153	39	2
20	387153	40	0
20	387153	41	2.7777777777778
20	387153	42	2.8571428571429
20	387153	43	2.75
20	387153	44	3.3333333333333
20	387153	45	5
20	387153	46	1
20	387153	47	3
20	387153	48	3
20	387153	49	1.6666666666667
20	387153	50	3.25
20	387153	51	4.5
20	387153	52	3.5
20	387153	53	5
20	387153	54	3.75
20	387153	55	1
20	387153	56	4
20	387153	57	2.5
20	387153	58	4.5
20	387153	59	2.6666666666667
20	387153	60	3
20	387153	61	3.2
20	387153	62	4.5
20	387153	63	5
20	387153	64	5
20	387153	65	3.3333333333333
20	387153	66	4.5
20	387153	67	1.75
20	387153	68	5
20	387153	69	4.3333333333333
20	387153	70	3.6666666666667
20	387153	71	3.6
20	387153	72	3.6666666666667
20	387153	73	2.5
20	387153	74	5
20	387153	75	5
20	387153	76	1
20	387153	77	5
20	387153	78	0
20	387153	79	4.1666666666667
20	387153	80	5
20	387153	81	5
20	387153	82	5
20	387153	83	0
20	387153	84	2.5
20	387153	85	3
20	387153	86	5
20	387153	87	3.75
20	387153	88	5
20	387153	89	5
20	387153	90	4.5
20	387153	91	5
20	387153	92	3.3333333333333
20	387153	93	2.6666666666667
20	387153	94	5
20	387153	95	0
20	387153	96	5
20	387153	97	0
20	387153	98	5
20	387153	99	3.3333333333333
20	387153	100	5
20	387153	101	5
20	387153	102	0
20	387153	103	4.6666666666667
20	387153	104	5
20	387153	105	0
20	387153	106	3.5
20	387153	107	4.25
20	387153	108	5
20	387153	109	0
20	387153	110	5
20	387153	111	5
20	387153	112	5
20	387153	113	0
20	387153	114	5
20	387153	115	5
20	387153	116	5
20	387153	117	4.5
20	387153	118	5
20	387153	119	5
20	387153	120	5
20	387153	121	1
20	387153	122	2.3333333333333
20	387153	123	4.6666666666667
20	387153	124	5
20	387153	125	5
20	387153	126	3
20	387153	127	0
20	387153	128	5
20	387153	129	4.5
20	387153	130	0
20	387153	131	4
20	387153	132	5
20	387153	133	5
20	387153	134	1.5
20	387153	135	5
20	387153	136	5
20	387153	137	3.3333333333333
20	387153	138	5
20	387153	139	4
20	387153	140	5
20	387153	141	3.5
20	387153	142	1.6666666666667
20	387153	143	5
20	387153	144	5
20	387153	145	5
20	387153	146	5
20	387153	147	0
20	387153	148	5
20	387153	149	0
20	387153	150	0
20	387153	151	0
20	387153	152	5
20	387153	153	5
20	387153	154	5
20	387153	155	0
20	387153	156	0
20	387153	157	4.6666666666667
20	387153	158	0
20	387153	159	5
20	387153	160	5
20	387153	161	2
20	387153	162	2
20	387153	163	3
20	387153	164	2
20	387153	165	0
20	387153	166	5
20	387153	167	0
20	387153	168	1
20	387153	169	0
20	387153	170	0
20	387153	171	5
20	387153	172	0
20	387153	173	5
20	387153	174	5
20	387153	175	0
20	387153	176	0
20	387153	177	5
20	387153	178	3
20	387153	179	0
20	387153	180	3
20	387153	181	0
20	387153	182	2.75
20	387153	183	5
20	387153	184	5
20	387153	185	5
20	387153	186	5
20	387153	187	3.5
20	387153	188	5
20	387153	189	0
20	387153	190	5
20	387153	191	3.3333333333333
20	387153	192	0
20	387153	193	5
20	387153	194	5
20	387153	195	3.5
20	387153	196	5
20	387153	197	5
20	387153	198	5
20	387153	199	0
20	387153	200	5
20	387153	201	5
20	387153	202	5
20	387153	203	3.5
20	387153	204	5
20	387153	205	0
20	387153	206	3
20	387153	207	5
20	387153	208	5
20	387153	209	0
20	387153	210	5
20	387153	211	0
20	387153	212	0
20	387153	213	5
20	387153	214	5
20	387153	215	0
20	387153	216	5
20	387153	217	0
20	387153	218	5
20	387153	219	0
20	387153	220	0
20	387153	221	5
20	387153	222	0
20	387153	223	5
20	387153	224	5
20	387153	225	5
20	387153	226	5
20	387153	227	5
20	387153	228	0
20	387153	229	0
20	387153	230	0
20	387153	231	5
20	387153	232	5
20	387153	233	0
20	387153	234	0
20	387153	235	5
20	387153	236	5
20	387153	237	5
20	387153	238	0
vector 21  abilene_network.client[10]  hdistance[10]  ETV
21	387153	1	0.009009009009009
21	387153	2	0
21	387153	3	0.066666666666667
21	387153	4	0.16666666666667
21	387153	5	0.52
21	387153	6	0.60869565217391
21	387153	7	0.59090909090909
21	387153	8	0.70588235294118
21	387153	9	0.69565217391304
21	387153	10	0.83333333333333
21	387153	11	0.28571428571429
21	387153	12	1.5384615384615
21	387153	13	0.93333333333333
21	387153	14	0.94444444444444
21	387153	15	2.0909090909091
21	387153	16	2.25
21	387153	17	2.6666666666667
21	387153	18	2.5555555555556
21	387153	19	3.1666666666667
21	387153	20	3.3333333333333
21	387153	21	2.4285714285714
21	387153	22	2.5714285714286
21	387153	23	3.75
21	387153	24	1.7272727272727
21	387153	25	1.6
21	387153	26	3.5
21	387153	27	3.4285714285714
21	387153	28	3
21	387153	29	1.125
21	387153	30	2.625
21	387153	31	2
21	387153	32	2.75
21	387153	33	0.5
21	387153	34	3
21	387153	35	2
21	387153	36	6
21	387153	37	5.6
21	387153	38	5
21	387153	39	3
21	387153	40	4.1666666666667
21	387153	41	6
21	387153	42	3.25
21	387153	43	3.75
21	387153	44	0
21	387153	45	2.4
21	387153	46	3.5
21	387153	47	3.4
21	387153	48	5.6666666666667
21	387153	49	6
21	387153	50	3.2
21	387153	51	6
21	387153	52	3
21	387153	53	3.4
21	387153	54	5.75
21	387153	55	5.6666666666667
21	387153	56	2.3333333333333
21	387153	57	4.5
21	387153	58	4
21	387153	59	4.5
21	387153	60	0
21	387153	61	4.5
21	387153	62	3
21	387153	63	6
21	387153	64	6
21	387153	65	3
21	387153	66	6
21	387153	67	3.5
21	387153	68	0
21	387153	69	4
21	387153	70	0
21	387153	71	2.8
21	387153	72	4.5
21	387153	73	0
21	387153	74	4.5
21	387153	75	6
21	387153	76	6
21	387153	77	2.8
21	387153	78	1
21	387153	79	6
21	387153	80	4
21	387153	81	0
21	387153	82	1.25
21	387153	83	3.5
21	387153	84	5.5
21	387153	85	5.6666666666667
21	387153	86	3
21	387153	87	1
21	387153	88	6
21	387153	89	0
21	387153	90	6
21	387153	91	5.75
21	387153	92	6
21	387153	93	4.5
21	387153	94	0
21	387153	95	0
21	387153	96	3.5
21	387153	97	3.5
21	387153	98	3
21	387153	99	0
21	387153	100	6
21	387153	101	2.8
21	387153	102	5.5
21	387153	103	6
21	387153	104	0
21	387153	105	6
21	387153	106	6
21	387153	107	3
21	387153	108	2.3333333333333
21	387153	109	4.6
21	387153	110	4
21	387153	111	4
21	387153	112	3
21	387153	113	6
21	387153	114	6
21	387153	115	6
21	387153	116	2
21	387153	117	6
21	387153	118	4.8
21	387153	119	6
21	387153	120	5
21	387153	121	5.5
21	387153	122	6
21	387153	123	0
21	387153	124	5
21	387153	125	0
21	387153	126	5
21	387153	127	0
21	387153	128	3.6666666666667
21	387153	129	0
21	387153	130	0
21	387153	131	4
21	387153	132	6
21	387153	133	1
21	387153	134	0
21	387153	135	6
21	387153	136	6
21	387153	137	0
21	387153	138	6
21	387153	139	3
21	387153	140	6
21	387153	141	1
21	387153	142	0
21	387153	143	6
21	387153	144	6
21	387153	145	0
21	387153	146	0
21	387153	147	0
21	387153	148	6
21	387153	149	0
21	387153	150	3.5
21	387153	151	6
21	387153	152	6
21	387153	153	6
21	387153	154	4.6666666666667
21	387153	155	5
21	387153	156	0
21	387153	157	6
21	387153	158	6
21	387153	159	0
21	387153	160	4.6666666666667
21	387153	161	6
21	387153	162	3.5
21	387153	163	3.5
21	387153	164	6
21	387153	165	2.4
21	387153	166	0
21	387153	167	6
21	387153	168	6
21	387153	169	0
21	387153	170	0
21	387153	171	6
21	387153	172	0
21	387153	173	6
21	387153	174	0
21	387153	175	6
21	387153	176	6
21	387153	177	1
21	387153	178	0
21	387153	179	3.5
21	387153	180	0
21	387153	181	6
21	387153	182	0
21	387153	183	4
21	387153	184	6
21	387153	185	0
21	387153	186	3
21	387153	187	6
21	387153	188	6
21	387153	189	6
21	387153	190	6
21	387153	191	0
21	387153	192	0
21	387153	193	6
21	387153	194	6
21	387153	195	0
21	387153	196	0
21	387153	197	1
21	387153	198	6
21	387153	199	0
21	387153	200	6
21	387153	201	0
21	387153	202	0
21	387153	203	6
21	387153	204	6
21	387153	205	6
21	387153	206	6
21	387153	207	0
21	387153	208	6
21	387153	209	6
21	387153	210	0
21	387153	211	6
21	387153	212	6
21	387153	213	6
21	387153	214	0
21	387153	215	5
21	387153	216	0
21	387153	217	0
21	387153	218	6
21	387153	219	0
21	387153	220	0
21	387153	221	6
21	387153	222	0
21	387153	223	6
21	387153	224	4.5
21	387153	225	6
21	387153	226	4.3333333333333
21	387153	227	6
21	387153	228	6
21	387153	229	6
21	387153	230	0
21	387153	231	5.5
21	387153	232	6
21	387153	233	0
21	387153	234	0
21	387153	235	0
21	387153	236	6
21	387153	237	6
21	387153	238	6
